open_time,open,high,low,close,volume,close_time,quote_volume,count,taker_buy_volume,taker_buy_quote_volume,ignore
1638316800000,4631.43,4633.00,4603.20,4625.23,14878.423,1638317099999,68670580.67666,19686,7564.485,34921927.53748,0
1638317100000,4625.24,4671.49,4622.02,4661.80,18232.822,1638317399999,84874107.82702,21019,10598.814,49346607.55415,0
1638317400000,4661.53,4694.67,4658.64,4666.09,24114.208,1638317699999,112858404.32878,27784,11452.550,53609166.38313,0
1638317700000,4666.09,4702.84,4666.09,4699.78,10852.273,1638317999999,50838015.15844,16133,6948.849,32559815.25554,0
1638318000000,4700.40,4707.00,4685.41,4705.55,13268.443,1638318299999,62348330.66783,18704,7303.935,34326358.33286,0
1638318300000,4705.55,4716.90,4693.67,4713.35,8259.323,1638318599999,38871039.22857,14477,4802.361,22609376.22038,0
1638318600000,4713.35,4729.00,4698.12,4698.54,18487.981,1638318899999,87172764.23209,25390,9259.580,43671171.35255,0
1638318900000,4698.55,4706.20,4691.05,4706.20,8410.396,1638319199999,39499287.00162,11805,3336.627,15672205.86397,0
1638319200000,4706.19,4715.01,4702.94,4703.24,3880.863,1638319499999,18271936.89842,7521,1872.426,8816205.70550,0
1638319500000,4703.23,4722.66,4700.40,4719.58,4573.846,1638319799999,21564416.39571,9028,2671.362,12597526.37921,0
1638319800000,4719.42,4736.66,4713.11,4726.06,9926.588,1638320099999,46926258.63282,14822,6051.695,28611150.65960,0
1638320100000,4726.06,4732.64,4717.19,4726.90,5179.071,1638320399999,24464983.19390,9295,2260.006,10677971.17405,0
1638320400000,4726.49,4727.50,4709.95,4713.73,6806.809,1638320699999,32099048.62900,10838,2451.387,11562239.69098,0
1638320700000,4713.72,4717.39,4704.52,4710.24,5301.811,1638320999999,24968896.34002,7818,1700.645,8010984.04934,0
1638321000000,4710.25,4710.25,4696.34,4703.78,5000.620,1638321299999,23512288.52724,8404,1828.984,8600241.13994,0
1638321300000,4703.78,4705.00,4688.55,4689.64,5144.133,1638321599999,24152333.03386,8213,1940.620,9112129.10474,0
1638321600000,4689.65,4698.48,4687.95,4692.25,2451.392,1638321899999,11503544.33960,4767,1459.803,6850642.50769,0
1638321900000,4692.25,4695.11,4682.01,4692.85,3751.459,1638322199999,17581272.04726,6483,1500.518,7032844.69292,0
1638322200000,4692.85,4710.82,4689.85,4707.79,6512.311,1638322499999,30623834.49494,8966,4027.860,18939932.86880,0
1638322500000,4707.78,4710.94,4692.99,4693.00,2750.627,1638322799999,12939668.72180,4974,984.264,4631500.62895,0
1638322800000,4693.00,4701.20,4684.81,4700.01,4480.354,1638323099999,21009036.10480,6915,2571.507,12059352.47175,0
1638323100000,4700.14,4715.56,4692.00,4713.13,6042.758,1638323399999,28447910.14070,8096,3074.497,14475781.57407,0
1638323400000,4713.12,4713.12,4695.17,4698.97,2927.254,1638323699999,13771194.59039,5691,1213.132,5707386.33993,0
1638323700000,4698.97,4710.00,4692.37,4692.72,3056.894,1638323999999,14371455.62304,5608,1369.179,6438975.44693,0
1638324000000,4693.08,4703.70,4692.39,4695.87,2955.299,1638324299999,13880148.60219,5300,1541.974,7241675.37930,0
1638324300000,4695.87,4706.84,4689.77,4689.77,3466.980,1638324599999,16289392.22147,6283,1542.011,7245822.48274,0
1638324600000,4689.77,4692.97,4661.49,4677.71,15893.206,1638324899999,74317986.62591,17139,4900.447,22916835.58632,0
1638324900000,4677.72,4688.31,4672.20,4675.17,3513.162,1638325199999,16439142.49435,6786,1765.510,8262057.22834,0
1638325200000,4675.16,4679.35,4670.00,4676.05,2589.627,1638325499999,12104200.44396,4809,864.680,4041997.54131,0
1638325500000,4676.33,4682.96,4675.12,4681.89,2819.558,1638325799999,13193043.48020,4694,1408.607,6591514.32273,0
1638325800000,4681.90,4693.96,4681.05,4691.62,2796.989,1638326099999,13115143.88020,6229,1830.304,8581640.70777,0
1638326100000,4691.61,4701.08,4690.81,4697.12,4482.968,1638326399999,21056763.00074,7921,2647.246,12434724.84633,0
1638326400000,4697.13,4720.22,4695.00,4714.39,7808.182,1638326699999,36793044.07754,9821,5330.587,25121541.37629,0
1638326700000,4714.39,4753.80,4712.53,4748.86,14590.466,1638326999999,69058644.23423,19656,8383.618,39681790.22765,0
1638327000000,4748.54,4748.54,4732.81,4742.06,10705.348,1638327299999,50762310.22251,14368,5844.104,27712765.87235,0
1638327300000,4742.06,4754.92,4735.80,4752.78,7190.883,1638327599999,34134212.86731,10432,4045.006,19201044.26149,0
1638327600000,4752.78,4763.00,4746.76,4749.97,11007.131,1638327899999,52338962.28968,18363,5742.326,27313201.78982,0
1638327900000,4749.96,4775.27,4748.40,4761.13,16543.920,1638328199999,78802055.48698,20458,9856.809,46946404.79344,0
1638328200000,4760.91,4761.67,4747.59,4752.34,7496.299,1638328499999,35628476.58526,10334,2335.070,11099168.74601,0
1638328500000,4752.02,4761.24,4747.16,4757.96,7481.887,1638328799999,35560687.46647,9469,2897.874,13776854.99843,0
1638328800000,4757.95,4763.35,4738.00,4744.08,13821.664,1638329099999,65699150.51790,14120,6667.806,31698483.71147,0
1638329100000,4744.36,4748.81,4736.80,4737.83,6714.721,1638329399999,31851555.14729,7915,2386.515,11320202.63654,0
1638329400000,4737.83,4740.30,4726.04,4730.56,9268.828,1638329699999,43883310.27683,10112,4579.258,21679063.05162,0
1638329700000,4730.56,4747.88,4720.28,4747.58,12119.392,1638329999999,57351449.96583,13699,6564.917,31078132.20099,0
1638330000000,4747.58,4755.00,4732.59,4734.02,11939.312,1638330299999,56664243.68310,11748,6867.490,32594221.55197,0
1638330300000,4733.36,4741.25,4726.61,4739.16,5127.807,1638330599999,24263421.30835,8993,2755.527,13039565.74996,0
1638330600000,4739.16,4750.99,4737.30,4742.23,2479.194,1638330899999,11761413.86779,6554,1289.869,6119423.35624,0
1638330900000,4741.95,4762.78,4739.85,4760.67,4364.236,1638331199999,20742974.08590,9160,2746.113,13053816.62123,0
1638331200000,4760.66,4765.14,4738.02,4740.16,10152.589,1638331499999,48236860.55099,14578,4401.662,20922345.20410,0
1638331500000,4740.00,4748.82,4738.06,4742.26,2301.702,1638331799999,10918516.59070,5831,1132.711,5373124.10545,0
1638331800000,4742.00,4756.14,4740.99,4746.82,2500.192,1638332099999,11875866.69887,5698,1145.942,5443748.71266,0
1638332100000,4746.84,4748.99,4735.00,4741.33,3618.325,1638332399999,17154228.91514,6823,1443.009,6840699.54243,0
1638332400000,4741.33,4741.37,4727.91,4735.65,2809.309,1638332699999,13296908.03010,5970,1386.048,6560310.25777,0
1638332700000,4735.32,4735.33,4725.00,4730.26,1964.494,1638332999999,9293399.87824,4500,893.583,4227215.52633,0
1638333000000,4730.25,4741.70,4728.27,4729.14,3376.216,1638333299999,15981672.07405,5757,1690.504,8001505.74451,0
1638333300000,4729.14,4741.03,4729.14,4740.94,1999.562,1638333599999,9469082.63497,4537,1078.058,5105106.64607,0
1638333600000,4740.94,4746.26,4730.00,4731.23,2931.829,1638333899999,13888365.45587,5099,1079.247,5113917.32552,0
1638333900000,4731.46,4731.46,4715.00,4722.15,7532.485,1638334199999,35566691.22361,10911,2925.264,13812416.00414,0
1638334200000,4722.15,4736.16,4721.43,4732.99,2703.317,1638334499999,12786348.89939,5827,1395.305,6599365.98622,0
1638334500000,4732.99,4737.75,4727.29,4729.29,2019.915,1638334799999,9559758.92802,5081,815.178,3858395.00443,0
1638334800000,4729.43,4739.00,4715.00,4721.00,4598.383,1638335099999,21717338.27978,8326,1518.772,7172930.88051,0
1638335100000,4720.57,4722.81,4707.13,4716.16,5112.593,1638335399999,24094546.99176,9028,2351.686,11083441.37477,0
1638335400000,4716.17,4722.37,4707.26,4710.00,4830.175,1638335699999,22773931.60860,7632,1433.741,6763009.03563,0
1638335700000,4710.05,4716.61,4703.55,4704.86,3494.160,1638335999999,16453755.58074,8025,1330.579,6266751.10891,0
1638336000000,4704.96,4718.48,4700.00,4712.82,5809.610,1638336299999,27356416.14467,10219,2890.187,13610627.56312,0
1638336300000,4712.82,4716.08,4707.85,4712.84,2110.853,1638336599999,9946816.77769,5576,1099.545,5182006.10515,0
1638336600000,4712.63,4715.24,4705.01,4714.42,2499.964,1638336899999,11774562.85947,6671,1252.146,5898098.24788,0
1638336900000,4714.72,4728.11,4711.52,4725.09,3694.364,1638337199999,17441301.07625,7481,2148.017,10141684.94507,0
1638337200000,4725.09,4736.82,4725.07,4734.30,6142.527,1638337499999,29062706.38601,9029,4122.390,19505625.13831,0
1638337500000,4734.30,4737.03,4715.26,4717.52,3153.073,1638337799999,14898247.67804,6451,1458.541,6892088.57842,0
1638337800000,4717.45,4718.90,4708.41,4718.90,2704.217,1638338099999,12745524.85487,6133,1448.758,6828690.47671,0
1638338100000,4718.89,4718.89,4700.00,4704.05,5276.887,1638338399999,24833844.85696,8595,1734.263,8162142.97675,0
1638338400000,4704.26,4711.97,4684.31,4696.81,11758.193,1638338699999,55213611.19478,14150,4027.752,18922526.87021,0
1638338700000,4696.66,4704.96,4688.05,4704.95,5179.353,1638338999999,24316536.12821,8239,2750.598,12915932.00655,0
1638339000000,4704.95,4728.37,4704.95,4723.66,8393.536,1638339299999,39618476.67841,11470,6214.386,29334640.46182,0
1638339300000,4723.67,4734.71,4711.84,4733.94,5396.839,1638339599999,25493624.55535,9065,2725.021,12875031.54591,0
1638339600000,4733.94,4740.00,4723.03,4727.46,4032.560,1638339899999,19078117.10182,8139,2123.694,10049041.69855,0
1638339900000,4727.45,4742.47,4725.46,4728.15,5048.443,1638340199999,23907616.41083,8402,2571.977,12182176.95778,0
1638340200000,4728.15,4730.44,4717.44,4720.70,2558.213,1638340499999,12083169.83811,5899,1047.055,4946218.27830,0
1638340500000,4720.71,4740.00,4719.78,4737.63,2841.503,1638340799999,13452059.32146,6508,1827.783,8652501.32775,0
1638340800000,4737.63,4740.00,4731.16,4734.99,1970.887,1638341099999,9333483.57726,4718,882.827,4181300.68734,0
1638341100000,4734.99,4747.00,4733.08,4746.37,4256.524,1638341399999,20186788.51855,7106,3007.795,14265732.79397,0
1638341400000,4746.38,4748.65,4727.00,4729.25,4273.084,1638341699999,20251621.91528,7419,1304.970,6185672.00828,0
1638341700000,4729.49,4740.63,4728.52,4728.98,1739.481,1638341999999,8232930.70929,4550,720.445,3409951.64180,0
1638342000000,4728.98,4733.12,4717.17,4721.51,4317.804,1638342299999,20393388.25792,7705,1590.148,7510619.39131,0
1638342300000,4721.51,4755.30,4719.74,4749.01,7379.593,1638342599999,34994910.75622,11193,5128.680,24320848.69473,0
1638342600000,4749.01,4762.80,4743.52,4754.58,7645.358,1638342899999,36347829.01250,11786,3733.694,17753560.25608,0
1638342900000,4754.59,4776.06,4752.09,4757.96,11104.476,1638343199999,52899241.19908,17468,5987.915,28528894.02086,0
1638343200000,4757.95,4762.54,4748.00,4749.51,5408.055,1638343499999,25707134.63568,9543,2416.536,11487629.52219,0
1638343500000,4749.52,4753.88,4742.64,4753.19,3301.415,1638343799999,15672426.33866,7144,1641.775,7794497.26675,0
1638343800000,4753.06,4770.65,4747.49,4764.13,5485.903,1638344099999,26136386.82446,10106,3095.838,14751121.75687,0
1638344100000,4764.12,4765.69,4755.79,4757.45,2692.879,1638344399999,12820881.85389,6385,1039.579,4949067.43755,0
1638344400000,4757.22,4770.90,4752.13,4768.25,4656.229,1638344699999,22171554.84404,7404,2927.803,13942017.61265,0
1638344700000,4768.18,4783.19,4766.13,4768.64,10911.364,1638344999999,52109683.68294,17815,6381.937,30481168.37291,0
1638345000000,4768.63,4772.52,4758.28,4761.51,6856.278,1638345299999,32665425.45292,10193,2860.968,13632349.65877,0
1638345300000,4761.51,4771.02,4759.76,4768.44,3125.551,1638345599999,14891557.86152,6607,1577.428,7515518.60464,0
1638345600000,4768.47,4772.72,4749.50,4753.13,7085.753,1638345899999,33723354.60735,12479,2852.538,13580025.95958,0
1638345900000,4753.40,4754.11,4735.08,4735.99,6274.726,1638346199999,29769332.47765,11283,2195.249,10417589.28762,0
1638346200000,4736.08,4738.47,4725.76,4734.14,11854.604,1638346499999,56084839.61144,13363,6360.075,30087590.46056,0
1638346500000,4734.13,4760.00,4727.94,4751.57,11895.082,1638346799999,56436598.81948,18098,6447.795,30587342.63757,0
1638346800000,4751.57,4763.60,4741.00,4756.19,8543.473,1638347099999,40611774.95678,12488,4020.493,19116016.01537,0
1638347100000,4756.29,4761.20,4741.69,4750.45,4948.200,1638347399999,23510210.99008,9455,2730.815,12976667.23240,0
1638347400000,4750.45,4769.38,4745.20,4765.77,5813.128,1638347699999,27669799.93917,11086,3164.279,15062944.27533,0
1638347700000,4765.77,4769.99,4744.34,4747.79,5972.865,1638347999999,28403397.01220,10076,2031.602,9664569.68757,0
1638348000000,4747.79,4751.22,4715.00,4716.38,15230.723,1638348299999,72030668.12689,18136,5833.530,27595821.71179,0
1638348300000,4716.29,4729.86,4694.04,4700.46,16781.554,1638348599999,78985712.11072,22444,7328.913,34502249.30454,0
1638348600000,4700.45,4732.00,4698.99,4714.00,12062.581,1638348899999,56883096.81273,18348,6603.332,31132880.01285,0
1638348900000,4714.01,4714.35,4694.03,4707.73,7939.991,1638349199999,37334223.73567,13082,3279.767,15420833.03607,0
1638349200000,4707.73,4708.08,4682.33,4698.27,15682.183,1638349499999,73584941.38630,19275,6505.609,30532106.88185,0
1638349500000,4698.26,4700.00,4684.00,4699.98,6956.934,1638349799999,32642721.72034,10166,3598.007,16885392.58180,0
1638349800000,4699.98,4717.60,4698.11,4716.59,6937.536,1638350099999,32680119.07719,11502,4634.657,21831219.86956,0
1638350100000,4716.59,4729.86,4715.96,4728.99,9039.469,1638350399999,42703036.41775,12545,5279.560,24941485.16726,0
1638350400000,4728.99,4730.00,4709.62,4712.60,4047.637,1638350699999,19105869.63490,9036,1509.368,7127395.76357,0
1638350700000,4712.01,4722.85,4708.00,4719.19,3081.008,1638350999999,14531207.64070,7003,1771.440,8354206.88614,0
1638351000000,4719.20,4723.87,4710.71,4717.44,2352.265,1638351299999,11096585.20514,6674,1095.724,5169409.15773,0
1638351300000,4717.43,4740.99,4716.27,4734.46,6915.514,1638351599999,32733864.95510,11259,5055.635,23933696.82523,0
1638351600000,4734.70,4736.86,4727.41,4733.13,2963.872,1638351899999,14025079.84728,6142,1281.347,6063454.20070,0
1638351900000,4733.13,4743.00,4724.00,4731.67,3865.517,1638352199999,18295970.52886,7827,2060.316,9751586.51237,0
1638352200000,4731.67,4741.21,4724.60,4738.80,2390.689,1638352499999,11317000.44827,5516,1271.595,6019444.88323,0
1638352500000,4738.80,4750.00,4737.45,4740.24,3665.177,1638352799999,17386710.09721,8065,2138.296,10144387.39299,0
1638352800000,4740.23,4750.57,4736.45,4748.34,3755.189,1638353099999,17816883.17395,7255,1885.197,8945437.72407,0
1638353100000,4748.34,4750.00,4727.24,4732.00,4360.676,1638353399999,20664589.33399,7979,1439.066,6821696.90281,0
1638353400000,4732.00,4735.00,4726.39,4730.29,1866.410,1638353699999,8828243.39219,5380,810.228,3832955.86484,0
1638353700000,4730.29,4739.84,4722.10,4733.27,3158.598,1638353999999,14937061.38569,7198,1768.755,8364668.38243,0
1638354000000,4733.28,4733.83,4721.92,4731.65,2042.165,1638354299999,9653123.08469,5082,804.867,3805080.75624,0
1638354300000,4731.66,4732.38,4720.48,4723.81,1234.744,1638354599999,5835579.78658,4464,527.095,2490919.90123,0
1638354600000,4723.80,4727.69,4706.00,4711.81,5209.683,1638354899999,24570890.17483,9078,1795.510,8467213.42356,0
1638354900000,4711.81,4715.00,4701.00,4708.36,6999.263,1638355199999,32944114.13593,9785,3187.909,15004912.67754,0
1638355200000,4708.35,4717.38,4705.27,4713.12,2578.973,1638355499999,12153734.39866,5356,1365.941,6437408.31773,0
1638355500000,4713.12,4725.30,4703.30,4725.30,3663.048,1638355799999,17278636.99505,7418,2053.042,9686369.23691,0
1638355800000,4725.30,4726.74,4715.52,4715.56,2179.821,1638356099999,10290473.86762,5578,905.120,4273737.04673,0
1638356100000,4715.56,4728.00,4711.11,4722.23,2120.080,1638356399999,10006034.70450,5040,1071.634,5058478.37374,0
1638356400000,4722.24,4726.00,4712.00,4720.65,3323.175,1638356699999,15682957.31198,6257,2081.715,9824311.15251,0
1638356700000,4720.65,4731.86,4720.65,4728.00,2221.887,1638356999999,10502872.25743,4916,1221.552,5774171.24977,0
1638357000000,4728.01,4732.12,4721.05,4727.76,1858.313,1638357299999,8783842.78935,4800,708.909,3350710.70784,0
1638357300000,4727.75,4728.55,4706.29,4712.31,4265.228,1638357599999,20097982.94216,8563,1844.940,8692180.61189,0
1638357600000,4712.31,4712.62,4700.00,4704.31,4647.695,1638357899999,21875846.95432,7253,1383.251,6511358.17695,0
1638357900000,4704.46,4706.09,4692.26,4694.82,6551.462,1638358199999,30776196.22562,12584,2960.953,13909709.33845,0
1638358200000,4694.83,4708.30,4693.38,4708.30,4504.226,1638358499999,21176275.26702,8537,2925.467,13754634.57363,0
1638358500000,4708.29,4717.86,4694.16,4695.10,4860.582,1638358799999,22862627.69026,8787,2174.073,10230438.31181,0
1638358800000,4695.10,4699.97,4691.64,4699.67,3154.329,1638359099999,14809480.65893,6308,1545.757,7257969.95725,0
1638359100000,4699.66,4703.39,4691.43,4696.93,3765.110,1638359399999,17685501.79498,7406,2245.500,10549149.14165,0
1638359400000,4696.92,4696.92,4652.59,4667.79,29806.062,1638359699999,139172710.89668,34589,11774.466,54948576.57712,0
1638359700000,4667.80,4683.47,4660.00,4676.96,13941.220,1638359999999,65134193.96215,19900,7462.891,34867806.41405,0
1638360000000,4676.88,4693.09,4674.40,4681.68,7568.019,1638360299999,35452949.18357,12970,4181.800,19591500.37689,0
1638360300000,4681.69,4700.00,4681.23,4693.18,7481.588,1638360599999,35106856.79903,11700,4109.502,19285509.04330,0
1638360600000,4693.18,4726.58,4693.18,4709.57,15316.598,1638360899999,72173289.91675,19395,9812.137,46237793.49501,0
1638360900000,4709.56,4717.40,4696.00,4699.37,8226.364,1638361199999,38698837.54578,11952,3133.696,14746580.95249,0
1638361200000,4699.36,4707.95,4698.00,4701.32,3673.479,1638361499999,17278553.79714,6707,1920.680,9033944.39145,0
1638361500000,4701.32,4712.00,4697.21,4703.45,3048.831,1638361799999,14348686.03665,6675,1786.650,8408613.93163,0
1638361800000,4703.45,4712.00,4698.76,4699.36,3770.871,1638362099999,17744140.68067,6632,1798.482,8465155.09601,0
1638362100000,4699.15,4702.87,4689.82,4695.70,4206.788,1638362399999,19751892.44042,7402,2070.390,9720321.86030,0
1638362400000,4695.70,4698.99,4674.00,4682.97,6960.886,1638362699999,32614150.77773,10894,2965.519,13893878.63507,0
1638362700000,4682.97,4686.61,4667.84,4679.19,9680.927,1638362999999,45283559.15295,11177,4738.750,22164033.14129,0
1638363000000,4679.19,4683.47,4670.00,4671.93,3759.471,1638363299999,17582300.17668,6768,1790.065,8372644.83305,0
1638363300000,4671.93,4679.28,4658.50,4670.42,9012.513,1638363599999,42067653.63510,12169,4471.784,20876333.43527,0
1638363600000,4669.99,4686.94,4665.40,4683.88,7574.098,1638363899999,35444229.98009,11577,4799.595,22462866.33402,0
1638363900000,4683.88,4686.40,4671.78,4676.93,2992.749,1638364199999,14002777.07601,7431,1169.520,5472194.06069,0
1638364200000,4676.92,4694.35,4674.69,4689.58,5099.346,1638364499999,23902674.26177,9922,3191.793,14959897.03114,0
1638364500000,4689.57,4699.90,4688.25,4692.83,3949.644,1638364799999,18538848.02949,7669,2152.189,10102547.28413,0
1638364800000,4692.83,4698.49,4686.56,4686.58,2761.573,1638365099999,12960339.65035,6236,1101.073,5168460.39827,0
1638365100000,4686.58,4703.48,4686.58,4690.01,4295.262,1638365399999,20166574.99398,7990,2662.469,12501889.88450,0
1638365400000,4690.19,4713.24,4689.74,4712.56,9337.957,1638365699999,43930930.18824,12848,6104.252,28719538.16173,0
1638365700000,4712.57,4720.00,4703.64,4719.77,8576.067,1638365999999,40398011.53246,12233,4580.051,21576417.73022,0
1638366000000,4719.78,4723.21,4702.57,4704.13,5907.380,1638366299999,27835414.49998,10971,2709.944,12770015.74263,0
1638366300000,4704.13,4704.15,4680.00,4691.16,9487.136,1638366599999,44478771.51201,14442,3535.180,16574627.91929,0
1638366600000,4691.16,4701.00,4680.05,4687.02,5093.291,1638366899999,23884841.28510,9322,2539.277,11909325.95553,0
1638366900000,4686.86,4692.75,4678.72,4681.39,3336.654,1638367199999,15631620.41776,7591,1538.710,7210632.32566,0
1638367200000,4681.39,4694.60,4679.00,4691.03,5358.822,1638367499999,25115033.20395,9210,3227.556,15128333.77686,0
1638367500000,4691.03,4705.00,4682.64,4704.38,7795.192,1638367799999,36610934.21477,11270,5179.209,24327804.51744,0
1638367800000,4704.38,4712.49,4691.79,4706.13,6336.928,1638368099999,29799168.91827,9659,3457.959,16264834.06818,0
1638368100000,4706.12,4721.56,4700.04,4721.56,8904.966,1638368399999,41946600.16263,13465,5179.795,24405029.67286,0
1638368400000,4721.55,4728.21,4713.52,4725.46,14650.398,1638368699999,69152335.16676,16531,7439.051,35115983.15667,0
1638368700000,4725.46,4750.00,4723.80,4744.80,15688.104,1638368999999,74345914.02261,21931,8640.228,40945598.71782,0
1638369000000,4745.06,4747.66,4732.49,4747.63,10740.072,1638369299999,50896880.75094,16640,3881.699,18398679.53173,0
1638369300000,4747.62,4762.81,4742.03,4755.98,15617.471,1638369599999,74239312.92289,20871,9039.066,42968342.60787,0
1638369600000,4755.29,4756.65,4739.03,4754.45,7106.830,1638369899999,33733349.86777,12974,2997.592,14228814.38006,0
1638369900000,4754.44,4760.35,4736.98,4737.00,7726.909,1638370199999,36696752.93830,13512,3553.175,16881076.59228,0
1638370200000,4737.49,4745.00,4730.22,4740.42,5569.557,1638370499999,26385516.72044,10240,2408.904,11413647.50983,0
1638370500000,4740.43,4747.36,4736.61,4742.34,3741.025,1638370799999,17742394.03411,7309,1958.638,9289383.40154,0
1638370800000,4742.34,4765.00,4742.34,4743.98,12377.314,1638371099999,58860195.41805,17308,6965.255,33121989.00333,0
1638371100000,4743.98,4765.00,4743.61,4748.84,5994.708,1638371399999,28499670.67406,10602,3314.413,15759560.49166,0
1638371400000,4748.85,4752.21,4731.41,4739.95,5860.856,1638371699999,27788909.99304,10602,2181.288,10342459.75238,0
1638371700000,4740.20,4741.58,4725.63,4727.80,5647.256,1638371999999,26732547.63835,9527,2235.325,10583613.57584,0
1638372000000,4727.66,4738.53,4721.34,4728.63,4872.154,1638372299999,23042988.86382,9025,2305.861,10907502.54440,0
1638372300000,4728.64,4740.99,4727.91,4729.31,3215.365,1638372599999,15225551.46334,6985,1603.866,7595073.49862,0
1638372600000,4729.31,4746.35,4729.31,4737.74,3737.356,1638372899999,17713397.64505,7480,2215.723,10501673.53447,0
1638372900000,4737.73,4743.54,4720.01,4720.36,5579.529,1638373199999,26394374.96463,9237,2124.561,10051131.95848,0
1638373200000,4720.35,4729.77,4713.70,4723.37,5152.017,1638373499999,24323580.85090,9803,2197.185,10374988.05265,0
1638373500000,4723.51,4732.01,4720.89,4728.28,2339.940,1638373799999,11061893.75644,5595,1217.829,5757801.36674,0
1638373800000,4728.28,4735.22,4722.28,4729.32,2957.800,1638374099999,13986849.23066,5531,1373.310,6495697.51229,0
1638374100000,4729.33,4733.06,4721.30,4728.93,2920.280,1638374399999,13803691.61264,5901,1590.127,7517263.87391,0
1638374400000,4728.44,4737.24,4725.35,4731.00,4598.695,1638374699999,21765329.08641,7394,2663.304,12606240.65429,0
1638374700000,4730.99,4748.00,4726.11,4744.00,6187.122,1638374999999,29336867.64202,9559,3586.293,17003186.89078,0
1638375000000,4743.77,4753.30,4739.67,4749.36,5113.973,1638375299999,24282549.22498,9212,2897.100,13758385.04280,0
1638375300000,4749.35,4761.35,4744.26,4752.11,9676.158,1638375599999,46013353.48026,12564,6004.417,28552282.69317,0
1638375600000,4752.11,4752.11,4736.53,4740.17,6087.094,1638375899999,28871081.32640,8440,2483.197,11777895.66264,0
1638375900000,4740.17,4743.37,4730.40,4736.75,3737.168,1638376199999,17705139.76419,7238,1484.487,7033311.61878,0
1638376200000,4736.76,4740.00,4718.72,4720.22,4963.885,1638376499999,23462054.05580,8511,1764.761,8343759.93742,0
1638376500000,4720.35,4730.00,4718.17,4720.28,4098.350,1638376799999,19359582.09934,6440,1852.654,8752504.06823,0
1638376800000,4720.21,4727.74,4718.97,4721.87,2309.480,1638377099999,10908029.74340,4493,1109.940,5242267.76771,0
1638377100000,4721.88,4723.69,4712.06,4717.10,3737.246,1638377399999,17628586.23210,7091,1365.008,6439189.93688,0
1638377400000,4716.87,4725.10,4701.00,4702.69,5677.522,1638377699999,26755113.10919,8988,2172.265,10243268.74254,0
1638377700000,4702.69,4708.52,4694.85,4699.82,7851.912,1638377999999,36914130.86973,12140,3874.779,18219896.86912,0
1638378000000,4699.82,4707.35,4694.66,4707.05,5748.997,1638378299999,27032105.11525,8193,2946.029,13854361.16514,0
1638378300000,4707.04,4708.00,4693.00,4697.97,3946.369,1638378599999,18544663.56557,6759,2026.979,9527653.42973,0
1638378600000,4697.97,4702.66,4693.99,4699.88,3850.345,1638378899999,18091329.56589,6480,2441.527,11472608.94429,0
1638378900000,4699.88,4709.78,4697.24,4702.62,4688.734,1638379199999,22059953.34135,6586,2343.209,11025578.41585,0
1638379200000,4702.62,4706.35,4691.31,4691.32,3355.089,1638379499999,15759933.75165,6322,1439.446,6763313.90116,0
1638379500000,4691.32,4700.19,4685.89,4687.43,5332.479,1638379799999,25012888.57251,7926,1987.764,9325934.63579,0
1638379800000,4687.44,4702.16,4685.77,4700.08,4412.835,1638380099999,20706465.16157,7226,2511.248,11785573.95619,0
1638380100000,4700.08,4700.72,4690.19,4692.73,2375.775,1638380399999,11154945.00830,5150,832.742,3910047.50519,0
1638380400000,4692.74,4699.05,4687.76,4689.18,2924.126,1638380699999,13725668.53528,4789,1166.594,5476682.25875,0
1638380700000,4688.87,4711.29,4686.50,4702.02,4756.333,1638380999999,22359015.99538,7965,2711.226,12748516.43195,0
1638381000000,4702.01,4702.02,4680.00,4681.08,5308.556,1638381299999,24883794.10943,9197,1998.837,9369774.60812,0
1638381300000,4681.25,4688.25,4673.57,4675.79,5568.388,1638381599999,26063689.89811,9970,2151.545,10072789.02146,0
1638381600000,4675.79,4691.52,4673.76,4684.06,3866.005,1638381899999,18110867.92398,8164,2074.108,9716516.17223,0
1638381900000,4684.29,4693.89,4675.51,4680.08,5730.274,1638382199999,26843410.84495,9152,2579.906,12084914.63366,0
1638382200000,4680.48,4685.76,4673.18,4677.56,4030.420,1638382499999,18855431.21017,7220,1914.163,8955950.05859,0
1638382500000,4677.56,4688.00,4670.02,4671.58,4837.973,1638382799999,22641797.81731,8018,2460.559,11517798.23123,0
1638382800000,4671.58,4685.00,4670.00,4684.02,4048.954,1638383099999,18933811.24761,6675,2045.220,9566062.49170,0
1638383100000,4684.02,4689.97,4679.79,4679.79,2616.463,1638383399999,12260086.38889,5171,1208.356,5662248.19022,0
1638383400000,4679.78,4692.76,4677.40,4682.34,3049.720,1638383699999,14289942.88057,5915,1711.582,8021372.26601,0
1638383700000,4682.34,4686.00,4680.04,4681.85,1386.770,1638383999999,6493990.34701,3534,810.796,3796632.69903,0
1638384000000,4681.85,4686.41,4674.08,4680.90,3434.212,1638384299999,16067130.64048,6119,1454.959,6807564.51028,0
1638384300000,4680.89,4680.90,4661.10,4663.35,5468.223,1638384599999,25519869.58564,9629,1826.163,8524154.55355,0
1638384600000,4663.49,4669.05,4641.00,4652.89,15079.011,1638384899999,70176146.38772,18469,6228.937,28995378.03102,0
1638384900000,4652.89,4662.76,4645.03,4650.50,7043.315,1638385199999,32773905.27697,10262,2640.853,12290772.75957,0
1638385200000,4650.50,4658.69,4645.86,4649.62,3535.026,1638385499999,16443700.42360,7771,1760.574,8190089.94578,0
1638385500000,4649.63,4654.88,4628.00,4635.00,16802.103,1638385799999,77911138.92865,18143,5947.963,27580916.44673,0
1638385800000,4635.00,4636.00,4610.00,4613.39,13381.359,1638386099999,61810944.85546,19848,6202.107,28646718.35658,0
1638386100000,4613.39,4618.32,4600.00,4614.00,11149.715,1638386399999,51377431.63146,17913,5347.178,24646306.67385,0
1638386400000,4614.00,4640.41,4613.40,4640.41,9961.349,1638386699999,46060570.33029,14508,6737.912,31161090.02011,0
1638386700000,4640.41,4658.30,4638.06,4657.55,12913.485,1638386999999,60011172.65680,15354,7979.630,37084143.04548,0
1638387000000,4657.55,4673.17,4645.30,4655.80,9535.308,1638387299999,44434400.56459,13335,5265.916,24543106.26876,0
1638387300000,4655.80,4669.51,4650.65,4665.35,7385.455,1638387599999,34434760.26655,10827,3919.657,18275455.45895,0
1638387600000,4665.32,4669.04,4656.08,4659.75,3091.025,1638387899999,14408691.67097,6197,1220.708,5690244.01551,0
1638387900000,4659.62,4670.53,4654.53,4669.57,2818.849,1638388199999,13140393.11781,6252,1422.033,6629290.47403,0
1638388200000,4669.57,4678.72,4651.79,4653.72,6199.475,1638388499999,28921653.38101,9297,2383.374,11123299.54193,0
1638388500000,4653.72,4666.30,4653.72,4662.70,3568.863,1638388799999,16639678.37878,5375,2018.588,9411334.92913,0
1638388800000,4662.51,4664.67,4635.50,4635.71,6543.891,1638389099999,30418433.45837,10399,1921.209,8931596.21324,0
1638389100000,4635.69,4643.49,4623.91,4626.99,7747.402,1638389399999,35900193.23298,10153,3840.167,17792005.38285,0
1638389400000,4626.99,4650.67,4626.51,4646.64,6603.755,1638389699999,30638013.89955,9209,4567.387,21193855.27686,0
1638389700000,4646.64,4647.34,4626.51,4630.57,3211.015,1638389999999,14878184.35022,7539,1410.830,6538283.20596,0
1638390000000,4630.58,4632.08,4589.14,4595.66,22572.910,1638390299999,103948278.98153,25697,7889.704,36339606.61337,0
1638390300000,4595.69,4606.45,4575.19,4589.27,20798.083,1638390599999,95429217.89888,28392,10832.023,49713820.58607,0
1638390600000,4589.26,4608.46,4582.29,4591.10,8642.699,1638390899999,39705513.08925,14576,4474.639,20556354.15663,0
1638390900000,4590.48,4607.98,4581.11,4604.63,7624.610,1638391199999,35032089.19814,12836,4205.685,19328435.65286,0
1638391200000,4604.53,4621.91,4599.50,4617.83,8950.573,1638391499999,41299281.77989,12022,5929.772,27363570.31891,0
1638391500000,4617.83,4619.97,4586.57,4588.00,7704.221,1638391799999,35450929.64967,12308,3124.082,14374457.51028,0
1638391800000,4588.00,4609.90,4583.78,4584.88,11913.170,1638392099999,54738759.42803,14417,6311.301,28992736.15328,0
1638392100000,4584.88,4587.45,4560.00,4568.97,16218.744,1638392399999,74132992.54998,22348,6363.216,29089433.66757,0
1638392400000,4569.00,4572.08,4555.00,4561.22,12552.279,1638392699999,57283237.47206,17031,5942.009,27121581.19787,0
1638392700000,4561.65,4592.97,4550.00,4592.52,15095.348,1638392999999,68925544.27033,20715,9401.013,42944786.66253,0
1638393000000,4592.50,4598.06,4568.27,4590.00,12317.633,1638393299999,56461651.39149,18185,6282.079,28792223.08598,0
1638393300000,4589.99,4596.11,4575.04,4587.50,7460.911,1638393599999,34229024.55342,11347,3433.821,15755960.00099,0
1638393600000,4588.18,4598.42,4580.97,4582.39,3643.987,1638393899999,16722422.80336,8474,1974.917,9063302.53504,0
1638393900000,4582.39,4582.39,4535.00,4542.61,21757.295,1638394199999,99006327.04723,27209,6381.305,29028066.51466,0
1638394200000,4542.61,4557.23,4537.48,4547.87,9122.564,1638394499999,41477446.15706,13355,5075.982,23081231.75126,0
1638394500000,4547.87,4559.74,4536.11,4537.20,5068.964,1638394799999,23059820.77992,9033,2186.572,9950137.87360,0
1638394800000,4537.09,4552.95,4535.06,4549.92,6815.042,1638395099999,30958232.41028,9431,3031.099,13771528.93322,0
1638395100000,4549.91,4560.22,4535.00,4537.81,7124.278,1638395399999,32391699.68991,10415,3609.941,16418948.18878,0
1638395400000,4537.80,4562.67,4537.36,4557.10,5801.528,1638395699999,26417405.60628,9510,3660.581,16667643.62651,0
1638395700000,4557.10,4578.58,4555.01,4568.98,5725.555,1638395999999,26139629.79126,9919,3679.532,16799287.65865,0
1638396000000,4568.99,4588.00,4563.92,4587.96,10052.998,1638396299999,46018540.64464,10877,7196.804,32950946.03122,0
1638396300000,4587.86,4593.82,4582.62,4589.02,5971.921,1638396599999,27399578.15067,8726,3075.564,14111368.96180,0
1638396600000,4589.03,4589.03,4564.42,4568.62,6186.481,1638396899999,28282227.38033,9368,1972.919,9017119.64472,0
1638396900000,4568.62,4568.62,4545.62,4548.00,4902.723,1638397199999,22330188.04103,8634,1624.474,7398475.92439,0
1638397200000,4548.00,4565.50,4546.11,4555.37,5424.124,1638397499999,24717191.25231,8117,2749.154,12527164.78366,0
1638397500000,4555.37,4560.35,4546.78,4549.64,5093.828,1638397799999,23192933.22530,7591,2930.700,13345000.27171,0
1638397800000,4549.64,4549.64,4530.00,4534.24,7192.511,1638398099999,32623754.76149,12473,3339.453,15141811.49765,0
1638398100000,4534.23,4559.94,4528.50,4558.46,7379.515,1638398399999,33512796.79224,12246,5117.968,23250082.55227,0
1638398400000,4558.46,4565.46,4543.46,4547.12,3916.690,1638398699999,17852434.47267,7797,1272.120,5800786.16849,0
1638398700000,4547.12,4567.06,4547.12,4556.29,3206.926,1638398999999,14621366.34775,6048,1927.622,8788346.95890,0
1638399000000,4556.29,4571.32,4555.47,4571.31,3398.775,1638399299999,15517783.86981,5801,2303.091,10514875.24585,0
1638399300000,4571.32,4576.68,4564.89,4568.01,3636.979,1638399599999,16624496.73379,6331,1838.890,8406789.25037,0
1638399600000,4568.00,4580.02,4559.29,4573.78,6488.168,1638399899999,29666240.17076,9340,3921.316,17930488.31582,0
1638399900000,4573.78,4591.56,4572.68,4590.25,4894.597,1638400199999,22438925.14181,8499,2968.282,13608594.13798,0
1638400200000,4590.26,4596.50,4577.80,4588.08,4879.306,1638400499999,22384594.15385,8393,2615.993,12002742.68938,0
1638400500000,4588.09,4591.28,4573.29,4579.72,4575.517,1638400799999,20953206.73273,7401,1541.023,7057070.75611,0
1638400800000,4579.73,4596.50,4575.92,4586.19,7409.123,1638401099999,34004204.44482,8666,4012.468,18420096.38619,0
1638401100000,4586.62,4594.21,4585.58,4591.50,2541.978,1638401399999,11668249.26593,5419,1401.152,6431706.18289,0
1638401400000,4591.16,4592.54,4576.80,4588.68,2554.909,1638401699999,11710861.95498,5656,1334.569,6117031.05732,0
1638401700000,4588.69,4594.29,4581.44,4591.34,2883.602,1638401999999,13235673.97362,5257,2200.506,10101338.23980,0
1638402000000,4591.34,4594.00,4578.34,4580.43,1819.788,1638402299999,8342399.16453,4119,805.182,3692174.12719,0
1638402300000,4580.44,4582.95,4568.23,4578.74,3802.858,1638402599999,17397903.28200,5997,1886.880,8633738.22697,0
1638402600000,4578.74,4588.10,4576.91,4578.96,2059.868,1638402899999,9441620.40401,4399,1189.502,5452653.67828,0
1638402900000,4578.74,4591.40,4573.81,4586.66,2512.797,1638403199999,11516197.10082,4879,1288.763,5905931.23217,0
1638403200000,4586.67,4589.27,4563.72,4568.11,7337.462,1638403499999,33560578.08583,9316,3130.589,14319716.45419,0
1638403500000,4568.11,4589.34,4568.11,4570.83,6216.054,1638403799999,28464779.93052,8852,2966.166,13587207.15349,0
1638403800000,4571.06,4587.32,4561.56,4582.66,5550.588,1638404099999,25391212.68759,8841,2862.461,13098785.14781,0
1638404100000,4582.58,4589.73,4561.60,4569.17,5978.742,1638404399999,27340968.37641,8858,2272.315,10393492.30693,0
1638404400000,4569.77,4587.96,4565.09,4584.02,3898.079,1638404699999,17849730.09276,7043,2338.462,10709341.94354,0
1638404700000,4584.01,4587.17,4570.36,4574.92,2602.281,1638404999999,11915843.51907,5293,1292.181,5917983.66465,0
1638405000000,4574.92,4586.91,4574.90,4575.58,2339.340,1638405299999,10719518.27161,4922,1385.904,6350776.86616,0
1638405300000,4575.58,4582.57,4561.00,4561.18,3538.950,1638405599999,16169723.62518,6074,1115.868,5099652.84928,0
1638405600000,4561.18,4565.48,4555.28,4560.46,5469.410,1638405899999,24938409.23230,7907,3066.882,13984375.99249,0
1638405900000,4560.46,4560.46,4548.45,4550.44,4647.931,1638406199999,21172609.73243,7913,1905.610,8682666.60257,0
1638406200000,4550.45,4562.12,4540.64,4561.82,5475.788,1638406499999,24923868.58235,10040,2906.966,13237746.17573,0
1638406500000,4561.89,4582.60,4561.37,4582.60,5185.487,1638406799999,23704083.39766,8716,2938.762,13434012.09622,0
1638406800000,4582.61,4583.83,4560.00,4563.16,4686.789,1638407099999,21421173.59275,7570,1333.713,6095268.29976,0
1638407100000,4563.26,4567.80,4552.52,4563.84,3126.581,1638407399999,14254356.09287,6235,1751.044,7983663.86736,0
1638407400000,4564.13,4579.46,4564.13,4579.45,3754.286,1638407699999,17164387.41404,6632,2295.904,10495735.31013,0
1638407700000,4579.46,4581.11,4566.43,4579.46,2467.058,1638407999999,11287359.25065,4900,1240.850,5677353.82817,0
1638408000000,4579.46,4579.46,4568.14,4573.38,1653.710,1638408299999,7563822.00957,3800,626.074,2863489.61993,0
1638408300000,4573.38,4624.51,4571.88,4613.69,22317.652,1638408599999,102730979.88250,22627,14267.196,65669943.66951,0
1638408600000,4613.69,4621.84,4601.05,4603.38,7671.132,1638408899999,35370993.27102,12276,3668.580,16917594.72009,0
1638408900000,4603.37,4609.93,4590.93,4594.01,3923.234,1638409199999,18037935.18710,6723,1439.981,6621949.64792,0
1638409200000,4594.00,4613.40,4594.00,4599.31,5124.180,1638409499999,23587379.42912,7872,3089.427,14220107.10397,0
1638409500000,4599.31,4604.22,4592.56,4601.04,2022.744,1638409799999,9300139.58124,4944,1075.100,4942892.03137,0
1638409800000,4601.04,4609.23,4600.80,4604.48,1391.452,1638410099999,6407494.85214,4045,811.191,3735303.32634,0
1638410100000,4604.47,4622.08,4600.61,4617.37,4984.821,1638410399999,23005874.62950,8297,3589.619,16567408.35925,0
1638410400000,4616.47,4621.32,4605.51,4608.97,3972.651,1638410699999,18331644.94404,8238,2192.471,10118973.36013,0
1638410700000,4608.98,4609.77,4586.56,4590.36,8030.430,1638410999999,36911301.13288,9412,2560.410,11773886.64011,0
1638411000000,4590.28,4595.96,4583.00,4586.06,4478.896,1638411299999,20553761.06590,7347,1884.745,8649987.99530,0
1638411300000,4586.63,4587.20,4576.68,4580.54,3734.361,1638411599999,17107592.99244,6664,1547.352,7089607.00613,0
1638411600000,4580.44,4586.53,4578.35,4584.81,1950.627,1638411899999,8939366.85031,4199,1222.816,5604321.88181,0
1638411900000,4584.80,4588.37,4570.27,4572.82,3295.535,1638412199999,15083469.77774,7381,1624.053,7434267.50934,0
1638412200000,4572.83,4579.50,4566.67,4578.99,4047.747,1638412499999,18503460.30406,6193,1613.935,7380216.82464,0
1638412500000,4579.00,4587.66,4574.30,4578.12,3581.605,1638412799999,16410454.33135,4982,1710.759,7837366.11892,0
1638412800000,4578.13,4596.60,4574.23,4594.59,3725.819,1638413099999,17090984.17060,5521,2408.589,11049718.66867,0
1638413100000,4594.60,4600.91,4580.93,4587.50,3988.408,1638413399999,18312246.84366,6852,1753.700,8053583.56809,0
1638413400000,4587.50,4596.37,4581.23,4584.48,3045.999,1638413699999,13980879.96341,4841,1367.285,6277410.44033,0
1638413700000,4584.48,4587.49,4576.63,4580.30,2590.072,1638413999999,11866449.29706,4489,1580.428,7240134.75155,0
1638414000000,4580.30,4580.33,4540.00,4548.57,13569.207,1638414299999,61800572.59249,17059,4513.907,20565037.28313,0
1638414300000,4549.13,4551.43,4477.39,4480.33,54921.761,1638414599999,247681431.13531,61081,19794.119,89320926.37130,0
1638414600000,4480.48,4494.08,4473.20,4481.83,20711.921,1638414899999,92892718.31639,27593,10492.338,47068714.24284,0
1638414900000,4481.83,4495.93,4461.00,4462.77,26377.302,1638415199999,118102679.79333,31723,13013.788,58286755.34245,0
1638415200000,4462.77,4478.27,4452.53,4477.52,24290.633,1638415499999,108459644.95837,26951,13119.298,58586264.03566,0
1638415500000,4477.52,4479.88,4460.84,4473.51,8543.318,1638415799999,38212417.50179,13298,3981.245,17807641.13556,0
1638415800000,4474.11,4493.69,4470.06,4476.03,9843.005,1638416099999,44147347.50423,16590,5411.155,24271545.27782,0
1638416100000,4476.03,4486.50,4466.02,4482.99,10324.555,1638416399999,46198653.20900,12560,4974.657,22261894.14379,0
1638416400000,4483.18,4497.30,4481.30,4494.50,6977.570,1638416699999,31344068.04926,11238,3397.710,15262434.78967,0
1638416700000,4494.51,4500.00,4481.20,4494.57,6390.943,1638416999999,28714650.51738,10759,3409.321,15321546.26820,0
1638417000000,4494.57,4510.00,4494.56,4509.01,8716.033,1638417299999,39253926.91660,11924,5477.068,24666706.85700,0
1638417300000,4509.01,4509.05,4490.18,4492.44,6365.135,1638417599999,28630965.87270,9128,3110.898,13989527.64367,0
1638417600000,4492.79,4511.90,4486.26,4506.87,11692.687,1638417899999,52620843.27483,15234,6990.950,31463172.79900,0
1638417900000,4506.87,4513.32,4501.47,4503.44,5307.867,1638418199999,23925629.65195,7630,2711.840,12223151.77936,0
1638418200000,4503.44,4518.76,4503.44,4516.92,6394.479,1638418499999,28868058.40062,8888,4370.508,19731183.20823,0
1638418500000,4516.92,4518.84,4501.79,4510.97,4334.193,1638418799999,19546415.06023,7618,1744.642,7868082.46946,0
1638418800000,4510.98,4518.00,4502.48,4513.11,3460.781,1638419099999,15605678.12385,5768,1449.814,6537471.28889,0
1638419100000,4513.11,4516.73,4508.60,4515.26,1845.911,1638419399999,8329815.08587,4772,1058.969,4778895.42309,0
1638419400000,4515.26,4522.39,4513.69,4517.41,4618.641,1638419699999,20868472.08565,8516,2367.027,10695805.60027,0
1638419700000,4517.42,4518.88,4509.41,4509.74,3187.927,1638419999999,14389969.00448,5903,1128.253,5093323.36750,0
1638420000000,4509.74,4512.28,4503.60,4508.10,3683.529,1638420299999,16604386.58597,5796,1292.227,5824569.99425,0
1638420300000,4507.93,4517.24,4502.67,4512.69,2844.434,1638420599999,12828540.28747,5592,1665.849,7513328.15723,0
1638420600000,4512.92,4513.84,4507.57,4511.51,1501.978,1638420899999,6773552.10944,3688,659.681,2974955.75074,0
1638420900000,4511.50,4515.80,4506.89,4510.97,1821.035,1638421199999,8215030.08856,4511,778.389,3511561.92265,0
1638421200000,4510.97,4520.00,4505.02,4518.52,3002.945,1638421499999,13553377.78113,5575,1751.062,7904309.53080,0
1638421500000,4518.52,4528.00,4515.53,4525.23,3652.449,1638421799999,16518593.72644,6489,2217.617,10029735.47275,0
1638421800000,4525.22,4539.05,4522.00,4538.55,8456.381,1638422099999,38315375.23582,11339,5122.817,23209990.61038,0
1638422100000,4538.55,4547.00,4534.14,4543.83,6142.256,1638422399999,27895246.42405,9150,2874.521,13055219.75654,0
1638422400000,4543.83,4543.83,4534.24,4536.79,4873.094,1638422699999,22118499.87121,7853,2119.966,9623562.99740,0
1638422700000,4536.79,4537.67,4527.04,4527.42,3749.624,1638422999999,16991729.82615,6375,2110.157,9561847.84534,0
1638423000000,4527.41,4527.41,4522.59,4522.60,3059.591,1638423299999,13842834.52660,5852,1570.378,7104975.04951,0
1638423300000,4522.59,4523.89,4517.99,4517.99,3162.883,1638423599999,14298814.46827,5857,1089.150,4924242.64105,0
1638423600000,4518.13,4534.50,4517.68,4527.38,3256.921,1638423899999,14747225.57119,5999,1690.321,7651988.01390,0
1638423900000,4527.38,4538.08,4525.43,4534.62,2499.219,1638424199999,11326964.37735,5404,1351.595,6125776.00854,0
1638424200000,4534.64,4534.90,4526.55,4532.83,1440.797,1638424499999,6528467.75290,3836,915.714,4149421.27406,0
1638424500000,4532.82,4532.82,4525.23,4526.39,2410.558,1638424799999,10916845.54278,4430,1026.290,4647279.30017,0
1638424800000,4526.39,4526.82,4518.00,4520.70,2562.565,1638425099999,11586873.17253,5581,1008.539,4560435.21274,0
1638425100000,4520.93,4526.58,4517.12,4523.30,1846.865,1638425399999,8349963.82302,4028,848.482,3836852.95912,0
1638425400000,4523.30,4524.60,4514.16,4524.12,5564.626,1638425699999,25145192.38236,7450,2689.330,12153403.11751,0
1638425700000,4524.12,4538.14,4523.69,4527.67,3907.152,1638425999999,17705259.63806,6521,2084.151,9444407.28096,0
1638426000000,4527.67,4533.04,4523.68,4524.96,1797.879,1638426299999,8141050.62188,3548,842.841,3816670.08440,0
1638426300000,4524.96,4536.15,4524.80,4530.00,2106.685,1638426599999,9547747.76088,4472,981.281,4447308.00211,0
1638426600000,4530.00,4530.72,4511.61,4514.46,3558.135,1638426899999,16086344.86724,6050,1126.904,5095351.52934,0
1638426900000,4514.46,4526.85,4505.00,4509.60,5611.969,1638427199999,25337643.47056,9219,2262.556,10217740.79301,0
1638427200000,4509.61,4517.77,4505.00,4513.24,2938.411,1638427499999,13252505.01852,5871,1578.925,7121457.05418,0
1638427500000,4513.25,4527.09,4511.07,4526.44,2926.242,1638427799999,13224199.52165,5431,1677.098,7579780.56143,0
1638427800000,4526.43,4532.58,4521.73,4529.40,2886.893,1638428099999,13070185.78276,5010,1426.151,6457491.56190,0
1638428100000,4529.40,4538.60,4526.01,4538.60,2430.523,1638428399999,11014375.45232,4682,1685.757,7639256.84746,0
1638428400000,4538.55,4550.22,4536.51,4546.07,8107.413,1638428699999,36840641.39737,10915,5020.364,22814236.25454,0
1638428700000,4546.06,4554.00,4541.09,4549.99,4427.057,1638428999999,20137374.60114,7675,2585.808,11763054.82105,0
1638429000000,4549.99,4559.22,4547.00,4553.33,5323.400,1638429299999,24237195.83629,8372,2539.561,11564004.23238,0
1638429300000,4553.33,4569.69,4552.29,4562.07,7464.292,1638429599999,34068794.65786,11687,3956.687,18058058.06640,0
1638429600000,4562.24,4583.70,4561.63,4570.93,10347.818,1638429899999,47323307.37453,13103,6263.284,28642855.13504,0
1638429900000,4570.93,4587.85,4565.01,4573.00,7641.293,1638430199999,34983189.91190,11468,3791.712,17362064.85741,0
1638430200000,4572.97,4579.32,4558.00,4559.59,5107.402,1638430499999,23333000.62130,9592,2074.204,9479826.93112,0
1638430500000,4559.57,4572.71,4559.08,4570.51,3636.002,1638430799999,16606637.30746,6250,1643.638,7506899.44304,0
1638430800000,4570.50,4570.51,4557.04,4559.63,2732.023,1638431099999,12464276.23109,6055,1191.195,5434797.23251,0
1638431100000,4559.24,4568.45,4558.47,4563.79,2031.710,1638431399999,9274556.32227,4131,979.445,4470992.79079,0
1638431400000,4563.61,4568.09,4558.01,4560.18,2393.746,1638431699999,10921497.61341,4416,1301.780,5940456.37682,0
1638431700000,4560.17,4564.17,4555.56,4562.68,2921.600,1638431999999,13321937.68724,4747,1512.053,6895354.03486,0
1638432000000,4562.68,4580.04,4557.56,4568.87,6503.241,1638432299999,29733516.44518,9131,4041.438,18479784.52325,0
1638432300000,4569.21,4579.82,4568.07,4573.83,2531.006,1638432599999,11577353.02967,5239,1427.324,6528525.43872,0
1638432600000,4573.83,4582.44,4564.52,4582.39,3521.404,1638432899999,16105446.58870,5914,2119.960,9698465.96976,0
1638432900000,4582.39,4591.32,4581.21,4584.73,6746.646,1638433199999,30936508.41401,9268,3662.740,16795617.39497,0
1638433200000,4584.73,4594.53,4573.01,4594.39,3910.510,1638433499999,17921457.00836,7505,2141.615,9816764.60437,0
1638433500000,4594.38,4595.73,4583.55,4594.01,7317.327,1638433799999,33595786.22775,9328,4196.890,19268311.65744,0
1638433800000,4594.15,4598.20,4582.30,4588.69,7339.793,1638434099999,33696483.00102,10296,3571.454,16397528.11402,0
1638434100000,4588.69,4602.00,4585.52,4596.74,5909.130,1638434399999,27148845.78846,10649,3280.376,15073737.78103,0
1638434400000,4596.75,4597.74,4580.05,4588.51,4200.106,1638434699999,19272264.40002,7746,1433.959,6579260.47886,0
1638434700000,4588.57,4594.88,4585.63,4591.61,2245.242,1638434999999,10307882.01548,5623,842.324,3867339.79907,0
1638435000000,4591.46,4594.31,4588.00,4588.01,1826.103,1638435299999,8383672.91482,4304,820.657,3768038.24376,0
1638435300000,4588.02,4593.00,4586.44,4587.01,2053.132,1638435599999,9421964.01498,4392,1152.422,5288720.72250,0
1638435600000,4587.01,4592.00,4584.61,4590.39,4171.628,1638435899999,19136436.86586,5818,2483.851,11395232.29756,0
1638435900000,4590.40,4591.85,4585.11,4587.77,1647.855,1638436199999,7561250.57368,4264,806.333,3700535.63694,0
1638436200000,4587.76,4602.00,4586.42,4597.72,4699.557,1638436499999,21595983.66479,6857,3288.579,15114923.07661,0
1638436500000,4597.73,4597.73,4585.30,4590.86,3868.467,1638436799999,17755351.82430,6299,1475.562,6772032.03651,0
1638436800000,4590.86,4591.11,4581.91,4583.02,2561.284,1638437099999,11742519.16550,5864,695.238,3187103.02860,0
1638437100000,4583.03,4586.05,4566.38,4569.49,8135.626,1638437399999,37212390.71470,10393,2670.661,12213691.04464,0
1638437400000,4569.49,4575.43,4562.82,4563.86,5065.146,1638437699999,23136818.87604,8889,1849.508,8450179.85476,0
1638437700000,4563.86,4572.39,4560.61,4561.27,3471.458,1638437999999,15853312.94715,6828,1612.875,7366482.33456,0
1638438000000,4561.27,4573.31,4550.76,4572.40,6646.826,1638438299999,30305082.76955,11307,3094.588,14113773.50186,0
1638438300000,4572.51,4585.00,4569.93,4574.88,4022.486,1638438599999,18412548.29499,7790,2136.052,9777412.75061,0
1638438600000,4574.57,4581.13,4565.70,4581.13,2855.990,1638438899999,13059391.17113,5980,1457.537,6666221.72627,0
1638438900000,4581.12,4584.78,4576.76,4581.00,3072.170,1638439199999,14074807.34671,5155,2024.279,9273872.50590,0
1638439200000,4581.25,4583.76,4570.48,4582.52,2717.208,1638439499999,12438342.74661,5627,1583.267,7249075.35270,0
1638439500000,4583.76,4594.69,4582.97,4589.63,5751.973,1638439799999,26396405.01980,9396,3853.846,17685395.76375,0
1638439800000,4589.62,4590.09,4580.88,4580.88,2039.151,1638440099999,9351859.48675,4415,908.005,4164701.08692,0
1638440100000,4580.86,4581.31,4554.04,4556.30,8489.069,1638440399999,38764725.37375,11965,2142.664,9784667.82327,0
1638440400000,4556.32,4561.18,4538.57,4554.20,15527.106,1638440699999,70628668.06508,17939,6828.819,31065781.26528,0
1638440700000,4554.19,4558.43,4546.96,4550.66,3949.134,1638440999999,17979277.53595,7485,1765.926,8040910.53238,0
1638441000000,4550.66,4567.63,4550.64,4566.82,3696.264,1638441299999,16861133.40275,7750,2258.371,10301458.21939,0
1638441300000,4566.82,4574.39,4556.30,4574.07,3460.380,1638441599999,15798153.51450,6989,1881.083,8588637.45228,0
1638441600000,4574.14,4576.76,4566.23,4570.09,2712.104,1638441899999,12398666.47183,5872,1690.432,7728295.15396,0
1638441900000,4570.10,4571.91,4560.07,4563.66,2138.082,1638442199999,9764052.10930,5288,1222.355,5582230.41984,0
1638442200000,4563.67,4569.83,4552.03,4558.11,3327.510,1638442499999,15167701.73640,6542,1518.754,6923555.21450,0
1638442500000,4558.12,4561.90,4550.00,4559.26,3374.721,1638442799999,15369786.84583,5775,1735.142,7902676.13586,0
1638442800000,4559.25,4566.66,4549.62,4557.90,3079.903,1638443099999,14035053.94257,6355,1679.401,7653070.23215,0
1638443100000,4557.98,4557.98,4530.97,4537.00,8826.192,1638443399999,40078240.44345,12930,3644.474,16549257.11569,0
1638443400000,4537.00,4537.68,4510.62,4513.38,15498.554,1638443699999,70057620.54334,20239,6399.003,28923546.22981,0
1638443700000,4513.38,4528.69,4512.46,4527.47,6220.763,1638443999999,28136632.73995,10371,3498.873,15824337.27033,0
1638444000000,4527.47,4528.60,4505.26,4509.26,8051.769,1638444299999,36353236.08683,11900,3790.686,17116986.27881,0
1638444300000,4509.27,4526.78,4498.10,4519.97,15533.675,1638444599999,70075630.69178,19536,7247.285,32703252.49818,0
1638444600000,4519.97,4536.25,4518.54,4524.32,10194.440,1638444899999,46169000.36036,14234,5128.181,23222845.33219,0
1638444900000,4524.33,4535.80,4523.05,4528.31,3390.669,1638445199999,15356846.49691,7754,2119.898,9601326.51545,0
1638445200000,4528.32,4541.90,4523.64,4533.44,8134.944,1638445499999,36886640.77657,10890,3650.526,16549128.76131,0
1638445500000,4533.43,4533.73,4522.23,4529.48,3361.637,1638445799999,15217142.51197,7410,1801.471,8155431.35463,0
1638445800000,4529.48,4544.00,4526.79,4539.31,4325.418,1638446099999,19618758.82515,7308,2209.236,10020286.24330,0
1638446100000,4539.31,4541.26,4531.00,4533.39,3644.285,1638446399999,16534010.41071,5859,1607.775,7294673.23073,0
1638446400000,4533.38,4538.60,4525.81,4534.10,3067.550,1638446699999,13894952.71710,6774,1391.401,6303474.43653,0
1638446700000,4534.11,4535.39,4515.84,4518.11,6254.249,1638446999999,28280400.10577,9244,1746.464,7897240.53655,0
1638447000000,4518.11,4522.71,4504.44,4512.24,6358.736,1638447299999,28694583.95588,9766,2485.525,11218440.61112,0
1638447300000,4512.24,4520.48,4504.21,4514.89,5900.248,1638447599999,26613530.42364,9096,3041.442,13719463.77189,0
1638447600000,4514.89,4531.44,4513.51,4530.00,5939.043,1638447899999,26855314.00095,8818,3547.497,16042201.93376,0
1638447900000,4529.82,4548.75,4529.32,4545.63,7421.592,1638448199999,33685767.47416,11872,4525.034,20540376.09278,0
1638448200000,4545.62,4551.83,4541.64,4547.12,11797.846,1638448499999,53657893.80053,11387,6084.337,27672248.54782,0
1638448500000,4547.12,4552.63,4539.02,4542.70,4314.752,1638448799999,19612939.51097,7527,1441.412,6551435.88278,0
1638448800000,4542.69,4543.95,4530.02,4532.35,3558.059,1638449099999,16137006.47684,6690,1482.929,6726132.38841,0
1638449100000,4532.15,4534.03,4518.66,4519.59,4167.110,1638449399999,18859176.28714,7860,1979.554,8959096.89918,0
1638449400000,4519.43,4545.20,4518.82,4544.91,5269.539,1638449699999,23887839.94862,8878,3704.548,16793567.72623,0
1638449700000,4544.67,4551.35,4535.53,4539.40,3894.728,1638449999999,17702705.30353,7902,2288.113,10402033.12323,0
1638450000000,4539.40,4545.84,4530.35,4532.24,4332.203,1638450299999,19656769.75423,6898,1873.787,8502163.05137,0
1638450300000,4532.24,4544.55,4528.52,4536.70,2637.505,1638450599999,11963707.48415,5781,1593.071,7225697.48266,0
1638450600000,4536.71,4539.12,4528.00,4530.75,3646.290,1638450899999,16526120.52993,6228,1671.031,7574317.03025,0
1638450900000,4530.93,4539.35,4523.98,4528.37,2737.320,1638451199999,12409050.92427,6613,1208.740,5480481.32209,0
1638451200000,4528.63,4533.67,4507.07,4507.22,5914.695,1638451499999,26721496.99476,9944,1685.033,7613359.20636,0
1638451500000,4507.23,4514.32,4482.49,4485.24,19878.311,1638451799999,89444710.17415,23164,8807.932,39635560.92761,0
1638451800000,4485.23,4524.32,4484.57,4519.97,13397.174,1638452099999,60374483.26371,17564,8861.251,39933946.92014,0
1638452100000,4519.84,4522.14,4505.01,4506.14,5437.403,1638452399999,24543642.08419,8271,2514.383,11350483.56555,0
1638452400000,4506.14,4525.56,4505.00,4523.00,5508.071,1638452699999,24890189.78817,8415,2749.041,12421401.99727,0
1638452700000,4523.01,4529.00,4509.74,4517.68,4518.519,1638452999999,20422742.12066,8448,1855.162,8386584.94780,0
1638453000000,4517.68,4520.08,4508.83,4513.96,2693.875,1638453299999,12160775.41024,5317,1379.565,6228591.24473,0
1638453300000,4513.96,4537.77,4513.45,4534.43,6080.960,1638453599999,27544073.43292,9080,3184.244,14421392.45302,0
1638453600000,4534.43,4538.96,4519.32,4519.67,4866.475,1638453899999,22045733.89719,7318,1819.476,8245007.98194,0
1638453900000,4519.67,4527.96,4513.50,4525.47,3497.894,1638454199999,15813726.27145,6464,1431.566,6473054.12456,0
1638454200000,4525.48,4563.17,4523.72,4559.54,20790.428,1638454499999,94529873.28214,21569,13121.100,59657787.16437,0
1638454500000,4559.63,4562.50,4540.70,4540.70,7512.167,1638454799999,34198998.74897,11733,3037.331,13828968.90471,0
1638454800000,4540.70,4552.97,4540.01,4541.60,3007.755,1638455099999,13668636.18278,6114,2099.914,9543623.52310,0
1638455100000,4541.63,4543.63,4522.91,4522.91,4708.495,1638455399999,21342653.52367,8230,1560.447,7073580.42866,0
1638455400000,4522.92,4531.76,4508.01,4524.15,14003.760,1638455699999,63272644.26935,16426,7349.844,33217482.61363,0
1638455700000,4523.49,4552.07,4513.78,4552.00,13275.805,1638455999999,60226647.27133,17146,7451.524,33804340.64914,0
1638456000000,4552.00,4569.98,4546.42,4568.27,9668.199,1638456299999,44069554.49349,13964,5199.579,23703251.39197,0
1638456300000,4568.63,4593.00,4565.01,4589.97,19520.707,1638456599999,89428471.49596,23893,10466.481,47945627.36270,0
1638456600000,4590.07,4599.88,4584.01,4593.72,11269.870,1638456899999,51759573.87184,15334,6909.946,31739312.13006,0
1638456900000,4593.72,4598.81,4581.00,4592.93,7721.879,1638457199999,35442813.42926,12224,3709.886,17028942.38998,0
1638457200000,4592.94,4635.00,4587.16,4624.46,27414.338,1638457499999,126612667.78672,36939,15149.637,69952749.56461,0
1638457500000,4624.39,4636.86,4608.85,4610.39,16889.273,1638457799999,78106086.89710,22361,6656.259,30794729.37068,0
1638457800000,4610.38,4616.12,4581.59,4589.06,15611.845,1638458099999,71804836.99746,21862,5914.692,27222563.03975,0
1638458100000,4588.73,4598.56,4567.58,4575.00,17063.970,1638458399999,78173777.81733,20981,7213.628,33055180.91183,0
1638458400000,4575.00,4578.44,4551.13,4573.45,16537.379,1638458699999,75459915.54337,21241,7735.715,35304928.26923,0
1638458700000,4573.65,4576.78,4554.16,4566.23,9611.862,1638458999999,43888818.83859,13033,4653.254,21250115.53908,0
1638459000000,4566.23,4574.76,4537.60,4543.30,20256.484,1638459299999,92183463.21205,21572,7876.805,35858235.41252,0
1638459300000,4543.29,4543.52,4511.86,4513.44,20970.182,1638459599999,94944196.49350,26231,10386.366,47027497.12917,0
1638459600000,4513.84,4529.48,4501.66,4507.82,19581.339,1638459899999,88421383.65170,22571,8507.029,38425882.02967,0
1638459900000,4507.83,4534.10,4505.06,4528.25,11768.472,1638460199999,53220684.83066,15887,6506.699,29428892.08107,0
1638460200000,4528.26,4540.19,4518.08,4524.02,9043.071,1638460499999,40971914.77108,12115,4764.153,21590435.74214,0
1638460500000,4524.02,4550.28,4518.47,4544.76,8935.470,1638460799999,40575127.48953,11794,5369.029,24383066.04323,0
1638460800000,4545.01,4547.57,4531.55,4540.50,6528.233,1638461099999,29640868.87707,9405,3118.556,14163470.28662,0
1638461100000,4540.51,4560.00,4538.91,4556.97,9245.221,1638461399999,42088296.06377,10470,5130.037,23356016.20125,0
1638461400000,4556.95,4556.96,4515.44,4522.40,11387.002,1638461699999,51589797.30736,14396,5014.490,22715606.45991,0
1638461700000,4522.50,4530.82,4514.68,4525.42,8808.707,1638461999999,39842753.89748,11470,4722.987,21364079.97596,0
1638462000000,4525.41,4530.22,4516.73,4523.80,3314.622,1638462299999,14997246.79411,6613,1835.394,8305640.81962,0
1638462300000,4523.79,4529.15,4513.00,4514.45,3182.122,1638462599999,14382454.52586,6419,1489.206,6730988.04704,0
1638462600000,4514.46,4526.39,4495.92,4496.75,14440.669,1638462899999,65063296.12912,18102,5912.587,26645372.48695,0
1638462900000,4496.27,4501.22,4485.79,4498.12,16682.686,1638463199999,74962622.48822,19671,8429.070,37882318.95412,0
1638463200000,4498.12,4502.10,4474.60,4477.89,11833.144,1638463499999,53086220.28734,17302,4628.921,20772891.77848,0
1638463500000,4477.72,4482.17,4460.00,4473.42,15861.709,1638463799999,70886114.29903,21282,7101.162,31740074.13349,0
1638463800000,4474.06,4487.64,4464.59,4487.62,12060.930,1638464099999,53979055.19708,15207,7272.512,32549541.02678,0
1638464100000,4487.62,4493.33,4475.00,4486.25,8167.400,1638464399999,36635019.35913,11821,4697.194,21074324.96720,0
1638464400000,4486.24,4498.88,4477.13,4481.09,8230.745,1638464699999,36940379.91434,12790,3966.596,17806144.86761,0
1638464700000,4481.09,4499.63,4481.08,4496.99,9537.062,1638464999999,42823128.30125,9956,5423.447,24353438.48215,0
1638465000000,4496.99,4503.00,4495.24,4499.43,3839.930,1638465299999,17277788.62429,8024,1934.235,8703780.33138,0
1638465300000,4499.51,4505.59,4490.11,4500.86,4850.366,1638465599999,21824565.11608,8391,2326.788,10470429.92273,0
1638465600000,4500.10,4504.76,4494.05,4496.88,3334.833,1638465899999,15006163.18631,6016,1445.051,6502256.21955,0
1638465900000,4496.88,4498.29,4486.93,4495.59,3237.310,1638466199999,14545283.76475,6089,1250.328,5618458.32322,0
1638466200000,4495.48,4503.47,4491.30,4496.32,3298.743,1638466499999,14835310.27856,5755,1929.375,8677454.84564,0
1638466500000,4496.31,4508.99,4482.05,4501.20,7832.113,1638466799999,35227347.38392,9056,4026.902,18112572.83044,0
1638466800000,4501.19,4511.69,4497.33,4500.68,4466.171,1638467099999,20124190.01702,6163,2300.880,10368022.97360,0
1638467100000,4500.68,4509.95,4497.56,4507.35,2268.405,1638467399999,10215290.69389,4664,1309.693,5898227.75562,0
1638467400000,4507.34,4510.74,4492.00,4495.16,3694.193,1638467699999,16626139.61461,6277,1763.860,7943717.63595,0
1638467700000,4495.17,4502.75,4490.51,4496.67,1887.631,1638467999999,8490180.74865,4636,954.929,4294904.48229,0
1638468000000,4496.67,4498.46,4482.33,4485.00,5520.886,1638468299999,24779734.79134,9121,1755.682,7881258.37918,0
1638468300000,4485.00,4493.34,4470.05,4472.65,4991.288,1638468599999,22348870.05335,10102,2152.676,9638134.69144,0
1638468600000,4472.66,4479.96,4465.00,4479.47,5599.478,1638468899999,25033932.48777,9238,3372.482,15079650.08223,0
1638468900000,4479.47,4480.62,4465.55,4469.45,3977.603,1638469199999,17789991.16401,6650,1386.714,6205034.16744,0
1638469200000,4469.53,4476.96,4458.35,4459.29,5819.804,1638469499999,25985341.40004,8248,1887.163,8431538.15871,0
1638469500000,4459.29,4466.23,4441.00,4450.41,17693.030,1638469799999,78725837.02818,22458,7437.369,33095446.91508,0
1638469800000,4450.41,4465.54,4435.76,4462.47,9090.669,1638470099999,40423569.52061,13517,4531.963,20163663.63917,0
1638470100000,4462.47,4467.82,4451.15,4465.98,5852.418,1638470399999,26107136.16713,8481,3421.054,15263820.26250,0
1638470400000,4466.00,4472.19,4458.97,4465.34,3991.638,1638470699999,17831043.45217,6679,2437.716,10890836.80049,0
1638470700000,4465.34,4465.34,4451.15,4458.30,6157.695,1638470999999,27446712.63728,6577,2826.515,12597693.25068,0
1638471000000,4458.30,4478.36,4454.33,4478.02,7818.297,1638471299999,34919246.01572,8189,4968.551,22189101.66993,0
1638471300000,4478.36,4483.92,4472.80,4483.91,6257.432,1638471599999,28028615.96579,7865,3219.781,14422573.42761,0
1638471600000,4483.79,4501.83,4477.00,4496.57,12219.737,1638471899999,54892782.36810,13070,6715.246,30157714.15705,0
1638471900000,4496.58,4497.51,4480.65,4490.90,6973.420,1638472199999,31294907.67600,8681,2827.617,12690647.56774,0
1638472200000,4490.92,4502.60,4488.40,4494.13,8333.653,1638472499999,37480231.17157,9253,4190.103,18846884.22526,0
1638472500000,4494.13,4506.31,4494.13,4505.00,5803.782,1638472799999,26123089.39899,7613,3598.837,16196642.91997,0
1638472800000,4504.99,4506.76,4494.04,4498.50,4242.294,1638473099999,19091284.64338,5956,1907.663,8585075.17522,0
1638473100000,4498.49,4499.99,4490.34,4498.27,3659.850,1638473399999,16450323.32848,5158,1529.158,6874485.18553,0
1638473400000,4498.26,4509.83,4491.55,4498.58,4879.968,1638473699999,21966138.19978,6381,2602.065,11714472.98472,0
1638473700000,4498.58,4500.49,4483.31,4487.37,5355.893,1638473999999,24046001.02211,5892,1324.518,5946885.57633,0
1638474000000,4487.04,4488.54,4480.97,4481.65,2264.771,1638474299999,10157420.45608,3952,988.171,4431636.93820,0
1638474300000,4481.66,4493.24,4480.00,4480.64,3131.153,1638474599999,14044843.87046,4676,1337.159,5997883.21014,0
1638474600000,4481.43,4493.00,4481.43,4486.26,2845.231,1638474899999,12768988.52434,4273,1415.329,6351918.05368,0
1638474900000,4486.29,4497.82,4484.57,4491.77,2775.407,1638475199999,12467786.85522,3872,1818.225,8168484.89618,0
1638475200000,4491.77,4500.50,4473.59,4477.20,11610.015,1638475499999,52071515.59185,10618,3966.714,17797207.81735,0
1638475500000,4477.34,4503.32,4476.14,4498.62,7200.507,1638475799999,32338662.77005,8612,4779.301,21461555.66591,0
1638475800000,4498.62,4503.99,4485.28,4503.34,4394.176,1638476099999,19742153.39082,6637,1934.810,8697542.72091,0
1638476100000,4503.86,4510.00,4497.97,4501.90,4975.667,1638476399999,22412323.94076,7948,3017.992,13594781.30840,0
1638476400000,4501.91,4513.48,4497.99,4512.25,3894.359,1638476699999,17550581.98310,6387,2476.613,11161204.23928,0
1638476700000,4512.56,4521.95,4511.47,4517.49,6680.131,1638476999999,30174480.87411,8625,3671.371,16582906.00713,0
1638477000000,4517.49,4526.87,4516.68,4524.40,4424.491,1638477299999,20008341.48662,7247,2457.077,11110503.24510,0
1638477300000,4524.40,4526.99,4516.68,4519.80,2280.212,1638477599999,10311201.15041,5416,1061.196,4798524.78538,0
1638477600000,4519.79,4544.00,4518.24,4541.81,8095.915,1638477899999,36695749.81245,10577,5903.368,26757571.07269,0
1638477900000,4541.80,4543.07,4526.29,4539.19,6952.436,1638478199999,31528578.91879,9276,3320.717,15062927.99579,0
1638478200000,4539.18,4541.31,4527.24,4540.43,5702.180,1638478499999,25861769.41110,9121,3064.293,13897462.68544,0
1638478500000,4540.43,4540.78,4531.20,4540.71,2795.553,1638478799999,12681280.20930,5872,1381.898,6268673.68446,0
1638478800000,4540.71,4540.78,4525.03,4528.09,2864.592,1638479099999,12984787.82034,5892,729.320,3306550.68838,0
1638479100000,4528.09,4537.00,4525.33,4526.00,2181.907,1638479399999,9887896.60325,4717,1087.024,4925689.15165,0
1638479400000,4525.95,4530.65,4522.90,4524.90,2362.179,1638479699999,10691699.68065,4850,748.382,3387642.65401,0
1638479700000,4524.95,4536.04,4524.78,4534.11,1538.664,1638479999999,6973712.18524,3943,864.250,3916827.03033,0
1638480000000,4534.10,4539.64,4530.00,4537.56,1202.135,1638480299999,5451709.87993,3484,649.822,2946512.26033,0
1638480300000,4537.56,4538.15,4530.35,4537.20,1742.006,1638480599999,7899820.07836,3520,784.747,3558698.88199,0
1638480600000,4537.20,4545.37,4535.38,4535.99,4381.635,1638480899999,19897689.72692,6123,2256.783,10247968.21302,0
1638480900000,4536.00,4548.00,4532.81,4546.14,2153.674,1638481199999,9781437.90640,5133,1234.832,5607710.72156,0
1638481200000,4546.14,4554.88,4546.14,4554.08,3534.803,1638481499999,16084593.19464,6854,2700.888,12290661.08090,0
1638481500000,4554.11,4554.33,4548.17,4551.74,2998.117,1638481799999,13645611.58557,5212,1621.378,7380034.17213,0
1638481800000,4551.74,4556.00,4548.11,4551.98,3061.697,1638482099999,13939095.00348,4832,1796.602,8179459.20320,0
1638482100000,4551.99,4554.35,4544.09,4546.83,2495.876,1638482399999,11350076.90316,4244,854.116,3884603.02951,0
1638482400000,4546.84,4547.31,4529.23,4532.66,5457.471,1638482699999,24749908.15059,6854,1794.683,8139319.58561,0
1638482700000,4532.69,4540.31,4530.30,4538.39,2392.053,1638482999999,10849669.06449,4587,1394.817,6325153.81817,0
1638483000000,4538.40,4539.63,4533.18,4538.37,1460.214,1638483299999,6624668.54007,3942,634.076,2876277.23859,0
1638483300000,4538.37,4540.58,4525.00,4527.55,3093.553,1638483599999,14011584.10436,4398,628.545,2847233.51539,0
1638483600000,4527.55,4534.00,4527.27,4534.00,1886.927,1638483899999,8549913.13501,2899,1275.524,5778871.54720,0
1638483900000,4534.00,4536.18,4530.00,4533.44,1310.269,1638484199999,5940210.09509,2732,612.684,2777732.39893,0
1638484200000,4533.45,4541.61,4533.43,4540.18,1949.297,1638484499999,8846792.17752,2948,1446.543,6564737.62998,0
1638484500000,4540.17,4551.37,4540.09,4551.00,2088.377,1638484799999,9492099.06416,3341,1505.067,6841386.53084,0
1638484800000,4551.00,4560.00,4548.05,4557.88,4439.400,1638485099999,20216891.02153,6193,2098.291,9554620.52714,0
1638485100000,4557.89,4558.20,4533.66,4547.39,5326.348,1638485399999,24220089.74790,7331,2087.871,9496132.47048,0
1638485400000,4547.38,4547.38,4536.88,4540.71,1599.864,1638485699999,7265466.12457,3590,656.181,2979387.89201,0
1638485700000,4540.71,4549.59,4536.39,4546.51,1543.813,1638485999999,7014109.76629,3290,907.823,4124379.08175,0
1638486000000,4546.52,4547.87,4529.14,4529.79,3165.052,1638486299999,14354989.01126,5393,898.355,4074855.35871,0
1638486300000,4529.78,4552.04,4529.58,4545.96,4594.444,1638486599999,20877748.53686,6037,2986.480,13573377.42983,0
1638486600000,4545.96,4546.87,4537.31,4546.30,2008.644,1638486899999,9124104.11526,3930,549.385,2495714.36571,0
1638486900000,4546.59,4555.13,4537.80,4538.50,2995.295,1638487199999,13613472.44921,5600,1151.676,5235674.17154,0
1638487200000,4538.50,4544.00,4533.06,4533.95,2203.388,1638487499999,9996242.16487,4768,866.194,3929998.67896,0
1638487500000,4533.77,4536.37,4531.85,4532.33,1374.201,1638487799999,6230221.03002,3626,568.122,2575776.97573,0
1638487800000,4532.33,4540.26,4527.86,4540.25,2593.482,1638488099999,11753703.63947,5107,878.018,3980185.18653,0
1638488100000,4540.26,4541.00,4532.54,4536.29,2046.078,1638488399999,9281095.12719,3495,780.037,3537998.62536,0
1638488400000,4536.29,4537.79,4529.28,4531.03,1752.851,1638488699999,7945386.94840,3173,617.283,2798301.23092,0
1638488700000,4531.41,4536.00,4522.31,4531.62,3065.422,1638488999999,13879329.19297,4768,1020.636,4623400.08794,0
1638489000000,4531.62,4532.00,4506.33,4509.03,9447.477,1638489299999,42641002.99063,10422,3433.925,15496127.44854,0
1638489300000,4509.32,4518.23,4503.70,4514.32,5040.355,1638489599999,22731263.70399,6571,2258.634,10190596.40856,0
1638489600000,4514.32,4520.68,4509.46,4518.74,4758.453,1638489899999,21489472.76050,5868,1871.992,8453031.08540,0
1638489900000,4518.73,4525.11,4511.90,4513.59,2572.379,1638490199999,11628460.31738,4485,1510.957,6830551.59584,0
1638490200000,4513.58,4526.47,4510.62,4518.76,2189.393,1638490499999,9894338.89910,4205,1155.731,5222729.34694,0
1638490500000,4518.77,4532.26,4518.41,4528.89,3047.893,1638490799999,13803170.54854,5079,2017.165,9135462.30945,0
1638490800000,4528.90,4534.20,4518.68,4521.41,3175.935,1638491099999,14375245.08213,4371,1154.985,5231884.39915,0
1638491100000,4521.56,4528.86,4519.01,4523.27,1847.403,1638491399999,8355852.95881,3738,888.639,4019804.18760,0
1638491400000,4523.27,4549.10,4522.93,4548.62,5603.862,1638491699999,25439052.36383,8003,3889.971,17656709.18442,0
1638491700000,4548.62,4550.00,4534.00,4536.27,3693.433,1638491999999,16775150.53936,5461,1304.573,5927214.51461,0
1638492000000,4536.05,4543.65,4530.24,4539.33,3106.065,1638492299999,14092130.67428,4378,1548.321,7024593.96787,0
1638492300000,4539.34,4540.00,4526.40,4526.41,2381.372,1638492599999,10794888.10288,4158,752.498,3411952.76426,0
1638492600000,4526.40,4533.47,4525.49,4528.41,2312.224,1638492899999,10474265.12046,3186,1099.833,4981670.00023,0
1638492900000,4528.40,4531.42,4519.00,4519.00,3298.958,1638493199999,14928473.18282,3887,969.075,4386349.07830,0
1638493200000,4519.00,4531.39,4517.77,4524.91,2448.437,1638493499999,11078855.56131,3853,1475.387,6674195.50729,0
1638493500000,4524.91,4537.35,4520.86,4533.58,2794.520,1638493799999,12662666.13513,3514,1889.606,8561450.05939,0
1638493800000,4533.58,4538.58,4522.67,4524.87,3014.881,1638494099999,13660946.31963,4133,1027.373,4657155.21419,0
1638494100000,4524.99,4535.44,4522.10,4534.92,2320.449,1638494399999,10507030.36638,3817,1264.607,5726049.33761,0
1638494400000,4534.92,4534.93,4520.63,4520.63,2920.029,1638494699999,13220300.84650,3273,768.668,3480284.67502,0
1638494700000,4520.63,4521.03,4512.72,4517.27,5378.735,1638494999999,24293904.92509,5637,1981.359,8948318.60747,0
1638495000000,4517.27,4524.05,4511.17,4522.78,3889.597,1638495299999,17566082.36811,4633,2072.516,9357815.24022,0
1638495300000,4522.78,4525.00,4515.46,4519.08,2614.381,1638495599999,11817849.02618,3204,1116.414,5046975.66554,0
1638495600000,4519.08,4519.89,4508.69,4509.17,3519.243,1638495899999,15884535.18636,4295,1388.668,6269158.65144,0
1638495900000,4509.17,4509.97,4502.35,4503.85,5320.672,1638496199999,23974077.87683,6093,2186.320,9851065.66980,0
1638496200000,4503.86,4516.87,4502.08,4516.87,3627.870,1638496499999,16355789.88839,4878,2386.115,10757862.67977,0
1638496500000,4516.86,4524.16,4516.04,4518.15,4038.732,1638496799999,18254809.26568,4530,2550.743,11529750.92216,0
1638496800000,4518.14,4525.43,4514.32,4516.83,4043.543,1638497099999,18279657.01295,4617,1913.951,8652387.28215,0
1638497100000,4516.83,4521.32,4510.24,4510.92,1994.998,1638497399999,9007353.11010,3134,918.686,4147348.81036,0
1638497400000,4511.04,4522.54,4507.33,4521.64,3259.383,1638497699999,14712044.04368,4362,1837.897,8294165.74818,0
1638497700000,4521.65,4528.12,4518.30,4526.91,3596.825,1638497999999,16274822.26436,4313,1863.198,8428958.37344,0
1638498000000,4526.87,4530.00,4521.03,4521.99,2783.564,1638498299999,12597819.78246,3461,1325.280,5998924.93700,0
1638498300000,4521.99,4524.92,4515.05,4517.04,2681.694,1638498599999,12113993.51296,3275,1285.618,5807856.88884,0
1638498600000,4517.04,4523.22,4508.75,4509.31,2662.637,1638498899999,12024700.13070,3794,1092.097,4933407.09560,0
1638498900000,4509.31,4511.77,4484.00,4496.10,15055.053,1638499199999,67716704.82458,14068,6467.703,29093889.39680,0
1638499200000,4495.68,4499.57,4476.34,4480.57,7050.162,1638499499999,31636916.95009,8511,2632.508,11816584.53834,0
1638499500000,4480.58,4494.37,4471.77,4493.59,9579.626,1638499799999,42940831.57106,11008,5621.347,25204792.02149,0
1638499800000,4493.59,4494.25,4476.46,4477.76,5211.042,1638500099999,23364000.30978,7238,2649.998,11882293.43285,0
1638500100000,4477.75,4492.13,4477.32,4492.00,4460.414,1638500399999,20008423.57378,6024,2362.838,10597497.60666,0
1638500400000,4492.01,4493.00,4483.04,4492.13,3981.221,1638500699999,17869573.70064,5234,1893.283,8499158.52176,0
1638500700000,4492.13,4493.00,4487.00,4489.70,2043.040,1638500999999,9175132.65671,3924,1025.060,4603832.34536,0
1638501000000,4489.70,4497.33,4488.00,4491.60,3289.353,1638501299999,14779608.81514,5203,2090.044,9390515.84328,0
1638501300000,4491.60,4498.35,4486.01,4489.01,3127.745,1638501599999,14053016.27454,6184,1456.505,6544651.42441,0
1638501600000,4489.01,4495.00,4480.28,4484.17,2185.912,1638501899999,9808323.74816,5407,1038.873,4661149.24235,0
1638501900000,4484.17,4498.71,4480.60,4497.90,2326.067,1638502199999,10446320.83936,5002,1358.581,6101479.36191,0
1638502200000,4497.91,4500.97,4492.00,4500.97,2355.722,1638502499999,10595072.98147,4691,1230.820,5535537.41663,0
1638502500000,4500.97,4524.48,4500.96,4512.19,11531.960,1638502799999,52070769.55818,12859,5908.560,26673606.36474,0
1638502800000,4512.20,4519.00,4503.29,4504.58,8412.381,1638503099999,37941938.72476,9257,2934.306,13236766.65635,0
1638503100000,4504.14,4506.93,4494.18,4497.27,6984.502,1638503399999,31432451.25987,9290,2279.955,10258996.88649,0
1638503400000,4497.28,4505.31,4497.27,4501.99,2449.322,1638503699999,11027938.62853,4321,1246.853,5613630.86786,0
1638503700000,4501.99,4504.68,4493.45,4494.20,2714.373,1638503999999,12209840.16127,4666,1081.466,4863012.10867,0
1638504000000,4494.21,4501.87,4490.82,4491.01,3191.082,1638504299999,14345762.19427,5510,1416.593,6368116.83185,0
1638504300000,4491.01,4504.77,4490.65,4502.89,3059.167,1638504599999,13765907.68149,4967,1888.801,8498883.36092,0
1638504600000,4502.88,4515.00,4501.44,4514.58,4668.032,1638504899999,21047777.05547,5900,2656.511,11979116.99339,0
1638504900000,4514.58,4526.96,4512.73,4526.04,6230.005,1638505199999,28156423.91384,7964,3064.936,13851336.97857,0
1638505200000,4526.05,4531.28,4521.53,4525.15,6124.082,1638505499999,27718921.41823,8191,2490.361,11271200.58510,0
1638505500000,4525.14,4528.00,4518.40,4525.65,3410.330,1638505799999,15430345.82797,5523,1320.771,5975018.97212,0
1638505800000,4525.99,4532.38,4519.54,4520.01,3795.906,1638506099999,17181445.85581,6554,1823.396,8253913.61264,0
1638506100000,4520.01,4522.85,4517.41,4522.16,2156.489,1638506399999,9746887.99763,4236,860.432,3888775.32175,0
1638506400000,4522.19,4538.99,4519.58,4537.50,3362.056,1638506699999,15225196.27041,6906,2110.930,9561255.82931,0
1638506700000,4537.51,4542.26,4531.38,4535.42,8601.704,1638506999999,39028829.33251,20221,4127.573,18729116.32481,0
1638507000000,4535.42,4537.59,4531.86,4535.75,2941.807,1638507299999,13340067.26004,6290,1359.222,6163999.62622,0
1638507300000,4535.69,4536.74,4527.31,4531.59,2372.541,1638507599999,10752997.89876,5297,1121.513,5084211.75862,0
1638507600000,4531.60,4537.75,4527.81,4533.75,1831.100,1638507899999,8301761.25913,4732,918.480,4164171.47135,0
1638507900000,4533.75,4533.76,4525.37,4529.24,2517.636,1638508199999,11401165.42874,4726,670.454,3036490.45484,0
1638508200000,4529.24,4532.00,4525.04,4530.29,2016.272,1638508499999,9131726.87514,4168,704.602,3191407.36057,0
1638508500000,4530.30,4531.99,4520.60,4526.71,2326.575,1638508799999,10530382.22997,5019,1038.910,4702996.61568,0
1638508800000,4526.71,4528.28,4520.50,4523.57,1585.064,1638509099999,7170302.97751,4442,577.055,2609797.21629,0
1638509100000,4523.58,4524.86,4514.97,4516.85,4700.595,1638509399999,21240377.59684,5979,1295.446,5853752.22637,0
1638509400000,4516.85,4522.10,4516.81,4517.17,2310.949,1638509699999,10442779.92889,4844,1219.160,5509127.68757,0
1638509700000,4517.17,4535.00,4517.11,4531.86,5004.044,1638509999999,22660443.67333,6347,3549.708,16073832.98172,0
1638510000000,4531.86,4574.57,4530.41,4570.03,20554.982,1638510299999,93735641.35455,25221,13619.130,62105564.46817,0
1638510300000,4570.04,4577.43,4560.00,4560.26,11039.323,1638510599999,50431686.36220,14096,4824.035,22041579.21761,0
1638510600000,4560.27,4572.41,4555.46,4569.66,8004.788,1638510899999,36539217.57926,11126,4802.787,21929687.99530,0
1638510900000,4569.67,4572.62,4564.77,4570.08,5797.353,1638511199999,26487402.76373,10934,2809.935,12838888.39637,0
1638511200000,4570.09,4592.00,4570.09,4576.91,14844.476,1638511499999,68056896.64365,22641,7851.979,35997048.54396,0
1638511500000,4576.92,4582.79,4564.99,4564.99,6882.988,1638511799999,31475666.50795,9145,3072.100,14049123.26302,0
1638511800000,4564.99,4571.44,4564.99,4565.78,3268.538,1638512099999,14929085.88662,5559,2121.270,9689415.13796,0
1638512100000,4565.78,4570.00,4558.18,4558.85,5038.746,1638512399999,22995137.40058,6817,1912.818,8731375.84579,0
1638512400000,4558.87,4566.23,4557.73,4566.22,4485.926,1638512699999,20455901.33877,5388,2906.002,13251823.96223,0
1638512700000,4566.13,4570.00,4562.00,4567.63,3230.288,1638512999999,14751192.43308,4733,1674.426,7646663.21277,0
1638513000000,4567.64,4571.80,4563.04,4568.44,3475.425,1638513299999,15870764.88345,5171,1701.149,7767464.17062,0
1638513300000,4568.45,4579.66,4565.44,4565.44,5938.610,1638513599999,27154524.22872,7415,2918.872,13347978.50556,0
1638513600000,4565.44,4573.99,4563.97,4570.72,3565.572,1638513899999,16289254.26109,4826,1766.290,8070566.12901,0
1638513900000,4570.71,4579.82,4568.01,4576.74,3877.591,1638514199999,17739776.27053,5891,1838.857,8412926.62419,0
1638514200000,4576.73,4586.56,4576.65,4584.98,5147.784,1638514499999,23588765.98364,7280,2791.935,12792873.56098,0
1638514500000,4584.76,4588.72,4575.94,4580.24,4932.773,1638514799999,22604184.47070,6178,2165.060,9917789.60606,0
1638514800000,4580.24,4585.20,4572.71,4574.27,4775.499,1638515099999,21862465.49908,6670,2019.073,9242270.36973,0
1638515100000,4574.28,4578.99,4572.27,4575.47,3668.953,1638515399999,16784900.27679,5083,1953.929,8937480.10514,0
1638515400000,4575.47,4577.57,4569.53,4571.20,4318.797,1638515699999,19751143.76736,5086,1316.953,6020959.74476,0
1638515700000,4571.13,4571.40,4557.20,4557.58,6186.844,1638515999999,28240429.96006,7581,2512.519,11466125.87226,0
1638516000000,4557.59,4564.85,4557.15,4563.33,4918.385,1638516299999,22432585.53420,5928,2998.928,13678963.37042,0
1638516300000,4563.58,4576.23,4563.24,4572.97,4676.121,1638516599999,21367788.69647,6644,3095.626,14145692.70915,0
1638516600000,4572.97,4577.69,4569.85,4574.21,3401.072,1638516899999,15555957.65468,5600,1712.919,7835175.29713,0
1638516900000,4574.21,4576.00,4556.41,4557.39,5947.127,1638517199999,27157737.39636,7209,2063.236,9418489.90747,0
1638517200000,4557.34,4559.75,4545.14,4552.38,6974.263,1638517499999,31753011.34560,9086,2751.119,12525304.22671,0
1638517500000,4552.29,4561.35,4551.78,4561.02,3480.200,1638517799999,15856619.14046,5075,2028.417,9242160.28835,0
1638517800000,4561.01,4566.00,4560.09,4562.85,3521.464,1638518099999,16069312.25972,5031,2074.762,9467538.20668,0
1638518100000,4562.85,4570.48,4560.77,4569.45,3440.791,1638518399999,15706805.93194,4695,1866.034,8518989.03728,0
1638518400000,4569.46,4573.62,4556.67,4557.93,5387.287,1638518699999,24603114.85261,6994,2320.905,10599112.50300,0
1638518700000,4557.93,4571.65,4556.36,4570.77,3932.922,1638518999999,17954912.68597,5340,2032.604,9279717.71375,0
1638519000000,4570.77,4577.15,4563.56,4568.00,4872.401,1638519299999,22273770.02217,6402,2153.106,9842941.66261,0
1638519300000,4567.99,4574.80,4563.17,4572.50,3083.408,1638519599999,14084484.20307,4539,1272.055,5810823.91977,0
1638519600000,4572.51,4573.75,4557.65,4558.82,3712.905,1638519899999,16947203.35194,5273,1561.885,7128181.96407,0
1638519900000,4558.81,4562.71,4550.03,4550.85,4650.461,1638520199999,21190179.11169,6274,1879.294,8562576.36818,0
1638520200000,4550.97,4556.83,4548.75,4553.87,3519.601,1638520499999,16023360.60454,5473,1993.060,9074073.29568,0
1638520500000,4553.87,4555.00,4548.75,4548.99,2852.659,1638520799999,12984145.60197,3910,1219.800,5551209.94519,0
1638520800000,4548.99,4559.54,4545.50,4556.82,4102.443,1638521099999,18678622.72869,5564,2153.841,9808211.62570,0
1638521100000,4556.72,4564.08,4556.28,4558.63,4287.452,1638521399999,19550730.53190,5169,2540.891,11586395.51264,0
1638521400000,4558.83,4562.50,4556.00,4556.67,2717.002,1638521699999,12389647.94399,3718,1259.241,5742261.94875,0
1638521700000,4556.70,4563.93,4555.21,4561.26,3238.913,1638521999999,14770983.26706,3977,1464.293,6677632.75985,0
1638522000000,4561.27,4561.80,4551.60,4551.83,2930.012,1638522299999,13354555.73496,3831,1071.248,4881368.87810,0
1638522300000,4551.83,4555.22,4550.92,4553.11,1963.655,1638522599999,8940463.08910,3131,1066.375,4854448.72353,0
1638522600000,4553.16,4563.64,4552.94,4562.64,1994.810,1638522899999,9091603.16582,3717,1270.087,5787889.01984,0
1638522900000,4562.63,4571.87,4558.83,4564.94,4236.737,1638523199999,19345170.48217,6223,2702.040,12339256.59623,0
1638523200000,4564.93,4568.84,4550.52,4552.02,2983.175,1638523499999,13594576.37121,4710,829.376,3777932.01391,0
1638523500000,4551.90,4559.99,4550.00,4555.21,2220.754,1638523799999,10113642.45163,4030,1040.374,4738579.17560,0
1638523800000,4555.22,4563.32,4554.00,4554.00,2176.103,1638524099999,9918470.86089,3916,926.252,4221252.64810,0
1638524100000,4554.01,4564.00,4553.55,4559.40,1863.037,1638524399999,8497305.74967,3776,1034.548,4718727.70736,0
1638524400000,4559.41,4565.42,4553.96,4562.75,1897.836,1638524699999,8652987.92395,3672,955.725,4358038.74834,0
1638524700000,4562.75,4569.53,4562.75,4566.65,3559.373,1638524999999,16257485.51566,5413,2228.327,10177787.05744,0
1638525000000,4566.66,4574.07,4562.33,4571.60,5096.779,1638525299999,23288643.88431,7090,2723.342,12444527.44399,0
1638525300000,4571.46,4584.06,4571.16,4579.10,8178.556,1638525599999,37447004.94917,9813,4904.496,22457501.21432,0
1638525600000,4579.48,4605.26,4579.11,4595.26,15087.298,1638525899999,69318581.44347,22349,9238.844,42446342.06672,0
1638525900000,4595.26,4618.23,4595.25,4605.66,13517.279,1638526199999,62311786.74880,19924,7565.699,34874532.67780,0
1638526200000,4605.66,4619.56,4605.05,4607.79,7081.201,1638526499999,32669376.89618,12676,3578.360,16510666.69973,0
1638526500000,4607.78,4612.49,4599.04,4611.55,8048.881,1638526799999,37067441.80604,11610,3652.845,16826530.98509,0
1638526800000,4611.55,4612.90,4600.43,4601.69,5395.675,1638527099999,24846503.32775,8555,1855.577,8544200.56006,0
1638527100000,4601.69,4604.71,4595.00,4599.15,6557.657,1638527399999,30158176.36174,10615,3134.456,14416095.05358,0
1638527400000,4599.14,4601.00,4578.00,4580.43,8918.515,1638527699999,40908331.80363,11798,3295.356,15113183.56529,0
1638527700000,4580.43,4587.62,4571.00,4577.10,6473.294,1638527999999,29640956.36171,9903,2940.831,13469624.53786,0
1638528000000,4577.01,4587.47,4572.77,4582.42,3401.976,1638528299999,15584610.39810,6666,1807.550,8281456.07617,0
1638528300000,4582.41,4588.96,4576.79,4579.12,3039.728,1638528599999,13930396.61941,6203,1286.599,5895845.22933,0
1638528600000,4579.12,4579.28,4573.20,4573.74,2576.892,1638528899999,11791164.91884,5249,880.400,4028624.52494,0
1638528900000,4573.74,4581.72,4572.72,4576.61,2296.477,1638529199999,10510777.15887,4911,1157.171,5296649.83525,0
1638529200000,4576.61,4589.96,4576.19,4583.32,4631.307,1638529499999,21237066.24595,6661,2616.981,12001305.87119,0
1638529500000,4583.33,4596.32,4582.00,4595.08,4365.791,1638529799999,20037450.73938,6488,2995.703,13750106.33491,0
1638529800000,4595.09,4604.49,4591.41,4596.85,7480.800,1638530099999,34404213.52697,9920,3671.717,16885715.98114,0
1638530100000,4596.85,4606.94,4594.37,4599.09,3108.214,1638530399999,14304010.27281,7135,1557.666,7168744.68345,0
1638530400000,4599.08,4599.92,4586.66,4590.49,3836.629,1638530699999,17619131.98174,6344,1119.720,5141939.38958,0
1638530700000,4590.50,4608.12,4590.50,4607.38,3504.875,1638530999999,16122233.80470,6298,2518.121,11583093.36877,0
1638531000000,4607.37,4608.52,4599.49,4604.44,4754.820,1638531299999,21889739.69315,6680,2423.419,11156232.52589,0
1638531300000,4604.43,4607.12,4594.05,4595.62,3696.527,1638531599999,17011062.05105,6029,1701.710,7833372.80860,0
1638531600000,4595.63,4605.34,4594.72,4602.71,2108.449,1638531899999,9699640.59077,4828,973.480,4478807.91543,0
1638531900000,4602.70,4612.23,4602.29,4610.66,4748.813,1638532199999,21888030.58263,6501,2654.313,12233561.80195,0
1638532200000,4610.65,4616.09,4606.41,4608.72,4813.185,1638532499999,22194291.06028,7146,2757.883,12717428.65564,0
1638532500000,4608.73,4615.69,4608.72,4613.36,2354.633,1638532799999,10862295.14068,5247,1238.934,5715560.97573,0
1638532800000,4613.35,4628.57,4613.35,4620.45,11314.992,1638533099999,52302372.92484,14942,6497.761,30035277.02939,0
1638533100000,4620.45,4627.63,4618.30,4626.88,3329.361,1638533399999,15386858.40281,6147,1880.634,8692545.83971,0
1638533400000,4626.88,4631.00,4618.16,4618.16,4937.743,1638533699999,22845367.51811,8750,2227.463,10306738.75921,0
1638533700000,4618.31,4622.30,4610.86,4616.44,4905.234,1638533999999,22643086.78767,8062,2158.549,9964233.21392,0
1638534000000,4616.44,4618.42,4606.30,4606.48,5068.236,1638534299999,23368893.52255,7284,1758.939,8110121.00815,0
1638534300000,4606.47,4609.63,4600.69,4603.76,4101.195,1638534599999,18886829.20741,7194,2313.769,10656216.23064,0
1638534600000,4603.76,4609.92,4597.22,4599.38,4450.900,1638534899999,20489891.02485,7258,1935.879,8914245.29702,0
1638534900000,4599.22,4603.19,4592.88,4595.22,6177.146,1638535199999,28397391.77919,7246,2793.271,12841406.74037,0
1638535200000,4595.22,4602.22,4591.32,4599.86,3292.510,1638535499999,15139515.09790,5292,2048.939,9421751.69631,0
1638535500000,4599.89,4602.67,4591.27,4593.86,3259.093,1638535799999,14979920.14793,4983,1258.537,5786164.87485,0
1638535800000,4593.86,4603.57,4593.37,4595.03,3590.118,1638536099999,16510421.83119,4846,1824.216,8389172.28919,0
1638536100000,4595.03,4597.96,4590.87,4596.43,2472.128,1638536399999,11357194.94366,3875,1268.938,5829610.25903,0
1638536400000,4596.42,4599.00,4591.69,4598.78,2103.347,1638536699999,9665569.15964,3877,1105.648,5081769.16882,0
1638536700000,4598.77,4604.84,4596.66,4601.72,3416.342,1638536999999,15720818.65449,5105,2190.493,10079943.00634,0
1638537000000,4601.73,4604.84,4597.98,4602.87,1906.079,1638537299999,8770434.82734,4292,1149.861,5290506.06107,0
1638537300000,4602.86,4605.02,4593.87,4596.83,2825.341,1638537599999,12993325.56400,5067,1434.670,6598118.14050,0
1638537600000,4596.84,4603.19,4596.48,4601.64,2252.045,1638537899999,10359751.48797,4281,1042.735,4797122.07382,0
1638537900000,4601.79,4608.95,4600.42,4606.60,2930.785,1638538199999,13500035.56479,5842,1826.256,8412054.14136,0
1638538200000,4606.61,4658.00,4605.18,4643.24,33464.530,1638538499999,155287002.20643,41185,18453.529,85601646.30767,0
1638538500000,4643.26,4651.00,4627.94,4630.22,9683.843,1638538799999,44918617.27551,14859,4074.748,18899934.18764,0
1638538800000,4630.00,4636.88,4621.29,4621.89,7710.506,1638539099999,35682971.49954,10271,3125.104,14464616.76871,0
1638539100000,4621.89,4621.95,4564.82,4585.64,37329.026,1638539399999,171435263.29883,35183,14636.892,67225798.61653,0
1638539400000,4585.71,4598.43,4584.14,4595.53,8732.981,1638539699999,40099069.63220,11426,5191.333,23837661.24775,0
1638539700000,4595.53,4604.94,4595.00,4599.20,6414.274,1638539999999,29512061.02211,8990,3871.088,17812033.81404,0
1638540000000,4599.20,4601.92,4588.15,4595.71,6349.108,1638540299999,29162500.86437,7948,3712.329,17053525.65721,0
1638540300000,4595.71,4601.64,4592.60,4592.60,3611.920,1638540599999,16606932.55242,6194,1611.893,7411030.03840,0
1638540600000,4592.60,4596.02,4581.85,4584.61,5620.502,1638540899999,25795226.88059,9115,1600.120,7344496.77335,0
1638540900000,4584.62,4590.87,4575.88,4590.87,6086.599,1638541199999,27898548.69063,8797,3466.165,15893245.13325,0
1638541200000,4590.86,4591.62,4577.61,4578.32,3064.203,1638541499999,14051542.66429,6125,1369.713,6282299.34462,0
1638541500000,4578.33,4586.31,4569.56,4584.49,7447.108,1638541799999,34083706.93991,8556,4154.545,19019115.58196,0
1638541800000,4584.50,4593.40,4577.36,4587.85,4984.533,1638542099999,22865397.26415,6764,3006.644,13792607.87086,0
1638542100000,4587.86,4588.41,4571.26,4571.26,6068.247,1638542399999,27779861.36449,7235,2247.837,10290728.20114,0
1638542400000,4571.28,4577.08,4560.00,4564.99,9671.621,1638542699999,44167541.25763,10948,4174.888,19064502.49711,0
1638542700000,4565.00,4572.61,4556.00,4556.37,5117.345,1638542999999,23365640.14465,8155,2238.327,10223638.12465,0
1638543000000,4556.36,4559.85,4530.00,4534.70,21523.298,1638543299999,97752973.03698,26905,9048.766,41087955.29204,0
1638543300000,4534.70,4537.88,4515.39,4522.06,20375.370,1638543599999,92154184.87810,23369,8902.094,40265834.10891,0
1638543600000,4522.56,4528.00,4490.06,4503.09,24405.549,1638543899999,109992098.37802,29957,10214.762,46044680.89653,0
1638543900000,4503.10,4509.38,4489.73,4497.41,18373.674,1638544199999,82698420.32026,20634,10445.196,47014023.54822,0
1638544200000,4497.40,4505.93,4492.63,4495.19,8880.517,1638544499999,39946337.86862,11980,4791.853,21557737.43745,0
1638544500000,4495.15,4509.92,4492.88,4506.73,9530.544,1638544799999,42915050.90856,11422,6076.785,27365122.42614,0
1638544800000,4506.73,4517.32,4499.98,4517.32,9677.226,1638545099999,43634440.03994,11784,5104.649,23024652.40804,0
1638545100000,4517.32,4525.00,4505.52,4522.32,9026.762,1638545399999,40769470.36254,10371,4947.446,22350151.09342,0
1638545400000,4522.33,4525.28,4513.83,4514.57,5700.480,1638545699999,25767715.23287,8178,2029.658,9176464.29152,0
1638545700000,4514.52,4523.45,4512.00,4514.72,3898.497,1638545999999,17611363.99542,6644,2007.473,9070330.11452,0
1638546000000,4514.72,4520.00,4500.22,4501.75,4577.279,1638546299999,20635103.53725,8570,1835.708,8277262.65882,0
1638546300000,4501.49,4509.02,4475.73,4478.01,21875.392,1638546599999,98227470.87713,23822,8233.398,36993881.57160,0
1638546600000,4478.01,4486.14,4462.20,4469.81,24917.649,1638546899999,111429864.22448,28749,13076.887,58486758.12970,0
1638546900000,4469.81,4477.00,4457.09,4468.80,12777.306,1638547199999,57083853.86936,15897,7582.023,33881749.86265,0
1638547200000,4468.71,4468.76,4416.89,4436.39,49219.542,1638547499999,218590794.40778,56604,19922.678,88488706.34366,0
1638547500000,4436.40,4436.40,4362.00,4382.05,72318.694,1638547799999,317920808.81036,78980,29685.245,130531667.18509,0
1638547800000,4382.05,4402.74,4350.00,4399.63,51889.735,1638548099999,227069148.16109,58420,26703.860,116907043.42592,0
1638548100000,4399.63,4407.38,4370.04,4392.91,23861.901,1638548399999,104696106.97223,28168,11661.694,51174006.96815,0
1638548400000,4393.23,4395.64,4375.23,4379.87,13773.862,1638548699999,60407195.80604,17613,6684.552,29322321.76654,0
1638548700000,4379.70,4401.56,4376.93,4399.99,11817.045,1638548999999,51884433.35569,17507,7439.221,32667949.10270,0
1638549000000,4399.99,4416.05,4394.35,4412.04,13465.589,1638549299999,59341844.92279,18841,7218.962,31814835.92457,0
1638549300000,4412.03,4416.08,4390.25,4414.16,14887.608,1638549599999,65564780.26433,16925,8109.255,35717183.71367,0
1638549600000,4414.17,4416.48,4388.65,4396.08,9076.880,1638549899999,39924315.71868,13012,3750.436,16499192.55212,0
1638549900000,4396.07,4396.07,4372.95,4383.00,12270.524,1638550199999,53775580.59663,15915,5637.998,24707639.51082,0
1638550200000,4383.01,4384.25,4360.24,4360.87,13267.536,1638550499999,57984719.41777,17483,6644.316,29043386.78476,0
1638550500000,4360.88,4363.05,4323.46,4346.40,40166.022,1638550799999,174453310.18701,48040,17131.702,74416407.56379,0
1638550800000,4346.49,4347.31,4303.21,4333.37,38884.186,1638551099999,168041023.28406,42756,16369.213,70751380.91685,0
1638551100000,4333.37,4346.62,4325.52,4346.32,14691.634,1638551399999,63720997.21072,17945,8493.315,36849353.56648,0
1638551400000,4346.32,4362.13,4340.65,4351.44,18293.867,1638551699999,79654120.14899,20987,11663.653,50785774.03142,0
1638551700000,4351.44,4367.95,4350.00,4352.21,11263.185,1638551999999,49097490.65828,17638,6400.612,27904803.20191,0
1638552000000,4352.21,4365.80,4340.00,4363.55,10886.003,1638552299999,47364676.74324,13139,4670.131,20327038.88496,0
1638552300000,4363.55,4364.36,4326.90,4328.71,13075.537,1638552599999,56812712.03172,19030,4241.419,18432611.76641,0
1638552600000,4328.72,4334.51,4315.00,4330.26,14402.990,1638552899999,62272077.08569,20509,6947.197,30042346.79315,0
1638552900000,4330.27,4353.71,4327.67,4350.50,11441.425,1638553199999,49695501.68220,13474,7389.280,32094596.60489,0
1638553200000,4350.51,4358.87,4346.16,4349.27,5502.311,1638553499999,23952793.22429,8942,2400.023,10448952.23329,0
1638553500000,4349.28,4361.00,4341.38,4358.82,10473.797,1638553799999,45572944.22195,11274,5879.352,25588661.15802,0
1638553800000,4358.82,4364.77,4352.06,4360.97,6375.517,1638554099999,27784665.51922,9916,2485.184,10832419.82916,0
1638554100000,4360.98,4360.98,4350.01,4354.56,5186.960,1638554399999,22588650.25460,8574,2106.323,9172628.01097,0
1638554400000,4354.55,4354.55,4338.90,4350.70,7189.673,1638554699999,31245125.91115,9952,3816.184,16586444.55303,0
1638554700000,4350.51,4364.32,4349.84,4356.43,6828.141,1638554999999,29754273.85091,9582,4069.448,17733828.83219,0
1638555000000,4356.43,4356.43,4335.00,4339.76,5258.466,1638555299999,22847155.92619,8575,1749.380,7601297.99929,0
1638555300000,4339.76,4354.87,4333.45,4354.65,5166.937,1638555599999,22457323.56769,7706,3432.008,14916137.68336,0
1638555600000,4354.61,4366.36,4351.68,4360.95,6110.342,1638555899999,26649203.59830,9484,3625.793,15814325.19731,0
1638555900000,4360.63,4361.25,4341.51,4349.07,4356.763,1638556199999,18957101.90488,7194,1698.634,7388953.72057,0
1638556200000,4349.06,4357.97,4338.90,4340.34,4307.742,1638556499999,18733402.79544,6253,1975.057,8593687.37506,0
1638556500000,4340.34,4341.02,4320.00,4321.76,9028.992,1638556799999,39089537.32806,11268,3210.218,13902307.95495,0
1638556800000,4321.72,4333.45,4318.01,4318.55,7126.435,1638557099999,30823824.63029,8944,3547.538,15348992.92008,0
1638557100000,4318.56,4327.84,4272.00,4327.84,44575.264,1638557399999,191757003.44055,51227,20081.243,86421769.65129,0
1638557400000,4327.84,4347.98,4321.20,4331.00,16795.393,1638557699999,72799303.05737,19165,8466.010,36701848.58773,0
1638557700000,4330.46,4334.58,4308.93,4325.26,9817.922,1638557999999,42422151.31902,11574,5078.875,21949581.74984,0
1638558000000,4325.27,4327.09,4300.00,4317.33,12832.636,1638558299999,55343722.67594,15482,6197.815,26731800.08184,0
1638558300000,4317.33,4317.66,4292.69,4306.66,8912.504,1638558599999,38340496.00574,12017,4024.853,17316459.45687,0
1638558600000,4306.65,4312.13,4296.24,4304.83,5164.302,1638558899999,22218494.66751,8415,2130.433,9167449.15336,0
1638558900000,4304.87,4310.00,4278.52,4278.52,8868.027,1638559199999,38042399.76195,13649,3306.120,14188257.66684,0
1638559200000,4278.52,4283.51,4255.00,4276.81,29465.907,1638559499999,125776193.16998,36929,13546.845,57855855.06231,0
1638559500000,4276.12,4280.00,4229.03,4253.26,24863.426,1638559799999,105626963.42908,34685,9402.499,39948587.02432,0
1638559800000,4253.26,4263.08,4229.17,4247.28,16260.560,1638560099999,69045813.38555,23826,8450.840,35894042.70716,0
1638560100000,4247.40,4253.32,4200.00,4203.42,33686.678,1638560399999,142136442.24475,40857,10714.755,45265346.74525,0
1638560400000,4203.21,4244.00,4180.00,4241.20,41175.613,1638560699999,173273075.04362,53754,21311.505,89757572.99702,0
1638560700000,4241.21,4248.11,4217.00,4223.33,13586.103,1638560999999,57536930.65609,18227,6110.094,25889594.18873,0
1638561000000,4223.34,4250.97,4219.49,4234.64,12637.033,1638561299999,53560844.15476,15281,7129.079,30209349.08420,0
1638561300000,4234.64,4238.49,4215.86,4229.33,12173.254,1638561599999,51459863.35435,12968,5842.333,24701090.83388,0
1638561600000,4229.33,4229.33,4140.15,4180.99,59421.477,1638561899999,248184255.09125,62693,27138.557,113294111.36259,0
1638561900000,4181.00,4211.62,4166.75,4179.11,26944.151,1638562199999,113036566.93073,27626,14355.562,60222305.61263,0
1638562200000,4179.10,4184.22,4129.60,4142.47,40744.450,1638562499999,169233017.64941,51760,18367.125,76320916.30829,0
1638562500000,4142.30,4169.55,4004.00,4094.92,82195.314,1638562799999,336913478.28603,86726,30117.787,123735986.15415,0
1638562800000,4092.09,4178.00,4061.66,4157.73,101696.476,1638563099999,420746567.48361,90825,55408.092,229287888.75495,0
1638563100000,4157.72,4176.36,4132.38,4164.81,41099.713,1638563399999,170830195.03022,41321,22140.943,92052574.56923,0
1638563400000,4164.59,4187.71,4154.12,4156.23,27240.859,1638563699999,113635585.84832,31052,13423.605,56018050.97907,0
1638563700000,4156.48,4165.61,4131.42,4145.04,18902.025,1638563999999,78396558.15471,24651,9146.563,37944563.47320,0
1638564000000,4144.56,4166.38,4135.50,4160.70,18441.888,1638564299999,76597416.21424,21331,10222.395,42467745.06534,0
1638564300000,4160.46,4193.00,4151.85,4188.95,19428.511,1638564599999,81168597.54738,22782,11639.524,48643279.43173,0
1638564600000,4188.95,4207.87,4187.05,4195.63,18177.713,1638564899999,76291788.65004,20684,10042.357,42150899.34898,0
1638564900000,4195.78,4212.66,4192.11,4208.27,14286.659,1638565199999,60041973.81757,18455,7527.895,31642705.16545,0
1638565200000,4207.40,4226.35,4197.11,4223.18,12406.262,1638565499999,52273443.44843,17286,7024.375,29609964.01035,0
1638565500000,4223.18,4249.60,4218.64,4246.03,17047.839,1638565799999,72213555.75490,21768,10081.050,42713511.81464,0
1638565800000,4246.06,4246.53,4218.65,4230.30,13440.252,1638566099999,56886700.19124,18122,4530.717,19181978.40398,0
1638566100000,4230.05,4239.95,4222.83,4224.57,7342.892,1638566399999,31074321.16406,10523,3585.765,15181936.51341,0
1638566400000,4224.56,4244.00,4222.58,4233.01,5694.542,1638566699999,24108242.25282,8812,2804.893,11876614.98200,0
1638566700000,4233.01,4249.64,4222.68,4226.40,11983.301,1638566999999,50774633.51937,13604,5091.403,21583205.17265,0
1638567000000,4226.40,4237.73,4219.94,4229.98,8061.685,1638567299999,34094943.71239,9481,3978.989,16832642.13100,0
1638567300000,4229.98,4243.78,4227.25,4238.98,4790.191,1638567599999,20299530.09476,7249,2454.501,10403246.02797,0
1638567600000,4238.98,4246.74,4233.57,4238.08,5917.330,1638567899999,25091504.63750,6490,3712.909,15746590.92436,0
1638567900000,4238.09,4241.29,4226.76,4227.24,6059.372,1638568199999,25661343.47324,7959,2330.992,9874164.47568,0
1638568200000,4227.74,4228.23,4211.93,4212.05,8651.487,1638568499999,36517402.62578,9653,2361.546,9971317.56166,0
1638568500000,4212.06,4220.02,4210.53,4211.85,8744.434,1638568799999,36850040.82385,7591,3534.143,14894694.34841,0
1638568800000,4211.77,4215.79,4177.00,4214.18,27109.440,1638569099999,113785134.40294,25961,11831.092,49666081.08295,0
1638569100000,4214.18,4245.00,4204.25,4241.80,16106.738,1638569399999,68144649.76532,17617,9694.990,41014860.70617,0
1638569400000,4241.79,4244.63,4227.15,4234.48,9545.583,1638569699999,40428476.23148,10803,4326.024,18324294.85753,0
1638569700000,4234.49,4241.29,4224.68,4234.61,7876.923,1638569999999,33337693.56536,8578,3429.582,14518794.16864,0
1638570000000,4234.60,4234.61,4214.05,4223.25,6899.882,1638570299999,29132884.14873,8343,3055.951,12902132.34128,0
1638570300000,4223.24,4226.30,4215.77,4216.41,4128.439,1638570599999,17423096.25443,4651,2248.382,9488398.18400,0
1638570600000,4216.23,4224.94,4216.08,4223.89,2277.136,1638570899999,9611480.47181,3681,1262.458,5328741.37739,0
1638570900000,4223.89,4236.02,4223.89,4236.01,3230.943,1638571199999,13667575.02179,4096,2014.500,8520980.93864,0
1638571200000,4236.00,4236.00,4224.00,4225.01,2861.674,1638571499999,12104947.36020,3338,908.376,3841676.46613,0
1638571500000,4225.01,4226.74,4203.60,4203.86,4682.823,1638571799999,19740255.20454,5511,1074.558,4532596.51267,0
1638571800000,4203.98,4210.08,4203.26,4208.71,3490.859,1638572099999,14685063.39047,4212,2342.902,9856030.29882,0
1638572100000,4208.71,4208.71,4187.00,4196.66,12184.613,1638572399999,51115780.88040,10623,4624.999,19404494.33385,0
1638572400000,4196.67,4212.16,4195.84,4209.68,5308.434,1638572699999,22325348.73958,6164,3960.800,16655198.72108,0
1638572700000,4209.68,4223.13,4209.16,4214.38,5859.235,1638572999999,24716349.21746,6630,2994.197,12629740.08342,0
1638573000000,4214.38,4226.30,4201.56,4223.58,4313.677,1638573299999,18183210.69607,5838,2651.907,11183698.26422,0
1638573300000,4223.74,4231.98,4213.35,4226.40,4186.838,1638573599999,17690174.83362,6347,2697.319,11397892.97106,0
1638573600000,4226.40,4237.67,4217.68,4231.98,4516.742,1638573899999,19111532.86085,6619,2476.475,10480061.21965,0
1638573900000,4231.97,4233.16,4222.81,4227.13,2786.571,1638574199999,11781480.38958,4505,1597.932,6755973.27992,0
1638574200000,4227.13,4240.38,4222.22,4240.07,2742.247,1638574499999,11601467.84137,4658,1884.401,7974502.10437,0
1638574500000,4240.07,4244.47,4230.82,4241.21,3686.051,1638574799999,15624784.83992,5828,1823.315,7730438.79632,0
1638574800000,4241.20,4249.00,4238.13,4241.02,5917.984,1638575099999,25120264.89702,7047,3406.325,14460676.04866,0
1638575100000,4241.02,4243.07,4231.05,4241.23,4312.254,1638575399999,18269066.33108,5567,1558.950,6606716.32147,0
1638575400000,4241.22,4248.55,4232.00,4232.00,3645.872,1638575699999,15460589.45538,5322,1807.008,7665338.20365,0
1638575700000,4232.00,4234.89,4208.62,4213.66,11568.625,1638575999999,48805731.22645,11411,5393.378,22746639.02911,0
1638576000000,4213.67,4215.24,4190.73,4196.88,14031.994,1638576299999,58967164.84534,14632,4375.338,18386611.77711,0
1638576300000,4196.64,4215.85,4196.33,4211.33,8432.002,1638576599999,35481707.92352,9929,5873.645,24713399.49920,0
1638576600000,4211.33,4225.40,4211.32,4223.68,5560.112,1638576899999,23464342.77094,7296,3444.409,14533764.93019,0
1638576900000,4223.68,4232.66,4214.56,4232.09,4322.483,1638577199999,18259195.32787,6939,2294.276,9694651.21411,0
1638577200000,4232.09,4237.20,4216.48,4217.76,5870.070,1638577499999,24810161.99347,7531,2058.391,8700849.31765,0
1638577500000,4217.75,4218.04,4200.00,4200.68,4771.024,1638577799999,20070494.26304,7276,1766.091,7430136.91018,0
1638577800000,4201.22,4204.67,4195.80,4199.96,5946.588,1638578099999,24975151.89654,8025,2637.448,11078039.72734,0
1638578100000,4199.99,4204.70,4180.00,4184.09,10666.513,1638578399999,44708331.56551,11470,3529.825,14794510.38047,0
1638578400000,4184.10,4191.87,4156.00,4172.05,15328.457,1638578699999,63974130.84174,17762,6121.160,25563613.27270,0
1638578700000,4171.94,4180.00,4151.81,4171.85,14685.378,1638578999999,61122966.18871,16427,6316.204,26305401.48215,0
1638579000000,4171.85,4171.85,4150.00,4162.96,6291.895,1638579299999,26160172.83316,9792,3242.442,13481907.48429,0
1638579300000,4163.00,4186.35,4161.73,4165.88,9800.682,1638579599999,40927086.25426,11950,6138.466,25634332.23457,0
1638579600000,4165.87,4191.63,4143.00,4181.30,21533.786,1638579899999,89668991.34631,21122,11661.110,48591920.24620,0
1638579900000,4181.30,4190.73,4127.33,4139.79,21726.549,1638580199999,90214729.31325,22567,7001.043,29075371.33394,0
1638580200000,4140.13,4143.72,4118.72,4127.07,19909.246,1638580499999,82230922.59648,24656,9097.394,37578822.51858,0
1638580500000,4127.07,4155.00,4127.07,4140.11,12398.440,1638580799999,51411103.77588,13714,6526.884,27058089.48915,0
1638580800000,4140.11,4166.87,4140.00,4153.07,8676.549,1638581099999,36087930.14250,10600,5144.296,21398104.99242,0
1638581100000,4153.08,4169.99,4149.01,4161.77,5147.017,1638581399999,21417665.23354,7692,2856.152,11886494.20116,0
1638581400000,4161.77,4164.95,4147.31,4157.16,5361.736,1638581699999,22271086.32278,7784,2086.408,8666191.68273,0
1638581700000,4157.16,4162.99,4141.86,4153.46,6469.508,1638581999999,26852651.79712,8677,3079.674,12783517.80740,0
1638582000000,4153.47,4176.11,4148.42,4176.07,6877.313,1638582299999,28631932.98763,8576,4770.473,19862740.20146,0
1638582300000,4176.06,4181.75,4166.38,4179.49,6113.428,1638582599999,25521425.32731,8392,3125.280,13050846.95876,0
1638582600000,4179.49,4179.90,4159.84,4169.99,4119.155,1638582899999,17172006.88627,6968,1566.277,6529064.49223,0
1638582900000,4169.99,4177.11,4165.92,4169.27,3662.934,1638583199999,15280968.81110,6727,1626.058,6783872.12685,0
1638583200000,4169.85,4184.91,4167.25,4183.17,4314.193,1638583499999,18030296.57759,7419,2991.130,12501450.28491,0
1638583500000,4183.16,4184.32,4150.35,4150.79,6228.193,1638583799999,25926121.87764,7563,1876.883,7814179.08995,0
1638583800000,4150.79,4162.74,4147.45,4148.67,6077.031,1638584099999,25245847.10817,7260,3309.532,13751137.25048,0
1638584100000,4148.68,4160.18,4145.49,4148.77,3692.273,1638584399999,15327270.15556,6196,1940.839,8059492.29831,0
1638584400000,4148.77,4160.02,4139.59,4139.81,4407.752,1638584699999,18287631.28133,6544,1908.408,7920735.62372,0
1638584700000,4139.82,4143.67,4136.00,4139.76,3789.861,1638584999999,15684912.97103,8550,2198.149,9097764.14060,0
1638585000000,4139.76,4146.85,4129.49,4146.61,5721.716,1638585299999,23676595.66571,9198,2950.204,12211166.94596,0
1638585300000,4146.62,4153.68,4136.00,4152.88,3150.226,1638585599999,13061978.91131,5248,1927.135,7990702.11302,0
1638585600000,4152.87,4154.52,4143.51,4154.16,3014.205,1638585899999,12511929.01100,5039,1496.937,6213531.72658,0
1638585900000,4154.17,4167.23,4151.57,4166.42,5407.798,1638586199999,22499360.45706,6142,3630.553,15103209.45180,0
1638586200000,4166.42,4170.33,4160.25,4165.32,2512.813,1638586499999,10467635.63416,5107,1001.976,4173994.31930,0
1638586500000,4165.32,4171.97,4161.84,4168.79,3639.911,1638586799999,15172782.71826,5731,2090.916,8716275.33636,0
1638586800000,4168.80,4169.75,4145.40,4146.54,6206.320,1638587099999,25792484.10961,6642,1879.560,7810726.69549,0
1638587100000,4146.54,4151.84,4136.04,4140.53,4787.743,1638587399999,19839432.37738,6441,1973.716,8179715.60513,0
1638587400000,4140.52,4143.04,4132.49,4134.65,4174.691,1638587699999,17270422.61901,6316,1946.751,8054322.75454,0
1638587700000,4134.66,4140.05,4129.87,4130.45,3621.308,1638587999999,14971720.44681,6208,1668.300,6898458.17865,0
1638588000000,4130.44,4131.88,4080.90,4093.31,31640.662,1638588299999,129856284.20022,35035,10992.925,45116491.61603,0
1638588300000,4093.31,4104.29,4086.00,4103.41,11603.863,1638588599999,47526393.22512,14185,7092.495,29056296.94495,0
1638588600000,4103.42,4113.71,4098.69,4112.51,7226.219,1638588899999,29687924.55278,10283,4711.206,19355789.78189,0
1638588900000,4112.58,4118.25,4097.28,4098.35,7116.880,1638589199999,29232004.99066,9212,3392.374,13938355.72400,0
1638589200000,4098.34,4107.80,4088.00,4088.74,7876.341,1638589499999,32270038.85280,10802,3836.634,15723895.02439,0
1638589500000,4088.74,4098.22,4082.00,4095.24,6032.673,1638589799999,24663263.50080,9933,3064.915,12534041.42361,0
1638589800000,4095.24,4097.82,4072.02,4086.59,11119.717,1638590099999,45391299.44834,13097,4276.589,17467095.23638,0
1638590100000,4086.34,4088.37,4055.47,4059.62,22415.511,1638590399999,91186841.09233,22858,6918.553,28151437.04273,0
1638590400000,4058.91,4075.00,4057.09,4066.15,16959.336,1638590699999,68946677.77413,21054,9148.292,37197363.98244,0
1638590700000,4066.15,4094.35,4059.61,4092.73,16133.816,1638590999999,65824558.02630,15631,11079.659,45215291.20419,0
1638591000000,4092.73,4109.51,4090.00,4105.92,9155.656,1638591299999,37543547.00266,12291,4849.222,19886341.69286,0
1638591300000,4105.92,4115.82,4103.00,4113.36,5343.275,1638591599999,21963243.00669,8737,2711.313,11146687.88638,0
1638591600000,4113.37,4119.03,4105.54,4115.74,4637.569,1638591899999,19072400.72602,8373,1983.051,8156687.96506,0
1638591900000,4115.43,4117.23,4086.02,4087.02,9589.640,1638592199999,39299456.39410,10553,2682.960,10992516.15591,0
1638592200000,4087.03,4102.42,4078.31,4085.61,8282.759,1638592499999,33878361.91057,10165,4669.145,19103177.63080,0
1638592500000,4085.61,4093.54,4070.84,4073.50,5396.427,1638592799999,22006205.05736,8335,2306.827,9408997.36336,0
1638592800000,4073.02,4083.61,4056.34,4059.38,11560.585,1638593099999,47031051.69590,14063,4918.358,20011879.65812,0
1638593100000,4059.21,4086.92,4056.96,4083.22,7031.774,1638593399999,28648359.00134,11456,4162.512,16959840.52131,0
1638593400000,4083.21,4086.93,4000.00,4007.11,44976.333,1638593699999,181403571.98953,42085,15213.509,61366471.31150,0
1638593700000,4006.02,4041.73,3968.00,4018.33,103215.914,1638593999999,413895213.96282,92918,47208.219,189478014.13741,0
1638594000000,4018.11,4031.54,3810.00,3919.37,99577.024,1638594299999,391147473.27019,99157,38218.636,150267658.61480,0
1638594300000,3919.80,3931.25,3857.90,3929.24,108502.088,1638594599999,423230442.36454,95121,51182.627,199676478.29466,0
1638594600000,3929.70,3953.65,3888.65,3896.25,60608.103,1638594899999,237626707.10665,53533,26401.090,103557771.33881,0
1638594900000,3896.25,3917.47,3872.31,3900.26,41989.263,1638595199999,163732263.31671,46938,21698.003,84618677.63488,0
1638595200000,3900.26,3909.59,3723.00,3747.60,109319.084,1638595499999,414178727.79282,101072,43348.543,164225418.22054,0
1638595500000,3747.60,3754.17,3388.15,3646.95,179321.904,1638595799999,644066289.01702,150347,74864.333,268823032.86934,0
1638595800000,3646.95,3732.35,3631.01,3710.01,80777.578,1638596099999,298525386.98801,78059,37899.278,140113234.38579,0
1638596100000,3710.01,3760.00,3691.46,3729.17,58233.696,1638596399999,216844530.60984,64420,29396.526,109499461.14308,0
1638596400000,3729.17,3773.67,3711.00,3733.63,53518.738,1638596699999,200440978.86374,58353,22482.701,84244655.40524,0
1638596700000,3733.17,3802.39,3730.01,3793.53,50539.057,1638596999999,190503771.13820,47161,25835.884,97440999.07312,0
1638597000000,3793.53,3812.00,3750.00,3810.15,58271.343,1638597299999,220370117.64104,52286,32537.660,123060381.10736,0
1638597300000,3810.16,3856.45,3800.55,3842.91,41088.322,1638597599999,157637845.79094,40955,22264.643,85424334.49609,0
1638597600000,3842.54,3864.72,3821.10,3823.16,35583.734,1638597899999,136890336.72883,38618,15036.534,57863940.42463,0
1638597900000,3823.14,3844.49,3809.89,3826.11,34492.839,1638598199999,132057142.12372,36928,17686.054,67732718.94432,0
1638598200000,3825.65,3829.99,3787.30,3808.67,30559.879,1638598499999,116318681.79859,38488,14181.712,53990552.43799,0
1638598500000,3808.49,3847.78,3808.14,3847.77,21545.320,1638598799999,82539551.01677,26610,12687.697,48619817.49082,0
1638598800000,3847.44,3877.18,3843.90,3874.91,20999.319,1638599099999,81035627.72811,26910,10942.315,42227452.56567,0
1638599100000,3874.92,3892.72,3867.25,3890.42,22914.867,1638599399999,88894053.12558,27600,12631.666,49007699.13437,0
1638599400000,3890.42,3914.56,3878.99,3906.03,27938.378,1638599699999,108861725.73405,34543,15326.855,59747757.22886,0
1638599700000,3905.91,3929.00,3903.00,3907.96,23197.437,1638599999999,90852508.44489,29800,10821.919,42398438.18514,0
1638600000000,3908.03,3914.41,3890.00,3910.22,23779.109,1638600299999,92764009.74671,27166,10938.540,42682121.59036,0
1638600300000,3910.46,3911.39,3883.53,3903.51,21132.505,1638600599999,82401208.86698,21805,11220.505,43771619.99736,0
1638600600000,3903.51,3911.68,3889.24,3890.64,11704.990,1638600899999,45655780.98123,18176,5710.030,22274985.88774,0
1638600900000,3890.55,3903.06,3866.09,3899.96,15838.118,1638601199999,61571519.33109,21831,7302.741,28408013.98260,0
1638601200000,3899.79,3906.39,3866.00,3885.81,15191.956,1638601499999,59014047.96304,20737,7197.840,27974071.59994,0
1638601500000,3885.81,3889.89,3843.14,3845.02,25743.590,1638601799999,99394625.47185,30479,10165.966,39263374.48487,0
1638601800000,3844.26,3860.00,3816.49,3832.41,19685.145,1638602099999,75578908.54867,29308,8544.204,32820110.63091,0
1638602100000,3831.83,3867.92,3831.40,3856.27,14973.186,1638602399999,57702511.80444,19376,9751.650,37587273.06864,0
1638602400000,3856.46,3902.60,3856.00,3890.92,22323.265,1638602699999,86696195.45668,24994,12739.656,49463631.28151,0
1638602700000,3890.97,3902.80,3887.66,3900.91,9279.034,1638602999999,36145507.26582,15573,5298.536,20642072.29058,0
1638603000000,3900.91,3904.02,3868.59,3888.68,15169.158,1638603299999,58897665.01000,18675,6111.960,23734872.95018,0
1638603300000,3888.10,3902.00,3861.29,3861.31,15526.750,1638603599999,60275164.57320,19518,6892.119,26775840.73910,0
1638603600000,3862.19,3875.85,3857.10,3869.67,11192.819,1638603899999,43253991.76123,15774,6000.220,23194492.73147,0
1638603900000,3869.66,3873.79,3836.42,3837.60,17298.760,1638604199999,66607224.15199,21306,7354.017,28313884.75156,0
1638604200000,3837.60,3867.64,3835.41,3859.75,11057.083,1638604499999,42610524.39830,15047,6770.240,26095062.06176,0
1638604500000,3860.22,3894.88,3860.22,3893.07,13365.833,1638604799999,51853951.70263,14937,8935.002,34663390.32736,0
1638604800000,3893.08,3904.94,3879.67,3902.20,20915.829,1638605099999,81414802.21091,23261,10065.705,39187854.46453,0
1638605100000,3902.20,3925.35,3895.64,3924.19,15146.162,1638605399999,59257186.57245,19854,7615.893,29794219.78824,0
1638605400000,3924.17,3929.68,3918.00,3921.35,8853.782,1638605699999,34738342.21536,14664,3883.433,15239162.09163,0
1638605700000,3921.36,3946.19,3909.49,3938.90,16358.886,1638605999999,64264735.86245,21610,7479.471,29411642.88231,0
1638606000000,3938.63,3938.85,3923.43,3932.02,9438.139,1638606299999,37096857.13446,15083,3913.199,15381852.11186,0
1638606300000,3932.02,3963.94,3930.99,3962.86,15331.653,1638606599999,60577180.13769,20892,10468.691,41372034.93192,0
1638606600000,3962.87,3967.98,3943.01,3943.02,12626.471,1638606899999,49919323.28181,19171,5814.350,22991953.49852,0
1638606900000,3943.35,3980.00,3941.65,3960.72,19802.174,1638607199999,78567700.64698,23617,11582.842,45968790.67615,0
1638607200000,3960.72,3962.50,3941.19,3949.67,11776.258,1638607499999,46506441.63356,15068,4585.078,18109567.94360,0
1638607500000,3949.67,3952.58,3936.20,3940.00,11940.471,1638607799999,47076236.21767,14708,5431.296,21414279.23546,0
1638607800000,3940.00,3955.72,3935.02,3951.08,6420.887,1638608099999,25333115.49669,10984,3622.777,14298947.19762,0
1638608100000,3951.08,3951.08,3927.80,3938.73,11028.948,1638608399999,43431235.40327,13239,4464.230,17586352.87942,0
1638608400000,3938.72,3945.05,3927.80,3940.15,6868.921,1638608699999,27032247.04018,10824,3346.035,13171967.50723,0
1638608700000,3940.15,3949.39,3933.47,3936.56,7193.138,1638608999999,28355394.06828,9118,3606.335,14220955.27417,0
1638609000000,3936.56,3936.56,3917.08,3925.57,9126.506,1638609299999,35810051.52610,13368,3704.350,14533346.81749,0
1638609300000,3925.57,3926.82,3908.50,3912.21,9340.405,1638609599999,36566538.12169,13197,4128.832,16163372.27199,0
1638609600000,3912.21,3926.66,3910.32,3919.42,5633.044,1638609899999,22075580.44326,10715,3340.558,13092669.95314,0
1638609900000,3919.20,3924.54,3903.96,3916.67,7672.668,1638610199999,30022622.92341,11521,3990.831,15617137.85746,0
1638610200000,3916.67,3942.55,3915.10,3936.94,8318.467,1638610499999,32717256.45760,12147,4840.248,19033578.75140,0
1638610500000,3936.95,3946.00,3933.49,3933.57,3909.482,1638610799999,15400286.35007,9094,1845.025,7268929.70083,0
1638610800000,3933.57,3942.68,3924.85,3926.68,3577.189,1638611099999,14060082.20010,8217,1692.374,6652489.68978,0
1638611100000,3927.27,3930.39,3909.90,3910.86,7396.004,1638611399999,28976745.71194,9808,2709.224,10615010.12692,0
1638611400000,3910.97,3920.56,3905.28,3919.78,5961.687,1638611699999,23326427.53205,9343,3024.898,11836122.94190,0
1638611700000,3919.78,3933.01,3916.38,3931.85,8103.636,1638611999999,31804601.75265,9247,5419.892,21270655.95504,0
1638612000000,3932.21,3934.38,3907.60,3923.41,8580.871,1638612299999,33648365.04328,10979,3965.581,15549191.89096,0
1638612300000,3923.41,3943.86,3914.41,3936.55,7280.476,1638612599999,28622403.55525,10635,3827.930,15050659.87919,0
1638612600000,3936.54,3952.39,3934.26,3940.02,7784.375,1638612899999,30715415.68209,12150,3649.610,14402696.57030,0
1638612900000,3940.02,3956.75,3939.38,3944.43,7588.626,1638613199999,29959542.66674,11468,3224.575,12732244.47847,0
1638613200000,3943.86,3944.85,3923.49,3927.03,6086.253,1638613499999,23923193.34979,9754,2466.939,9695104.02071,0
1638613500000,3927.02,3937.91,3917.44,3918.25,7061.274,1638613799999,27707504.45950,10321,3388.618,13298439.62709,0
1638613800000,3918.25,3924.06,3894.99,3896.49,13444.835,1638614099999,52542156.85180,15319,4678.533,18296366.10553,0
1638614100000,3896.25,3908.61,3883.30,3890.10,12841.462,1638614399999,49993754.27324,17247,5330.569,20759069.74457,0
1638614400000,3890.09,3894.86,3870.28,3892.45,12814.593,1638614699999,49745226.21055,16228,6313.267,24522467.85653,0
1638614700000,3892.46,3907.63,3889.11,3890.11,10410.719,1638614999999,40595885.75640,13060,6101.555,23793188.95569,0
1638615000000,3890.11,3911.97,3889.00,3908.29,5433.284,1638615299999,21192112.05704,8805,3217.277,12550718.92494,0
1638615300000,3908.09,3926.64,3902.65,3917.83,8458.551,1638615599999,33124477.97739,11027,4655.919,18233811.76512,0
1638615600000,3917.82,3923.84,3895.34,3897.81,7551.078,1638615899999,29485303.88691,11132,3103.439,12119969.40807,0
1638615900000,3897.81,3907.13,3880.81,3884.76,6984.351,1638616199999,27182844.70640,10751,3078.881,11985140.45127,0
1638616200000,3884.76,3895.98,3881.01,3895.21,4195.998,1638616499999,16320782.42265,8633,2087.859,8121595.42346,0
1638616500000,3895.22,3898.97,3875.62,3894.43,6320.057,1638616799999,24560192.00979,10244,3038.804,11810791.24434,0
1638616800000,3894.43,3895.33,3867.17,3873.11,7723.776,1638617099999,29942278.56710,12746,3424.020,13271822.97297,0
1638617100000,3873.36,3884.44,3872.70,3883.50,5048.019,1638617399999,19582827.22632,8447,2608.975,10121612.39435,0
1638617400000,3883.50,3891.71,3852.25,3859.67,10891.966,1638617699999,42131244.53177,16093,4522.193,17501744.55064,0
1638617700000,3859.64,3866.80,3835.01,3836.61,13528.246,1638617999999,52098661.95396,17515,4780.886,18426047.95479,0
1638618000000,3836.58,3848.25,3825.25,3838.67,16080.360,1638618299999,61735245.49776,19294,8039.459,30868633.85975,0
1638618300000,3838.82,3868.24,3833.37,3856.13,16012.105,1638618599999,61729736.88402,17664,8245.040,31796098.40213,0
1638618600000,3855.78,3875.36,3853.08,3874.07,6660.628,1638618899999,25762202.56112,10256,3746.664,14492665.15281,0
1638618900000,3874.07,3886.62,3866.17,3866.18,8088.785,1638619199999,31370957.92531,12711,4285.967,16623367.74825,0
1638619200000,3866.18,3890.80,3866.17,3888.00,7878.897,1638619499999,30609319.82728,13576,4733.976,18388814.13037,0
1638619500000,3888.00,3896.09,3881.46,3884.42,6523.994,1638619799999,25376933.47229,10664,3157.434,12283683.55233,0
1638619800000,3884.42,3915.92,3883.53,3909.86,9750.267,1638620099999,38075056.57996,14407,5578.075,21785127.90839,0
1638620100000,3910.28,3923.01,3908.64,3920.86,8630.986,1638620399999,33799438.70577,13329,4461.348,17475119.61903,0
1638620400000,3920.86,3966.00,3919.43,3950.51,31503.807,1638620699999,124426977.25819,32452,14747.711,58236076.51308,0
1638620700000,3950.33,3955.53,3925.76,3927.34,16216.107,1638620999999,63890464.01370,17575,5748.852,22663021.55612,0
1638621000000,3927.66,3948.00,3923.97,3945.25,14419.300,1638621299999,56720191.15094,14773,9090.232,35764438.11644,0
1638621300000,3945.25,3945.52,3932.93,3935.90,4480.791,1638621599999,17641377.12787,8680,1850.554,7286325.16339,0
1638621600000,3935.90,3943.93,3921.47,3924.83,5950.192,1638621899999,23368154.77368,10031,2314.299,9090366.81560,0
1638621900000,3924.77,3928.48,3911.68,3923.08,7365.851,1638622199999,28868720.31742,10381,3251.071,12745195.85904,0
1638622200000,3923.24,3938.47,3905.30,3911.29,8714.400,1638622499999,34144667.07538,12066,3810.125,14933726.18057,0
1638622500000,3911.29,3918.49,3903.94,3911.33,8210.406,1638622799999,32104389.67592,9287,4633.239,18121684.04458,0
1638622800000,3911.35,3919.40,3903.57,3909.13,6324.062,1638623099999,24725784.54336,10429,3175.686,12419750.64206,0
1638623100000,3909.14,3921.24,3905.00,3920.03,5429.882,1638623399999,21256894.83471,9297,3308.715,12953515.10208,0
1638623400000,3920.02,3928.41,3911.23,3924.61,4559.179,1638623699999,17867576.92837,8659,2661.010,10430456.80736,0
1638623700000,3924.45,3932.93,3909.49,3909.49,6752.144,1638623999999,26484476.55965,9825,3289.593,12911719.04970,0
1638624000000,3909.49,3914.21,3895.34,3913.49,9739.547,1638624299999,38005469.13532,13930,4851.789,18934998.99567,0
1638624300000,3913.49,3928.93,3910.63,3928.93,5997.989,1638624599999,23523799.08089,9789,3396.136,13322271.48615,0
1638624600000,3928.93,3956.17,3927.56,3956.17,14545.096,1638624899999,57310808.88157,17844,7289.835,28728327.06390,0
1638624900000,3956.14,3958.06,3937.85,3939.18,10323.764,1638625199999,40767420.04835,13281,5359.857,21167091.08769,0
1638625200000,3939.45,3957.00,3936.20,3952.76,7414.564,1638625499999,29280168.97275,11499,3197.369,12626467.86599,0
1638625500000,3952.75,3954.25,3937.31,3950.62,6123.101,1638625799999,24158011.99273,10013,2511.319,9910201.47308,0
1638625800000,3950.75,3953.57,3939.69,3949.45,4735.019,1638626099999,18682160.70268,8590,2357.016,9299998.90308,0
1638626100000,3949.45,3965.76,3945.53,3963.65,7512.367,1638626399999,29745369.21156,12125,4642.424,18383684.26878,0
1638626400000,3963.65,3972.00,3953.31,3959.60,11181.921,1638626699999,44337996.33518,15629,6033.416,23929220.03807,0
1638626700000,3959.24,3959.93,3948.83,3954.02,5621.115,1638626999999,22223954.69829,11145,2444.132,9663729.44757,0
1638627000000,3954.03,3969.12,3950.30,3964.03,6023.136,1638627299999,23849139.55220,10849,3637.490,14404439.94352,0
1638627300000,3964.04,3969.65,3957.21,3966.53,4900.897,1638627599999,19429325.51643,10031,2727.703,10814031.45882,0
1638627600000,3966.83,3978.14,3961.55,3973.33,10161.770,1638627899999,40356794.47702,13007,5798.939,23034965.55069,0
1638627900000,3973.32,3979.68,3965.79,3971.58,5226.689,1638628199999,20769027.77783,10058,2659.422,10568698.30146,0
1638628200000,3971.58,3975.53,3958.90,3964.65,5487.044,1638628499999,21772736.52679,10652,2181.237,8656982.06912,0
1638628500000,3964.65,3965.93,3955.00,3960.04,6693.021,1638628799999,26501587.46409,10450,1916.033,7587007.83913,0
1638628800000,3960.04,3993.05,3958.14,3985.88,12026.097,1638629099999,47894826.13403,17750,7613.649,30318617.23170,0
1638629100000,3986.27,4025.70,3985.89,4017.65,22992.498,1638629399999,92178858.23325,27315,14395.409,57714380.04194,0
1638629400000,4017.64,4024.81,4005.49,4011.95,14407.002,1638629699999,57865005.11114,19743,5919.869,23783597.19865,0
1638629700000,4011.94,4027.18,4006.00,4024.72,9814.246,1638629999999,39420902.66413,14226,5741.258,23069096.14064,0
1638630000000,4024.71,4033.00,4015.04,4028.43,11885.795,1638630299999,47856317.90167,18264,6314.582,25427333.40568,0
1638630300000,4028.43,4045.00,4019.31,4039.28,13694.747,1638630599999,55214526.47624,22775,7088.110,28582548.36514,0
1638630600000,4038.92,4060.48,4032.15,4050.10,22541.466,1638630899999,91307821.68965,25935,11832.771,47921252.09431,0
1638630900000,4050.10,4063.06,4019.58,4035.89,21480.637,1638631199999,86710263.58273,26380,8635.969,34874174.12090,0
1638631200000,4035.90,4043.49,4025.18,4038.75,7011.670,1638631499999,28298039.58580,13562,3297.641,13309705.36402,0
1638631500000,4038.77,4040.89,4024.10,4035.92,5605.089,1638631799999,22592309.18890,10203,2042.778,8234332.43646,0
1638631800000,4035.91,4046.50,4021.75,4042.15,8886.262,1638632099999,35870269.76760,13240,4917.128,19853851.06578,0
1638632100000,4041.68,4059.79,4037.89,4047.83,7033.352,1638632399999,28467954.97426,12978,4113.398,16648272.59887,0
1638632400000,4047.84,4060.00,4035.62,4037.68,10442.783,1638632699999,42238489.76875,14060,5120.471,20711546.65451,0
1638632700000,4037.69,4039.76,4022.46,4028.60,7581.118,1638632999999,30544685.90653,11439,3200.500,12894118.57992,0
1638633000000,4028.61,4038.39,4023.24,4036.00,5387.442,1638633299999,21714050.15724,8862,2364.712,9532449.47219,0
1638633300000,4036.01,4037.76,4027.05,4032.53,2906.339,1638633599999,11722624.39065,6555,1354.189,5462422.92731,0
1638633600000,4032.15,4036.86,4020.19,4030.19,7606.270,1638633899999,30647827.02352,11341,3890.702,15680275.17117,0
1638633900000,4030.18,4032.19,4010.00,4011.74,8915.462,1638634199999,35835873.98599,12499,2999.070,12057692.43303,0
1638634200000,4011.75,4031.11,4008.00,4029.82,14807.952,1638634499999,59464312.89932,16576,7573.134,30418287.30942,0
1638634500000,4029.82,4044.70,4024.46,4030.07,7188.677,1638634799999,29005874.06479,11487,3986.901,16089488.59223,0
1638634800000,4030.07,4030.49,4010.27,4020.09,6790.056,1638635099999,27281390.71757,10108,3177.820,12768496.42654,0
1638635100000,4020.09,4028.00,4015.33,4025.00,3193.771,1638635399999,12842427.31232,7150,1467.454,5901575.82133,0
1638635400000,4025.00,4046.74,4024.99,4038.92,7220.914,1638635699999,29159361.63479,11730,3849.722,15545667.93554,0
1638635700000,4038.92,4041.70,4021.55,4027.18,6183.413,1638635999999,24926151.99690,9032,3423.472,13801721.82764,0
1638636000000,4027.18,4029.52,4004.30,4010.53,11236.164,1638636299999,45103566.90536,13955,4735.585,19005821.29788,0
1638636300000,4010.54,4011.98,3986.29,3996.00,10782.557,1638636599999,43100368.76923,15899,3719.452,14869981.71437,0
1638636600000,3996.01,4006.89,3990.22,3998.30,5989.320,1638636899999,23948304.36103,9564,3356.377,13421759.58373,0
1638636900000,3998.30,4004.00,3975.70,3986.12,11576.461,1638637199999,46145047.67217,15016,4417.202,17615078.20704,0
1638637200000,3986.11,3995.67,3981.19,3995.40,6524.656,1638637499999,26031038.00956,10721,3888.978,15517648.16212,0
1638637500000,3995.40,4004.30,3990.06,3993.19,5779.832,1638637799999,23105242.33282,7928,3464.580,13854175.33933,0
1638637800000,3993.58,4002.61,3991.16,3994.99,2958.059,1638638099999,11820495.40354,6627,1524.832,6095247.94800,0
1638638100000,3994.98,4001.50,3986.60,3993.31,4184.587,1638638399999,16720039.26022,8129,2047.687,8182798.44264,0
1638638400000,3993.30,4006.57,3990.25,3996.35,3789.520,1638638699999,15162108.84092,7518,2371.312,9489063.21120,0
1638638700000,3996.35,4006.12,3993.18,4003.51,2257.153,1638638999999,9031176.10060,5391,1220.757,4883800.23824,0
1638639000000,4003.51,4017.46,4003.06,4009.19,4578.381,1638639299999,18364413.39315,7620,3063.022,12287001.83455,0
1638639300000,4009.20,4009.30,3995.67,4002.13,3811.130,1638639599999,15250641.33596,7648,1720.940,6885918.40521,0
1638639600000,4002.13,4008.25,4001.89,4006.51,1680.258,1638639899999,6731232.83729,5340,898.589,3599881.51371,0
1638639900000,4006.51,4025.89,4006.39,4020.69,5277.532,1638640199999,21206837.44344,8745,3188.182,12810051.82717,0
1638640200000,4020.70,4026.54,4015.25,4022.70,3780.135,1638640499999,15203347.95769,7237,2031.341,8170682.83509,0
1638640500000,4022.69,4029.20,4015.01,4015.11,2764.849,1638640799999,11119530.98368,6625,1158.523,4660923.67161,0
1638640800000,4015.10,4025.84,4003.01,4025.06,7513.619,1638641099999,30150909.91553,9537,3360.925,13487814.02131,0
1638641100000,4025.06,4037.89,4022.62,4031.02,9285.058,1638641399999,37441664.61455,12279,5222.217,21061143.16342,0
1638641400000,4031.02,4043.20,4027.18,4042.56,4297.432,1638641699999,17347856.67409,8073,2842.715,11478709.39022,0
1638641700000,4042.56,4054.69,4026.00,4028.81,8499.254,1638641999999,34338898.05202,11887,3707.061,14988334.57232,0
1638642000000,4028.82,4041.57,4026.88,4039.63,3072.383,1638642299999,12391589.66738,6648,1303.011,5255964.59669,0
1638642300000,4039.39,4053.26,4037.44,4042.40,6114.328,1638642599999,24738477.32941,9320,3055.469,12363516.97913,0
1638642600000,4042.70,4049.56,4039.00,4044.03,3134.458,1638642899999,12677348.26984,6509,1419.173,5739522.20215,0
1638642900000,4044.02,4048.00,4036.52,4039.35,4016.592,1638643199999,16235363.74812,7592,1452.815,5873501.27606,0
1638643200000,4039.35,4054.68,4034.00,4051.00,5865.870,1638643499999,23728881.75596,8210,3441.787,13925051.04679,0
1638643500000,4050.99,4056.51,4043.60,4051.81,3780.054,1638643799999,15308975.58325,7865,2004.985,8120554.77123,0
1638643800000,4051.80,4057.68,4044.44,4048.68,3273.977,1638644099999,13260869.26666,7542,1335.268,5409386.12296,0
1638644100000,4048.69,4065.07,4048.31,4063.45,4660.144,1638644399999,18911210.74790,8978,2931.911,11900309.29714,0
1638644400000,4063.45,4064.68,4053.33,4062.42,3445.804,1638644699999,13986033.97559,6941,1166.392,4733820.43999,0
1638644700000,4062.43,4070.00,4050.15,4059.87,5546.882,1638644999999,22519446.64942,9610,2440.533,9910708.13078,0
1638645000000,4059.87,4065.88,4059.18,4065.87,1785.583,1638645299999,7252418.46729,4927,1067.210,4334563.19085,0
1638645300000,4065.87,4088.64,4065.51,4087.80,11610.064,1638645599999,47342253.96272,15291,7563.532,30841672.21925,0
1638645600000,4087.77,4098.00,4082.39,4093.72,7595.413,1638645899999,31067328.05452,13261,3725.041,15240815.48653,0
1638645900000,4093.59,4098.70,4080.00,4089.86,9413.333,1638646199999,38480792.06242,12618,3649.627,14921604.28923,0
1638646200000,4088.95,4109.92,4087.65,4106.90,10797.900,1638646499999,44283086.39773,13356,6436.700,26401963.69290,0
1638646500000,4106.90,4113.00,4094.66,4110.96,7255.818,1638646799999,29771221.68011,11106,4155.931,17055292.10108,0
1638646800000,4110.96,4117.99,4102.33,4115.51,5401.975,1638647099999,22208664.39696,10197,2772.446,11399596.74922,0
1638647100000,4115.62,4135.20,4115.62,4127.23,10838.270,1638647399999,44719825.10101,15338,7158.918,29541018.66442,0
1638647400000,4127.22,4127.23,4111.10,4121.66,7109.707,1638647699999,29273009.62290,11092,2836.968,11679288.01689,0
1638647700000,4121.66,4122.21,4113.46,4115.96,3347.090,1638647999999,13779903.59406,7122,1435.261,5909137.10100,0
1638648000000,4115.96,4121.03,4089.00,4092.36,19667.180,1638648299999,80666265.24166,19600,6605.596,27092549.13782,0
1638648300000,4092.36,4112.35,4092.00,4099.19,9916.147,1638648599999,40688922.55816,12081,6339.088,26016076.82474,0
1638648600000,4099.19,4108.57,4093.30,4096.67,5196.713,1638648899999,21312045.94910,8531,1987.500,8152370.60091,0
1638648900000,4096.67,4114.17,4096.35,4114.17,4122.403,1638649199999,16929080.04197,8128,2493.042,10238186.79673,0
1638649200000,4114.17,4116.58,4108.27,4116.17,6148.412,1638649499999,25287392.22470,7998,3286.101,13517804.65954,0
1638649500000,4116.18,4123.25,4110.34,4119.35,5157.556,1638649799999,21239111.21533,7197,2299.286,9468378.96563,0
1638649800000,4119.20,4123.31,4115.00,4123.20,3351.476,1638650099999,13802432.28196,6197,1277.626,5262241.12771,0
1638650100000,4123.20,4127.45,4117.49,4118.16,4310.418,1638650399999,17771348.25087,6675,2191.511,9036311.09282,0
1638650400000,4118.17,4122.34,4096.46,4098.10,7592.097,1638650699999,31174570.77034,9288,2258.644,9275442.02770,0
1638650700000,4098.11,4107.50,4091.92,4096.53,5103.657,1638650999999,20924249.92514,7570,2027.819,8318147.26045,0
1638651000000,4096.10,4104.63,4089.20,4103.55,5037.650,1638651299999,20631814.80742,9348,2461.128,10082500.32695,0
1638651300000,4103.55,4111.85,4097.37,4100.58,4559.004,1638651599999,18716974.84023,7093,2347.446,9638247.91135,0
1638651600000,4100.56,4107.81,4086.70,4087.84,4643.522,1638651899999,19019376.34136,8683,2172.527,8900600.81428,0
1638651900000,4087.84,4100.11,4086.83,4092.01,3345.744,1638652199999,13692630.02481,6702,1681.002,6878486.98786,0
1638652200000,4092.00,4103.44,4066.00,4071.00,16999.491,1638652499999,69289175.66532,18883,6116.118,24923064.19768,0
1638652500000,4071.01,4084.20,4071.00,4081.00,6358.927,1638652799999,25937452.84202,8483,3711.699,15141538.94309,0
1638652800000,4081.00,4088.08,4060.00,4066.62,6222.515,1638653099999,25335073.28471,9201,2396.964,9762698.00900,0
1638653100000,4066.62,4073.31,4065.70,4071.99,2311.326,1638653399999,9407905.29940,5226,1115.586,4541109.39006,0
1638653400000,4072.00,4073.31,4060.36,4070.39,3059.512,1638653699999,12444565.68725,6513,1703.365,6930239.50032,0
1638653700000,4070.51,4073.21,4062.00,4062.70,3278.186,1638653999999,13338096.93074,5681,1630.214,6633524.50797,0
1638654000000,4062.71,4067.29,4052.08,4056.44,4049.711,1638654299999,16447066.29038,8158,1870.879,7599946.03967,0
1638654300000,4056.44,4063.97,4036.53,4039.04,11781.332,1638654599999,47719043.11538,14075,4408.598,17864418.32963,0
1638654600000,4039.04,4059.60,4030.93,4059.60,5965.374,1638654899999,24132118.33009,9660,3095.791,12529921.61521,0
1638654900000,4059.60,4068.24,4047.43,4061.70,5639.330,1638655199999,22897902.80136,8797,3487.563,14165870.16530,0
1638655200000,4061.70,4071.78,4056.88,4061.43,4252.928,1638655499999,17289534.22828,7900,2744.720,11159110.31148,0
1638655500000,4061.58,4071.49,4061.05,4071.49,1899.720,1638655799999,7724372.55935,5004,1238.449,5035500.85511,0
1638655800000,4071.49,4079.21,4067.36,4067.48,4612.757,1638656099999,18791566.44771,7718,2327.863,9485143.99620,0
1638656100000,4067.48,4069.55,4062.74,4066.52,2227.657,1638656399999,9056996.82944,5196,854.104,3472435.23160,0
1638656400000,4066.52,4070.27,4060.05,4070.00,1217.906,1638656699999,4950365.07958,3833,633.577,2575826.25352,0
1638656700000,4070.00,4074.21,4067.33,4069.22,1984.405,1638656999999,8077700.77570,4439,989.904,4030046.91072,0
1638657000000,4069.22,4094.19,4068.56,4092.14,5715.730,1638657299999,23350256.95851,7598,4482.254,18307237.04574,0
1638657300000,4092.13,4093.82,4072.85,4072.86,4326.680,1638657599999,17667171.32640,6585,1302.800,5322139.76083,0
1638657600000,4072.86,4088.23,4072.85,4088.23,2586.816,1638657899999,10553763.63341,5456,1467.289,5986563.45976,0
1638657900000,4088.22,4102.36,4086.48,4087.40,3820.916,1638658199999,15647508.59669,7019,2239.429,9172308.51768,0
1638658200000,4087.39,4090.98,4081.48,4086.12,1776.939,1638658499999,7261751.23131,5018,844.883,3453118.66019,0
1638658500000,4086.08,4094.46,4086.08,4093.42,2415.578,1638658799999,9880837.54047,5582,1266.634,5180809.41135,0
1638658800000,4093.42,4106.16,4090.90,4101.30,4891.939,1638659099999,20044375.50315,9454,2892.908,11854231.54759,0
1638659100000,4101.30,4113.84,4098.99,4109.69,4423.833,1638659399999,18167364.98575,9160,1984.465,8148966.62939,0
1638659400000,4109.69,4112.97,4085.56,4088.32,5529.523,1638659699999,22648154.01556,8568,1556.427,6374974.03249,0
1638659700000,4088.26,4096.78,4087.00,4092.57,2051.139,1638659999999,8391833.50477,5489,1084.512,4437365.91377,0
1638660000000,4092.57,4093.78,4081.48,4083.55,2952.115,1638660299999,12059599.72256,5593,1018.089,4159027.79029,0
1638660300000,4083.55,4087.67,4076.86,4085.61,2684.964,1638660599999,10958627.46147,5278,1071.454,4374021.91352,0
1638660600000,4085.61,4089.24,4056.25,4069.20,7595.616,1638660899999,30907297.28989,9414,2951.662,12009615.94165,0
1638660900000,4069.19,4084.20,4061.40,4062.09,5608.817,1638661199999,22856979.75900,7760,3481.823,14194887.34813,0
1638661200000,4062.20,4086.00,4062.09,4084.99,3619.190,1638661499999,14749601.42356,6247,2651.288,10806277.31640,0
1638661500000,4085.00,4090.64,4070.40,4070.59,2399.715,1638661799999,9795031.78071,5964,1237.652,5052139.67948,0
1638661800000,4070.58,4095.71,4070.00,4095.23,3891.570,1638662099999,15886036.02038,6698,2575.336,10512447.10878,0
1638662100000,4095.24,4126.69,4092.64,4115.79,13145.179,1638662399999,54086834.72988,13822,7890.558,32464598.33388,0
1638662400000,4115.79,4138.68,4115.00,4132.73,14416.926,1638662699999,59529826.64585,16292,7200.875,29742422.35060,0
1638662700000,4132.77,4146.68,4114.09,4139.25,13458.271,1638662999999,55605660.99561,15016,6303.824,26072031.62311,0
1638663000000,4139.26,4158.88,4132.33,4133.89,12595.649,1638663299999,52217229.07597,18978,5889.286,24427507.09667,0
1638663300000,4133.89,4156.39,4125.07,4148.66,11290.198,1638663599999,46742525.52825,14408,6095.641,25246333.19738,0
1638663600000,4149.38,4154.70,4135.58,4138.28,7805.476,1638663899999,32338370.85762,10681,3075.164,12743445.45174,0
1638663900000,4138.22,4147.10,4119.00,4119.21,6923.348,1638664199999,28591952.32303,10163,2448.622,10117056.67707,0
1638664200000,4119.11,4120.07,4074.73,4079.07,21105.692,1638664499999,86534082.77558,24271,8141.832,33375805.64627,0
1638664500000,4079.06,4103.72,4068.88,4086.86,18089.957,1638664799999,73986983.48311,25651,10133.762,41448477.55220,0
1638664800000,4086.86,4088.74,4065.00,4076.67,8155.891,1638665099999,33252278.44612,13173,3863.019,15753148.38520,0
1638665100000,4076.66,4103.83,4073.98,4103.05,9343.895,1638665399999,38235955.76185,11594,6418.503,26266194.33647,0
1638665400000,4103.05,4113.26,4092.37,4096.23,10983.984,1638665699999,45067719.28963,11784,6012.308,24676894.73349,0
1638665700000,4096.12,4115.59,4090.19,4110.24,7555.233,1638665999999,31022111.06450,9334,3713.653,15254831.55807,0
1638666000000,4109.91,4114.00,4082.04,4085.75,7577.003,1638666299999,31011275.64135,11150,3171.609,12985444.70836,0
1638666300000,4085.75,4091.02,4080.00,4082.14,3482.179,1638666599999,14222830.12180,6692,2083.210,8508890.14781,0
1638666600000,4082.14,4098.73,4082.13,4092.74,2541.415,1638666899999,10400779.85582,5918,1373.768,5621925.69133,0
1638666900000,4092.89,4107.00,4090.02,4103.00,3447.946,1638667199999,14144412.47805,6580,1912.259,7846119.18653,0
1638667200000,4103.00,4107.71,4085.17,4095.47,3997.581,1638667499999,16370716.28892,7198,1676.524,6866454.60805,0
1638667500000,4095.47,4101.58,4079.34,4083.93,4096.654,1638667799999,16745763.42177,7158,1425.769,5829307.59889,0
1638667800000,4083.68,4088.74,4076.39,4080.22,2995.009,1638668099999,12225688.76938,6407,1631.734,6661690.40094,0
1638668100000,4080.00,4106.67,4079.98,4103.26,4881.657,1638668399999,19996332.18499,7194,3242.118,13277360.14157,0
1638668400000,4103.25,4128.00,4101.58,4125.46,8747.359,1638668699999,36019304.92454,11167,5520.756,22734567.62474,0
1638668700000,4125.47,4130.98,4110.99,4112.98,5524.961,1638668999999,22767626.67113,9482,2134.244,8795380.75940,0
1638669000000,4112.97,4121.99,4111.00,4117.67,2635.517,1638669299999,10848668.37336,6350,1413.489,5818759.34802,0
1638669300000,4117.68,4119.51,4101.52,4101.85,3642.024,1638669599999,14964919.45096,6659,1260.003,5177408.31614,0
1638669600000,4102.35,4105.59,4094.01,4094.01,4329.573,1638669899999,17746223.40744,6610,2039.515,8361626.47841,0
1638669900000,4094.01,4097.53,4087.50,4089.48,2547.927,1638670199999,10425475.49316,5659,1214.419,4969217.18487,0
1638670200000,4089.48,4090.68,4085.14,4085.61,2048.133,1638670499999,8372815.27281,4613,1234.176,5045630.52171,0
1638670500000,4085.60,4099.19,4081.48,4094.59,5121.363,1638670799999,20945656.06438,8110,2795.812,11439298.43228,0
1638670800000,4094.59,4111.44,4093.27,4102.78,2767.098,1638671099999,11354301.56752,6370,1162.462,4768663.52687,0
1638671100000,4102.78,4113.00,4100.09,4112.60,3010.604,1638671399999,12364574.78288,5543,1527.717,6273918.62671,0
1638671400000,4112.59,4120.97,4108.72,4110.00,4439.031,1638671699999,18269292.55208,6974,1745.066,7182495.70185,0
1638671700000,4110.00,4115.98,4095.17,4096.13,3062.496,1638671999999,12572808.80652,6250,1423.648,5844129.34952,0
1638672000000,4096.12,4106.44,4092.83,4098.24,2843.737,1638672299999,11658838.81889,5627,1518.169,6224462.45356,0
1638672300000,4098.25,4110.53,4096.67,4105.67,3156.076,1638672599999,12956258.40265,5806,1667.144,6842690.44419,0
1638672600000,4105.66,4106.18,4087.52,4088.09,3542.968,1638672899999,14501013.62512,6461,1586.028,6490761.55002,0
1638672900000,4088.10,4110.00,4087.84,4108.37,2906.123,1638673199999,11920717.08670,6098,1547.269,6344589.34495,0
1638673200000,4108.37,4108.38,4091.10,4103.11,5256.954,1638673499999,21542609.05617,7140,2218.024,9090241.00256,0
1638673500000,4103.11,4120.91,4100.89,4116.00,4530.550,1638673799999,18633416.37690,7523,2369.988,9746398.28678,0
1638673800000,4116.01,4139.54,4107.81,4130.77,10473.311,1638674099999,43225347.63520,12086,5577.286,23020043.93245,0
1638674100000,4130.89,4147.60,4127.00,4143.49,11568.977,1638674399999,47875768.66558,12629,6953.314,28779618.95610,0
1638674400000,4143.49,4150.00,4136.00,4140.11,6933.912,1638674699999,28743528.61588,11545,3392.169,14064984.62803,0
1638674700000,4140.11,4140.90,4127.79,4128.52,4749.281,1638674999999,19630825.45968,8485,1996.715,8253543.48604,0
1638675000000,4127.81,4149.00,4127.81,4144.13,5941.850,1638675299999,24609409.77673,8857,3557.051,14730954.71934,0
1638675300000,4144.13,4170.86,4138.68,4158.35,10756.472,1638675599999,44680004.16420,16348,6412.449,26647990.92870,0
1638675600000,4158.35,4158.36,4147.00,4149.97,5336.293,1638675899999,22156875.00087,10383,2525.556,10485666.06435,0
1638675900000,4149.97,4163.63,4144.73,4163.50,3565.027,1638676199999,14803276.75379,7803,2229.488,9259127.91899,0
1638676200000,4163.49,4168.28,4156.31,4158.08,5968.055,1638676499999,24841367.71103,10730,2950.878,12284827.31079,0
1638676500000,4158.08,4179.84,4154.57,4160.53,8412.209,1638676799999,35051377.90569,12960,5148.460,21457148.66197,0
1638676800000,4160.53,4172.83,4145.24,4148.18,7521.742,1638677099999,31262504.20805,12291,3573.418,14854430.08275,0
1638677100000,4148.19,4162.14,4146.04,4148.01,5811.797,1638677399999,24138948.01371,9327,3633.399,15091294.59105,0
1638677400000,4148.01,4153.87,4141.41,4150.00,4593.365,1638677699999,19045033.26299,8014,2484.318,10301891.90399,0
1638677700000,4150.00,4156.70,4141.41,4156.43,4874.472,1638677999999,20220223.94853,7700,1971.542,8181142.94826,0
1638678000000,4156.43,4157.60,4138.71,4139.60,4070.009,1638678299999,16880971.50131,7134,1447.822,6007306.59621,0
1638678300000,4139.60,4151.17,4139.04,4145.80,3382.668,1638678599999,14020988.45920,5962,2060.306,8539157.19360,0
1638678600000,4145.81,4148.77,4139.93,4145.72,3392.020,1638678899999,14056388.16250,5762,1452.370,6019042.45614,0
1638678900000,4145.84,4152.74,4141.07,4152.00,1831.798,1638679199999,7597223.39727,4777,984.213,4082226.93122,0
1638679200000,4151.99,4181.36,4150.87,4180.83,7315.733,1638679499999,30500508.75188,11938,4484.835,18700880.83209,0
1638679500000,4180.83,4187.26,4158.66,4161.29,12873.830,1638679799999,53717724.57111,14285,6907.975,28841572.98787,0
1638679800000,4160.92,4171.18,4157.00,4163.31,4235.135,1638680099999,17634413.54235,6986,2627.654,10942308.67802,0
1638680100000,4163.31,4163.60,4148.37,4157.49,4433.773,1638680399999,18416710.72075,7821,1807.996,7510257.38307,0
1638680400000,4157.49,4164.00,4145.27,4148.86,4326.893,1638680699999,17972962.31042,7339,1776.094,7379050.01759,0
1638680700000,4148.85,4166.00,4147.43,4164.36,5840.489,1638680999999,24294564.34334,7024,3150.884,13105684.24674,0
1638681000000,4164.35,4168.01,4155.00,4164.23,2843.232,1638681299999,11827675.49916,5455,1552.866,6459668.21952,0
1638681300000,4164.23,4175.74,4160.70,4174.98,5963.312,1638681599999,24867165.85994,8011,3592.398,14981844.27749,0
1638681600000,4174.97,4185.00,4168.70,4184.99,5390.084,1638681899999,22520408.05343,8363,3010.973,12580971.74983,0
1638681900000,4184.99,4186.75,4171.82,4175.39,5106.475,1638682199999,21350480.18090,8142,2464.775,10306633.99626,0
1638682200000,4175.40,4199.50,4170.93,4188.60,14894.677,1638682499999,62402495.95233,15081,9219.615,38623818.04314,0
1638682500000,4188.57,4198.84,4179.54,4191.82,9116.452,1638682799999,38187796.26680,10514,5036.218,21101288.47156,0
1638682800000,4191.61,4197.00,4186.68,4196.09,3300.514,1638683099999,13838462.39079,6817,1855.213,7778474.57736,0
1638683100000,4195.83,4207.46,4189.08,4195.37,9403.942,1638683399999,39484283.75152,12910,4932.617,20719152.24438,0
1638683400000,4195.36,4206.00,4193.75,4196.79,5010.708,1638683699999,21048831.47642,8129,2992.546,12572386.65282,0
1638683700000,4197.14,4200.81,4192.48,4198.97,3773.027,1638683999999,15833650.88473,6856,1510.086,6337729.44282,0
1638684000000,4198.98,4199.28,4184.54,4191.61,6385.126,1638684299999,26753879.03634,9974,2445.914,10248375.31805,0
1638684300000,4191.60,4196.60,4185.84,4189.70,3128.181,1638684599999,13107684.20169,6087,1361.486,5705191.01652,0
1638684600000,4189.77,4197.44,4188.24,4193.07,2376.980,1638684899999,9964946.04305,5776,1078.414,4521332.23799,0
1638684900000,4193.19,4195.91,4183.32,4186.99,4082.967,1638685199999,17096480.05042,7120,1924.048,8056112.69557,0
1638685200000,4186.98,4194.33,4183.01,4189.28,2363.182,1638685499999,9896330.17312,5877,1344.649,5630946.47508,0
1638685500000,4189.28,4213.76,4187.31,4205.05,9416.178,1638685799999,39578780.23782,12855,6631.238,27869104.68970,0
1638685800000,4205.06,4218.95,4202.76,4209.22,7732.995,1638686099999,32567094.41552,12192,3957.204,16665695.09851,0
1638686100000,4209.23,4217.28,4200.00,4212.41,7470.787,1638686399999,31432103.66683,11481,4226.604,17787511.74850,0
1638686400000,4212.41,4218.59,4203.86,4207.75,6554.606,1638686699999,27599404.57792,9686,2682.267,11293861.83496,0
1638686700000,4207.74,4224.03,4207.74,4220.92,4830.267,1638686999999,20375007.87644,8997,3098.659,13072613.50646,0
1638687000000,4220.92,4223.94,4212.93,4223.52,3129.742,1638687299999,13201043.79755,7456,1349.311,5691995.67841,0
1638687300000,4223.53,4225.00,4215.17,4216.74,4029.455,1638687599999,17008920.84147,9222,1925.446,8128105.47081,0
1638687600000,4216.73,4228.00,4211.33,4226.52,5908.646,1638687899999,24949200.74545,12228,3621.328,15294722.88520,0
1638687900000,4226.75,4227.90,4216.81,4218.99,3565.695,1638688199999,15055876.47388,7497,1587.342,6703674.08149,0
1638688200000,4218.98,4219.73,4210.62,4214.19,2953.408,1638688499999,12445889.88305,6953,1299.720,5476304.80085,0
1638688500000,4214.19,4218.91,4204.97,4217.63,4380.073,1638688799999,18443419.91402,7663,2303.848,9700988.49822,0
1638688800000,4217.52,4217.95,4208.00,4214.72,2587.792,1638689099999,10899587.14692,5516,1220.746,5142641.27818,0
1638689100000,4214.72,4220.86,4211.00,4212.99,3344.094,1638689399999,14100007.22171,6868,1757.787,7411874.60439,0
1638689400000,4213.00,4224.00,4208.60,4221.71,2551.247,1638689699999,10755393.48224,6459,1456.093,6139689.52215,0
1638689700000,4221.72,4226.94,4217.03,4223.96,3166.344,1638689999999,13369687.63942,6723,1682.666,7105645.96831,0
1638690000000,4223.96,4224.81,4206.98,4208.14,4926.295,1638690299999,20760258.22625,7963,2019.838,8512149.70214,0
1638690300000,4208.32,4209.13,4192.71,4201.08,10578.511,1638690599999,44428543.09702,12464,4344.539,18246209.97316,0
1638690600000,4201.07,4203.00,4182.00,4185.24,9669.191,1638690899999,40538122.94017,11500,3789.358,15889599.05571,0
1638690900000,4185.24,4200.43,4179.40,4199.12,6967.709,1638691199999,29179551.56528,10899,3346.539,14018402.60350,0
1638691200000,4199.27,4202.24,4175.50,4179.37,10163.943,1638691499999,42539922.50405,12494,4208.686,17616623.86105,0
1638691500000,4179.37,4195.89,4172.00,4195.89,7779.645,1638691799999,32544658.56468,10947,5007.936,20958295.48513,0
1638691800000,4195.88,4207.97,4195.35,4200.64,7674.470,1638692099999,32250657.45025,10193,4154.064,17455190.12019,0
1638692100000,4200.65,4212.68,4197.98,4207.52,4211.792,1638692399999,17714356.40793,8558,2660.417,11191304.44290,0
1638692400000,4207.52,4214.00,4190.24,4191.02,6421.156,1638692699999,26978863.61672,9786,2159.675,9080916.67646,0
1638692700000,4191.03,4196.41,4187.83,4195.00,3776.225,1638692999999,15827001.99101,7538,1822.823,7640518.91744,0
1638693000000,4195.00,4200.00,4185.77,4199.44,3856.417,1638693299999,16171663.78013,7415,1913.919,8027016.73745,0
1638693300000,4199.43,4207.98,4195.64,4200.58,3495.429,1638693599999,14688107.04440,6827,2046.414,8600337.42864,0
1638693600000,4200.58,4209.60,4198.61,4205.78,2931.017,1638693899999,12325809.70998,5759,1444.898,6076803.90830,0
1638693900000,4205.78,4211.70,4200.11,4205.50,4916.580,1638694199999,20683218.16462,7951,2295.281,9657461.15660,0
1638694200000,4205.50,4214.28,4204.18,4209.96,3538.127,1638694499999,14893979.02095,6273,2152.981,9064618.55856,0
1638694500000,4209.94,4217.68,4206.61,4211.46,4929.221,1638694799999,20766851.42444,6782,2209.952,9310918.24709,0
1638694800000,4211.46,4212.40,4199.92,4203.12,3606.493,1638695099999,15166844.44699,6733,1330.840,5597583.67242,0
1638695100000,4203.12,4203.89,4181.04,4181.64,9086.179,1638695399999,38083820.49466,11450,3374.792,14145244.07991,0
1638695400000,4181.63,4186.35,4166.00,4176.56,11686.164,1638695699999,48796521.10408,15938,4756.773,19866113.61156,0
1638695700000,4176.52,4187.60,4163.33,4166.45,11506.248,1638695999999,48035106.25464,13761,5970.218,24936345.96576,0
1638696000000,4166.46,4175.00,4160.02,4168.99,9694.215,1638696299999,40384231.24829,12540,4448.258,18535120.66301,0
1638696300000,4168.98,4191.35,4168.51,4188.86,7988.490,1638696599999,33376495.07790,9796,5566.803,23262045.08199,0
1638696600000,4188.84,4196.64,4178.18,4181.63,8943.217,1638696899999,37464477.92142,12105,3531.449,14796792.95599,0
1638696900000,4181.31,4194.83,4175.62,4191.39,4936.693,1638697199999,20668024.01256,9218,2992.948,12529861.67262,0
1638697200000,4191.27,4197.17,4184.54,4195.77,4200.377,1638697499999,17604890.56610,7509,2048.604,8587401.42630,0
1638697500000,4195.77,4206.99,4192.87,4195.77,5796.599,1638697799999,24349825.78874,9837,3402.454,14293510.63288,0
1638697800000,4195.76,4197.78,4185.00,4189.21,3408.487,1638698099999,14282182.55197,7332,1260.876,5282892.35239,0
1638698100000,4189.21,4189.36,4176.02,4183.83,3914.607,1638698399999,16369743.76636,7860,1714.047,7167474.10291,0
1638698400000,4183.84,4189.04,4169.00,4175.69,9097.740,1638698699999,38019815.36385,11512,4458.339,18642566.48556,0
1638698700000,4175.69,4194.98,4175.53,4191.78,3321.643,1638698999999,13903553.07635,7035,1959.845,8203155.01927,0
1638699000000,4191.79,4205.57,4190.00,4200.25,4739.209,1638699299999,19901423.65509,8431,2589.296,10873609.91469,0
1638699300000,4200.67,4206.76,4194.30,4205.54,3329.740,1638699599999,13991035.08986,8278,1593.785,6697323.26827,0
1638699600000,4205.55,4211.83,4200.00,4206.61,6103.556,1638699899999,25674444.53716,8941,2529.987,10644514.21648,0
1638699900000,4206.62,4209.27,4202.98,4208.03,2272.925,1638700199999,9560130.47491,5746,973.565,4095208.06196,0
1638700200000,4208.31,4216.00,4205.30,4215.26,4138.970,1638700499999,17435677.67018,8517,2481.481,10454396.43870,0
1638700500000,4215.26,4215.68,4201.90,4210.27,4809.315,1638700799999,20232209.31820,8386,1569.411,6601767.35019,0
1638700800000,4210.42,4218.99,4209.61,4213.92,4027.830,1638701099999,16975816.10599,7835,2382.818,10043662.53582,0
1638701100000,4214.37,4218.83,4206.33,4207.58,2929.205,1638701399999,12343059.77351,7017,1442.286,6078379.23851,0
1638701400000,4207.58,4208.99,4191.00,4194.11,5816.247,1638701699999,24424591.60878,8650,2009.611,8438594.75589,0
1638701700000,4194.08,4201.99,4188.00,4189.30,4613.503,1638701999999,19353520.49708,8044,2295.644,9631917.57813,0
1638702000000,4189.30,4199.52,4187.30,4195.92,3346.990,1638702299999,14035804.41018,7054,1708.904,7167323.92700,0
1638702300000,4195.92,4203.60,4190.16,4198.08,2737.397,1638702599999,11491023.76293,6346,1651.138,6931872.56567,0
1638702600000,4198.17,4209.51,4198.17,4206.17,3078.211,1638702899999,12944443.70746,7048,1474.710,6200993.04516,0
1638702900000,4206.16,4209.87,4200.00,4209.66,2117.450,1638703199999,8906351.44719,6306,1008.897,4243761.49653,0
1638703200000,4209.70,4213.14,4202.30,4211.88,2801.133,1638703499999,11792006.77190,7254,1696.965,7144518.01405,0
1638703500000,4211.88,4211.88,4200.16,4207.72,2082.001,1638703799999,8755079.66646,5620,686.091,2884966.62350,0
1638703800000,4207.71,4212.75,4203.35,4207.93,2385.039,1638704099999,10038544.08925,5927,1233.417,5191547.84339,0
1638704100000,4208.07,4210.99,4193.01,4194.04,4754.237,1638704399999,19958608.76443,7593,2346.966,9852036.71826,0
1638704400000,4194.05,4195.89,4185.00,4194.39,5371.368,1638704699999,22504275.75740,8610,2425.566,10164160.48053,0
1638704700000,4194.38,4198.47,4176.31,4182.06,6237.622,1638704999999,26095629.30214,10512,2519.184,10541628.08546,0
1638705000000,4182.05,4189.00,4177.00,4188.30,3860.357,1638705299999,16145308.14815,7112,2209.408,9241178.47199,0
1638705300000,4188.38,4194.52,4178.60,4191.66,3904.366,1638705599999,16354133.32899,7131,2372.241,9937539.57434,0
1638705600000,4191.65,4197.86,4181.40,4188.86,4383.874,1638705899999,18375676.62092,8006,2009.550,8424847.78673,0
1638705900000,4188.86,4202.71,4180.45,4201.66,6577.486,1638706199999,27572741.52539,9076,3479.737,14592685.09269,0
1638706200000,4201.67,4218.13,4199.53,4216.67,8348.212,1638706499999,35148865.11515,12061,4714.356,19851951.55747,0
1638706500000,4216.66,4220.00,4210.92,4211.99,7598.807,1638706799999,32043551.19583,11270,3172.271,13379186.82328,0
1638706800000,4212.13,4242.00,4211.00,4231.85,19165.596,1638707099999,81075783.80760,24159,12478.010,52789605.74758,0
1638707100000,4231.27,4241.93,4220.00,4222.31,10097.668,1638707399999,42737434.42704,14585,4408.355,18666504.65661,0
1638707400000,4222.33,4233.57,4214.00,4229.20,6796.355,1638707699999,28704738.33358,10179,3465.310,14640765.16139,0
1638707700000,4229.20,4241.11,4229.19,4235.40,5748.737,1638707999999,24348548.68370,10536,3228.106,13673126.34966,0
1638708000000,4235.40,4247.19,4232.00,4232.20,9167.612,1638708299999,38868512.27534,14221,4545.201,19274329.36585,0
1638708300000,4232.20,4235.00,4226.36,4231.38,7608.023,1638708599999,32185128.28338,9157,2871.472,12148706.89847,0
1638708600000,4231.68,4231.75,4222.68,4225.45,3120.044,1638708899999,13185229.40855,6675,1398.398,5909974.58503,0
1638708900000,4225.46,4230.00,4216.53,4229.83,5049.765,1638709199999,21319639.63909,7841,2816.428,11892948.11705,0
1638709200000,4229.83,4230.39,4212.08,4214.06,4907.583,1638709499999,20705864.45399,8703,1914.626,8080218.87226,0
1638709500000,4214.06,4221.76,4206.00,4221.50,5160.014,1638709799999,21743196.06479,8528,3056.783,12884637.93049,0
1638709800000,4221.50,4226.29,4211.79,4219.01,3865.848,1638710099999,16315466.16429,7098,1963.512,8287963.07356,0
1638710100000,4219.01,4220.91,4203.15,4206.10,3900.154,1638710399999,16420858.21971,8773,1630.798,6866084.84692,0
1638710400000,4206.11,4208.00,4196.00,4200.84,8614.332,1638710699999,36189844.02817,12557,3886.955,16331690.89254,0
1638710700000,4200.84,4206.62,4195.86,4198.71,4584.871,1638710999999,19262138.56745,9163,2285.906,9605807.93298,0
1638711000000,4198.70,4214.16,4194.00,4213.22,8834.314,1638711299999,37148709.84324,10957,5762.229,24234504.78639,0
1638711300000,4213.22,4218.59,4208.19,4211.08,3521.420,1638711599999,14836976.55129,7778,1659.758,6994905.69485,0
1638711600000,4211.08,4216.11,4208.00,4215.31,1448.654,1638711899999,6101993.36346,5171,722.596,3043772.34052,0
1638711900000,4215.09,4215.89,4207.00,4214.84,2239.785,1638712199999,9432906.89686,5618,935.571,3939874.37805,0
1638712200000,4214.43,4219.04,4214.03,4217.23,2350.659,1638712499999,9912850.86059,5411,1463.991,6173936.04754,0
1638712500000,4217.22,4222.71,4200.00,4200.00,4611.521,1638712799999,19421285.29641,6960,1425.331,6008158.09768,0
1638712800000,4200.00,4205.00,4160.00,4165.17,23509.290,1638713099999,98287446.60495,25639,9004.835,37642215.38317,0
1638713100000,4165.17,4178.00,4152.00,4165.05,13176.907,1638713399999,54915442.38158,16613,6549.973,27316613.72040,0
1638713400000,4165.05,4165.05,4128.96,4145.28,30512.344,1638713699999,126309004.42471,36466,12680.836,52494475.06019,0
1638713700000,4145.08,4162.50,4134.00,4142.47,14809.854,1638713999999,61438339.76274,20684,6980.958,28970637.51890,0
1638714000000,4142.76,4163.44,4142.28,4156.08,11402.813,1638714299999,47376165.97472,14457,6976.152,28980880.36233,0
1638714300000,4156.31,4170.00,4139.69,4143.00,11387.348,1638714599999,47305611.67424,15251,5390.585,22405771.53181,0
1638714600000,4143.00,4153.61,4137.32,4137.74,6304.921,1638714899999,26141331.34331,10341,3114.260,12916083.08801,0
1638714900000,4137.65,4142.67,4129.60,4137.93,7824.861,1638715199999,32361044.11608,12940,3559.359,14723377.25797,0
1638715200000,4137.23,4155.38,4136.01,4144.64,7271.845,1638715499999,30140529.61137,10355,4339.860,17991383.24608,0
1638715500000,4144.53,4162.92,4137.32,4162.40,8392.865,1638715799999,34854965.47148,12419,5060.042,21016703.12798,0
1638715800000,4162.40,4168.00,4153.01,4153.11,5892.255,1638716099999,24507912.47242,9733,3332.018,13861248.82220,0
1638716100000,4153.12,4153.41,4132.39,4139.96,8845.870,1638716399999,36637306.02473,12349,3651.755,15125682.65797,0
1638716400000,4140.36,4159.81,4133.83,4139.50,9796.127,1638716699999,40626577.30651,13500,5155.911,21391836.50954,0
1638716700000,4139.49,4143.10,4087.62,4100.24,35148.434,1638716999999,144330100.05835,38151,13548.682,55611493.26920,0
1638717000000,4100.24,4110.99,4082.00,4086.53,20484.458,1638717299999,83898676.70027,27731,9459.561,38759976.10577,0
1638717300000,4086.53,4096.05,4064.00,4081.92,25172.967,1638717599999,102630980.51133,31784,12001.581,48940501.32015,0
1638717600000,4081.90,4092.37,4073.31,4088.65,13276.324,1638717899999,54214746.71252,18450,7774.220,31748599.28403,0
1638717900000,4088.66,4092.00,4072.24,4074.34,9548.201,1638718199999,38983555.75948,13656,3810.068,15562144.00200,0
1638718200000,4074.33,4076.26,4050.61,4055.44,22426.632,1638718499999,91067612.35031,30162,11322.733,45986492.63730,0
1638718500000,4055.44,4061.49,4033.00,4045.56,33182.502,1638718799999,134241570.55953,40190,15619.710,63199202.92767,0
1638718800000,4045.57,4058.77,4040.01,4044.11,12753.083,1638719099999,51654238.75096,17453,6797.919,27537280.15212,0
1638719100000,4044.12,4063.32,4043.03,4053.41,20527.985,1638719399999,83179360.12128,19977,11716.262,47481063.02184,0
1638719400000,4053.40,4062.34,4039.26,4060.45,10883.084,1638719699999,44097550.56210,17065,5416.045,21951421.53956,0
1638719700000,4060.31,4073.76,4057.34,4070.84,10682.571,1638719999999,43437115.91470,14910,6841.360,27822392.74525,0
1638720000000,4070.46,4141.11,4063.78,4091.80,52092.721,1638720299999,213718792.99369,52023,25784.247,105775754.71954,0
1638720300000,4091.50,4107.85,4085.92,4106.17,14359.597,1638720599999,58820980.42467,18840,7537.807,30884086.92587,0
1638720600000,4106.20,4124.92,4092.53,4121.25,16096.050,1638720899999,66195625.66141,21443,9012.055,37068551.79209,0
1638720900000,4120.89,4126.56,4108.87,4110.84,9681.187,1638721199999,39854441.55980,15327,4425.322,18223446.74624,0
1638721200000,4110.83,4113.39,4097.40,4104.84,8156.487,1638721499999,33473508.71072,14707,3749.316,15388126.65117,0
1638721500000,4104.85,4111.48,4096.91,4102.24,6328.114,1638721799999,25957069.08888,10859,3402.822,13959337.00991,0
1638721800000,4102.24,4110.88,4087.15,4089.53,8200.607,1638722099999,33575722.94003,12189,3327.440,13623256.91789,0
1638722100000,4089.52,4104.62,4085.98,4087.12,5615.893,1638722399999,23003257.19167,10726,2957.323,12115443.84300,0
1638722400000,4087.48,4115.70,4086.25,4110.45,7613.433,1638722699999,31261139.31020,10822,4077.466,16738980.86008,0
1638722700000,4110.44,4129.60,4105.55,4125.60,7392.372,1638722999999,30459027.18398,11558,4243.593,17487257.92090,0
1638723000000,4125.60,4130.00,4115.36,4117.16,4648.874,1638723299999,19160050.52061,8244,1717.452,7079642.19321,0
1638723300000,4117.16,4124.57,4105.99,4108.73,5437.503,1638723599999,22370471.66728,9303,2563.896,10546388.72710,0
1638723600000,4108.72,4118.40,4095.81,4095.84,6121.513,1638723899999,25129488.54918,9603,2728.930,11208755.03287,0
1638723900000,4095.85,4096.97,4087.38,4088.94,8871.232,1638724199999,36301697.35208,9427,3970.564,16247374.98574,0
1638724200000,4088.93,4116.58,4088.67,4113.35,5815.801,1638724499999,23865090.24751,9130,3540.185,14525590.51939,0
1638724500000,4113.35,4123.95,4097.06,4117.33,4480.370,1638724799999,18424394.27770,9142,2429.591,9991167.03481,0
1638724800000,4117.33,4139.85,4115.88,4131.00,10908.496,1638725099999,45046395.29001,12908,5933.510,24499971.49519,0
1638725100000,4130.83,4145.00,4123.14,4141.37,7550.898,1638725399999,31246994.64571,12576,4141.778,17142472.00081,0
1638725400000,4141.38,4164.00,4140.02,4148.22,14416.249,1638725699999,59841082.70064,19008,8679.322,36029235.44761,0
1638725700000,4148.22,4160.80,4135.51,4147.53,9930.550,1638725999999,41176983.83765,12162,5170.459,21451768.15047,0
1638726000000,4147.54,4151.85,4143.24,4147.48,4162.850,1638726299999,17269856.95499,7453,2099.528,8710448.45054,0
1638726300000,4147.48,4150.74,4138.99,4148.03,3096.563,1638726599999,12832430.32179,6441,1331.301,5517719.86441,0
1638726600000,4148.03,4158.59,4146.32,4157.37,3289.567,1638726899999,13664799.17012,7131,1936.095,8042586.46491,0
1638726900000,4157.67,4165.34,4149.31,4153.83,6862.110,1638727199999,28534495.26770,9744,3535.642,14706021.25213,0
1638727200000,4153.83,4165.26,4145.60,4161.86,4336.816,1638727499999,18015888.66286,8172,2492.427,10357326.71967,0
1638727500000,4161.86,4162.22,4150.37,4152.34,2070.308,1638727799999,8599649.35985,5470,1004.108,4170810.27238,0
1638727800000,4152.33,4152.69,4145.27,4149.78,1896.705,1638728099999,7868026.38100,5561,891.623,3698518.30368,0
1638728100000,4149.79,4157.33,4142.17,4145.72,3033.387,1638728399999,12586196.88695,6069,1428.895,5930350.61426,0
1638728400000,4145.71,4145.71,4135.76,4140.28,3198.329,1638728699999,13241397.36426,6153,1274.794,5277560.10280,0
1638728700000,4140.29,4144.04,4134.24,4141.26,2963.865,1638728999999,12266932.58734,5382,1347.551,5577928.16972,0
1638729000000,4141.26,4151.90,4139.38,4147.13,3176.621,1638729299999,13168787.78228,6005,2080.448,8624426.20025,0
1638729300000,4147.12,4165.00,4140.88,4165.00,4792.957,1638729599999,19913194.39320,7130,3450.328,14337932.56129,0
1638729600000,4165.00,4179.10,4159.71,4168.73,8268.871,1638729899999,34489865.09293,12591,4813.502,20078207.00131,0
1638729900000,4168.15,4177.76,4157.25,4158.01,5049.302,1638730199999,21043008.34515,7605,2117.720,8826721.92524,0
1638730200000,4158.00,4161.22,4146.67,4148.08,3607.979,1638730499999,14984912.95512,6905,1692.301,7030359.53026,0
1638730500000,4148.09,4152.05,4145.49,4146.39,2224.533,1638730799999,9229253.64331,4962,947.203,3930083.43386,0
1638730800000,4146.39,4150.98,4132.23,4133.54,5430.652,1638731099999,22479430.26895,9791,1970.034,8156353.40986,0
1638731100000,4133.60,4140.01,4126.93,4128.74,5511.296,1638731399999,22777996.15400,8853,2319.984,9590418.55659,0
1638731400000,4128.73,4133.99,4111.00,4114.10,8052.990,1638731699999,33193614.48816,11647,2408.491,9926911.32110,0
1638731700000,4114.10,4117.40,4098.76,4103.75,10634.652,1638731999999,43680220.91204,15047,5037.445,20695704.68205,0
1638732000000,4103.75,4110.00,4097.79,4108.50,4946.560,1638732299999,20299109.85051,8718,2982.821,12242697.27954,0
1638732300000,4108.49,4124.00,4106.21,4121.29,4934.315,1638732599999,20320244.33577,7432,3068.969,12638071.68453,0
1638732600000,4121.29,4124.46,4101.12,4116.42,5584.925,1638732899999,22957113.91227,8931,2389.729,9827192.75902,0
1638732900000,4116.42,4126.10,4115.68,4124.47,2973.278,1638733199999,12251825.08840,6145,1744.166,7187767.91171,0
1638733200000,4124.90,4141.75,4123.72,4134.00,6461.093,1638733499999,26697401.34206,8842,4609.805,19046775.31709,0
1638733500000,4134.00,4143.00,4116.91,4121.37,5283.284,1638733799999,21803181.70906,8194,2076.395,8573614.14627,0
1638733800000,4122.27,4136.75,4118.26,4135.35,3383.447,1638734099999,13971728.59365,5546,2132.164,8805378.15211,0
1638734100000,4135.41,4139.80,4122.98,4139.79,3798.134,1638734399999,15698038.53237,5638,2334.848,9653260.25702,0
1638734400000,4139.19,4154.80,4135.76,4153.13,7242.345,1638734699999,30028779.17202,9421,4020.296,16673252.15029,0
1638734700000,4153.13,4155.48,4147.00,4153.99,2640.101,1638734999999,10961261.47907,5970,1095.990,4551122.33307,0
1638735000000,4154.00,4157.57,4148.00,4152.16,2135.429,1638735299999,8867422.24251,5680,1065.715,4426285.68550,0
1638735300000,4152.17,4155.20,4143.74,4146.57,2061.554,1638735599999,8553794.73746,5589,775.276,3217026.06371,0
1638735600000,4146.49,4147.81,4126.28,4127.12,5717.775,1638735899999,23635019.31950,8108,1793.844,7414201.78927,0
1638735900000,4127.11,4127.26,4108.12,4109.01,7582.567,1638736199999,31206517.74174,9158,2769.201,11393234.50212,0
1638736200000,4109.01,4122.80,4109.01,4120.91,4021.849,1638736499999,16558417.98802,6690,2436.289,10030580.16618,0
1638736500000,4120.92,4139.48,4114.05,4137.87,3246.555,1638736799999,13404131.88109,5773,2389.833,9869154.49954,0
1638736800000,4138.13,4147.69,4134.70,4144.84,4467.116,1638737099999,18503822.94186,6491,2514.292,10415525.56931,0
1638737100000,4144.85,4150.20,4130.48,4145.28,5303.056,1638737399999,21961363.21091,7378,3019.834,12511468.22004,0
1638737400000,4145.28,4152.00,4135.54,4147.42,2562.051,1638737699999,10627671.82445,6174,1251.542,5191376.22168,0
1638737700000,4147.43,4150.60,4135.10,4135.25,2489.545,1638737999999,10311893.50358,5441,1056.232,4375276.22220,0
1638738000000,4135.25,4153.09,4133.33,4141.92,2855.763,1638738299999,11840233.30514,6365,1529.972,6343797.45739,0
1638738300000,4141.91,4142.74,4120.92,4131.42,5230.359,1638738599999,21594493.44879,7335,2030.857,8381647.45187,0
1638738600000,4131.42,4135.36,4110.60,4113.20,5638.777,1638738899999,23238671.76480,7528,2328.405,9600308.69961,0
1638738900000,4113.21,4113.21,4099.00,4103.24,6747.942,1638739199999,27695190.18206,9542,2714.162,11140917.79903,0
1638739200000,4103.25,4126.00,4099.00,4124.49,5516.905,1638739499999,22679605.77737,7352,3732.629,15346402.66606,0
1638739500000,4124.46,4134.45,4117.27,4132.24,4594.789,1638739799999,18967816.97888,6982,2629.105,10854487.36216,0
1638739800000,4132.24,4136.34,4120.09,4135.13,3392.610,1638740099999,14007005.44346,6066,1609.726,6647772.59137,0
1638740100000,4135.14,4136.54,4118.44,4120.61,1810.285,1638740399999,7467710.85506,4652,678.733,2800791.05036,0
1638740400000,4120.60,4145.83,4116.77,4144.97,4157.937,1638740699999,17193341.26040,6335,2682.329,11090634.43205,0
1638740700000,4145.07,4149.39,4137.90,4149.39,3751.820,1638740999999,15549746.21947,5837,1345.386,5577820.53744,0
1638741000000,4149.39,4149.94,4136.80,4148.91,2428.801,1638741299999,10065351.19713,5206,1251.067,5184884.59074,0
1638741300000,4148.92,4151.43,4139.49,4143.45,3238.660,1638741599999,13432370.03153,6651,1598.371,6629609.10605,0
1638741600000,4143.46,4151.92,4129.58,4130.26,5535.611,1638741899999,22928320.76088,8407,2948.689,12214485.70665,0
1638741900000,4130.25,4136.50,4124.76,4124.76,2500.711,1638742199999,10328224.86257,5148,1084.360,4479801.88233,0
1638742200000,4124.77,4128.53,4115.94,4116.21,4148.634,1638742499999,17099852.07223,6832,1363.686,5621738.54961,0
1638742500000,4116.20,4139.35,4114.28,4138.98,3918.396,1638742799999,16177015.05708,6884,2247.044,9276974.01100,0
1638742800000,4138.93,4142.37,4126.28,4142.37,3569.247,1638743099999,14756790.95242,6283,1705.355,7050873.20133,0
1638743100000,4141.88,4144.59,4134.57,4142.81,3017.316,1638743399999,12493989.78745,5251,1534.356,6353772.79220,0
1638743400000,4142.81,4143.85,4140.26,4140.52,1037.889,1638743699999,4298755.12409,3436,421.058,1744014.08114,0
1638743700000,4140.53,4140.84,4136.14,4137.64,1167.663,1638743999999,4832872.40142,3710,617.216,2554637.44839,0
1638744000000,4137.63,4137.84,4125.53,4134.34,3104.789,1638744299999,12824781.20870,5689,1487.504,6144150.40716,0
1638744300000,4134.34,4149.60,4132.75,4145.21,3260.969,1638744599999,13514788.05100,5216,1720.333,7129201.10207,0
1638744600000,4145.21,4151.19,4135.83,4146.08,2590.450,1638744899999,10735017.05116,4885,1366.504,5662607.81295,0
1638744900000,4146.07,4163.40,4142.60,4160.84,3636.862,1638745199999,15118859.51195,7110,2194.078,9120316.46774,0
1638745200000,4160.83,4163.88,4146.46,4155.54,3910.218,1638745499999,16244131.38756,8087,1899.521,7891898.96845,0
1638745500000,4155.53,4192.00,4154.54,4190.01,16405.524,1638745799999,68533276.34054,19616,9192.286,38397643.48597,0
1638745800000,4190.00,4205.00,4190.00,4202.99,13373.171,1638746099999,56148631.69952,16810,7502.998,31503281.95834,0
1638746100000,4203.11,4204.63,4185.71,4196.16,4982.940,1638746399999,20892463.83571,9187,2303.422,9657254.17934,0
1638746400000,4196.04,4198.73,4161.82,4161.83,7865.700,1638746699999,32834283.52802,10903,2315.694,9670060.05467,0
1638746700000,4161.82,4177.87,4158.73,4174.08,9704.837,1638746999999,40431299.78903,10699,5952.599,24803269.22169,0
1638747000000,4174.07,4182.14,4158.47,4175.31,7984.086,1638747299999,33304470.67289,10316,4100.763,17111888.60239,0
1638747300000,4175.31,4194.32,4175.31,4191.41,4666.616,1638747599999,19530547.57796,8107,2616.650,10952436.50606,0
1638747600000,4191.54,4197.47,4179.53,4179.94,3832.652,1638747899999,16057734.00035,7125,1234.573,5174662.35565,0
1638747900000,4179.94,4182.35,4175.00,4177.59,3707.938,1638748199999,15492627.86634,6088,1884.284,7872889.43888,0
1638748200000,4177.58,4189.53,4176.22,4189.52,2840.505,1638748499999,11879546.17926,5481,1462.698,6117347.58876,0
1638748500000,4189.52,4199.18,4187.97,4197.53,4207.017,1638748799999,17647220.02369,7450,2077.930,8716329.78488,0
1638748800000,4197.52,4204.00,4180.01,4180.56,10704.914,1638749099999,44886715.74995,14058,4722.403,19806282.15118,0
1638749100000,4180.56,4187.30,4167.27,4172.60,6334.238,1638749399999,26448810.49268,8771,2929.576,12235973.79248,0
1638749400000,4171.57,4178.86,4144.03,4146.60,12846.611,1638749699999,53415549.98573,15816,4721.389,19644382.45161,0
1638749700000,4146.31,4156.82,4113.49,4123.28,17524.125,1638749999999,72451222.29186,24320,6769.359,27991944.82821,0
1638750000000,4123.28,4138.66,4111.43,4134.61,11679.585,1638750299999,48205558.11877,14663,7535.836,31108390.15249,0
1638750300000,4134.61,4138.01,4107.00,4117.32,10412.832,1638750599999,42875764.81600,13584,3515.314,14474816.50833,0
1638750600000,4117.33,4126.49,4104.00,4118.04,7519.378,1638750899999,30946897.90466,12519,3903.697,16071799.93877,0
1638750900000,4118.04,4138.66,4114.69,4132.47,8768.438,1638751199999,36217058.27480,10784,5008.966,20690679.76232,0
1638751200000,4132.47,4141.00,4120.10,4122.02,5450.172,1638751499999,22513281.77858,8264,3115.773,12874115.76292,0
1638751500000,4122.40,4134.54,4107.65,4108.03,8006.235,1638751799999,32976324.97280,10786,3642.238,15008665.69781,0
1638751800000,4108.59,4127.05,4105.24,4126.45,6115.507,1638752099999,25159568.21850,9060,3704.745,15242847.88860,0
1638752100000,4126.45,4134.11,4125.47,4131.36,3615.929,1638752399999,14930896.43267,6815,1580.331,6525430.55807,0
1638752400000,4131.40,4141.55,4116.07,4141.55,8176.884,1638752699999,33790396.22244,10905,4692.873,19397382.22397,0
1638752700000,4141.54,4153.11,4141.29,4150.00,8141.209,1638752999999,33766801.18901,10393,5315.986,22048569.82630,0
1638753000000,4150.00,4164.66,4149.99,4154.71,5601.542,1638753299999,23297183.49238,9786,3121.402,12982807.33975,0
1638753300000,4154.70,4161.37,4139.30,4155.46,6316.802,1638753599999,26192024.94717,9238,2836.937,11763615.20012,0
1638753600000,4155.18,4158.24,4138.14,4142.04,4251.473,1638753899999,17635241.29586,6877,1844.414,7653107.98850,0
1638753900000,4142.74,4146.03,4123.39,4124.34,7972.625,1638754199999,32940906.43383,9912,3458.916,14292405.82230,0
1638754200000,4124.29,4133.20,4115.14,4115.23,5569.119,1638754499999,22965927.66914,8526,2348.235,9686046.40351,0
1638754500000,4115.23,4116.72,4103.46,4106.56,9742.965,1638754799999,40045210.39176,11966,4367.758,17952573.13755,0
1638754800000,4106.45,4123.29,4105.07,4123.13,4835.927,1638755099999,19888734.72113,7364,3004.355,12357777.74489,0
1638755100000,4123.20,4144.79,4117.32,4142.42,10492.393,1638755399999,43389068.32359,11227,6406.279,26487844.00881,0
1638755400000,4142.43,4145.31,4130.82,4136.82,3900.851,1638755699999,16142602.92068,6570,1526.669,6318496.93988,0
1638755700000,4136.82,4147.89,4135.47,4144.07,4209.937,1638755999999,17443903.57668,6780,2374.730,9840050.59230,0
1638756000000,4144.08,4154.15,4134.54,4142.68,4563.969,1638756299999,18926358.97524,7360,2226.191,9233392.87069,0
1638756300000,4142.26,4151.87,4136.19,4150.96,3149.820,1638756599999,13046132.81468,5064,1333.849,5526239.63395,0
1638756600000,4151.23,4160.78,4147.33,4158.23,3795.985,1638756899999,15771944.55714,7081,2332.799,9693216.16028,0
1638756900000,4158.23,4159.70,4146.00,4147.64,4620.200,1638757199999,19185732.79467,6776,2465.081,10239676.72243,0
1638757200000,4147.65,4167.55,4146.26,4162.54,4935.266,1638757499999,20534745.85371,7329,2854.351,11875854.99841,0
1638757500000,4162.54,4163.94,4147.00,4147.76,2821.654,1638757799999,11722118.76932,4994,997.391,4144294.30517,0
1638757800000,4147.77,4149.97,4137.06,4139.10,5846.554,1638758099999,24215098.79567,6362,2280.025,9443307.62008,0
1638758100000,4139.09,4150.22,4137.06,4147.78,2849.728,1638758399999,11809026.19782,4265,1856.492,7693852.64493,0
1638758400000,4148.63,4161.77,4148.01,4159.92,2977.983,1638758699999,12375734.15309,5237,1530.444,6360438.85809,0
1638758700000,4159.92,4162.60,4149.99,4150.00,3128.641,1638758999999,13000846.28434,4701,1528.293,6351497.12592,0
1638759000000,4149.99,4162.50,4148.18,4154.01,2248.894,1638759299999,9341384.17219,4046,1239.695,5149274.18828,0
1638759300000,4154.01,4160.92,4146.57,4148.20,1855.624,1638759599999,7705597.65291,4110,902.068,3746435.73231,0
1638759600000,4148.59,4156.54,4146.60,4150.00,2805.920,1638759899999,11645490.15012,4779,1135.113,4711681.46037,0
1638759900000,4150.00,4161.63,4148.82,4161.26,2471.962,1638760199999,10273658.87902,5049,1450.736,6029512.69891,0
1638760200000,4161.10,4161.96,4149.10,4151.51,2681.775,1638760499999,11141866.98714,4895,1311.657,5449524.43404,0
1638760500000,4151.50,4164.27,4151.36,4155.49,3600.013,1638760799999,14968863.82155,5744,1690.131,7027518.85134,0
1638760800000,4155.50,4179.71,4154.13,4179.00,6090.801,1638761099999,25399916.29645,8800,3940.490,16434291.37492,0
1638761100000,4178.88,4192.11,4176.33,4177.01,9977.459,1638761399999,41746621.17269,13174,4602.302,19258438.53252,0
1638761400000,4177.00,4177.05,4164.64,4166.10,4446.212,1638761699999,18544410.11780,6956,2014.734,8402601.54616,0
1638761700000,4166.11,4177.85,4164.33,4171.50,2080.722,1638761999999,8676315.43840,4777,1040.082,4337191.76083,0
1638762000000,4171.50,4179.64,4167.56,4170.82,2902.210,1638762299999,12110004.88525,5029,1775.243,7407690.53320,0
1638762300000,4170.70,4185.00,4170.44,4177.41,3137.067,1638762599999,13106449.31542,6329,1779.480,7434715.48955,0
1638762600000,4177.42,4186.44,4175.48,4182.25,4292.460,1638762899999,17945623.05547,6441,2848.840,11911746.72003,0
1638762900000,4182.25,4185.66,4167.96,4169.90,5523.302,1638763199999,23074517.06111,8197,3025.338,12642090.79820,0
1638763200000,4169.87,4176.87,4163.01,4173.07,4592.269,1638763499999,19146677.82094,6641,2612.874,10896603.70408,0
1638763500000,4173.07,4184.12,4168.78,4182.01,2525.280,1638763799999,10544138.96084,5395,1147.396,4791088.91195,0
1638763800000,4181.91,4187.88,4177.79,4185.05,3186.797,1638764099999,13328998.54135,6117,1818.296,7605184.28982,0
1638764100000,4185.60,4198.50,4174.13,4174.67,6534.668,1638764399999,27354801.46078,10496,2964.034,12412181.91388,0
1638764400000,4174.68,4188.40,4174.14,4186.06,3384.289,1638764699999,14152266.57990,7327,2205.514,9222138.74329,0
1638764700000,4186.07,4193.55,4183.01,4188.56,2023.190,1638764999999,8473540.09678,5988,1034.956,4334598.55766,0
1638765000000,4188.57,4195.00,4186.79,4188.71,3981.719,1638765299999,16689681.04787,6833,2141.723,8978259.45479,0
1638765300000,4188.20,4190.44,4182.19,4188.68,2289.809,1638765599999,9583484.42961,4542,1097.607,4594005.45416,0
1638765600000,4188.67,4191.53,4178.29,4181.69,2893.484,1638765899999,12104833.15943,4856,1197.867,5011506.45326,0
1638765900000,4181.69,4185.97,4177.22,4180.02,2368.236,1638766199999,9901702.14407,4503,1143.761,4782633.22161,0
1638766200000,4180.02,4182.89,4161.77,4164.35,10252.914,1638766499999,42760886.77681,9194,4002.243,16696208.01649,0
1638766500000,4164.36,4170.00,4160.53,4167.53,3380.784,1638766799999,14088175.31027,5298,2156.224,8986212.36003,0
1638766800000,4166.89,4181.17,4166.89,4174.22,2947.588,1638767099999,12304973.48187,5818,1848.861,7717317.49849,0
1638767100000,4174.22,4174.79,4160.00,4164.29,6702.202,1638767399999,27927676.72630,7458,2664.646,11102324.04708,0
1638767400000,4164.28,4172.87,4161.78,4162.79,3123.356,1638767699999,13011211.46119,5345,1692.652,7051447.42744,0
1638767700000,4162.80,4175.76,4162.80,4174.69,1589.539,1638767999999,6629800.61061,4364,944.058,3937475.01421,0
1638768000000,4174.69,4179.10,4170.51,4172.00,1745.481,1638768299999,7289159.01763,4162,930.670,3886603.72516,0
1638768300000,4172.00,4180.96,4168.79,4171.64,2238.569,1638768599999,9342333.50212,4928,1022.267,4267098.01938,0
1638768600000,4171.37,4174.29,4158.31,4160.47,4235.147,1638768899999,17632375.45558,6033,1717.857,7152567.26046,0
1638768900000,4160.48,4166.46,4159.56,4163.18,1809.521,1638769199999,7532897.83987,4091,941.605,3920150.44472,0
1638769200000,4163.17,4164.50,4153.30,4155.08,3524.856,1638769499999,14656761.94452,5451,1087.838,4523824.42802,0
1638769500000,4155.08,4165.07,4151.87,4152.84,3922.272,1638769799999,16300174.84779,5972,1769.918,7357306.72934,0
1638769800000,4152.83,4156.11,4150.10,4150.90,2920.506,1638770099999,12127152.16560,4879,1278.202,5307923.39106,0
1638770100000,4150.91,4152.20,4135.37,4135.70,6594.920,1638770399999,27329976.80963,8606,2237.476,9273820.25497,0
1638770400000,4135.69,4142.05,4131.01,4134.55,6512.188,1638770699999,26936075.19661,10123,3514.403,14539885.92857,0
1638770700000,4134.54,4146.56,4134.51,4144.26,2958.752,1638770999999,12252191.57581,5733,1898.476,7861407.86970,0
1638771000000,4144.26,4146.90,4130.01,4130.73,3934.879,1638771299999,16272280.78684,6407,1265.610,5234571.40013,0
1638771300000,4130.74,4144.03,4128.35,4143.21,3415.462,1638771599999,14124714.10615,6362,1690.595,6993694.76683,0
1638771600000,4143.40,4143.62,4128.76,4142.77,4111.275,1638771899999,17004820.75059,6461,2137.316,8841139.30161,0
1638771900000,4142.67,4146.74,4135.95,4144.95,3047.653,1638772199999,12623085.23462,4829,1328.849,5504512.29033,0
1638772200000,4144.69,4153.11,4142.54,4149.65,4745.969,1638772499999,19692312.16708,6574,2880.213,11952478.05772,0
1638772500000,4149.65,4149.65,4140.00,4140.71,1426.707,1638772799999,5912375.43027,4146,595.391,2467251.74172,0
1638772800000,4140.71,4143.99,4118.00,4124.23,7924.036,1638773099999,32696875.25040,10024,2386.119,9841582.42369,0
1638773100000,4124.35,4130.00,4107.30,4109.70,9378.463,1638773399999,38614100.22919,11283,4267.403,17578439.12749,0
1638773400000,4109.50,4114.70,4076.00,4089.92,20241.729,1638773699999,82885091.05446,21993,6404.488,26225782.99217,0
1638773700000,4089.47,4091.62,4070.13,4075.40,12247.686,1638773999999,49979159.75371,14771,5630.502,22979566.27253,0
1638774000000,4075.68,4075.85,4054.94,4059.74,16269.293,1638774299999,66085725.49950,21901,7479.871,30381635.70476,0
1638774300000,4059.74,4078.00,4057.64,4075.30,9940.920,1638774599999,40464852.54112,12613,5692.176,23170101.20146,0
1638774600000,4075.30,4079.00,4054.08,4062.16,7285.999,1638774899999,29609364.75265,11883,3182.132,12933501.35728,0
1638774900000,4062.17,4066.45,4047.05,4050.21,10784.918,1638775199999,43733875.18498,14601,5053.007,20497365.57102,0
1638775200000,4050.17,4061.91,4047.06,4047.06,5527.671,1638775499999,22420908.74605,9315,2948.203,11958823.21613,0
1638775500000,4047.64,4054.47,4015.24,4022.54,24354.785,1638775799999,98193554.05364,28578,9932.555,40047276.98951,0
1638775800000,4022.31,4048.29,4018.13,4036.60,17810.159,1638776099999,71882733.63876,19063,10719.565,43264636.41207,0
1638776100000,4036.60,4050.76,4036.60,4042.10,7787.968,1638776399999,31501456.74081,10338,4529.946,18323134.70570,0
1638776400000,4042.10,4049.94,4035.90,4040.49,5490.320,1638776699999,22196260.31620,7480,3058.324,12366943.17584,0
1638776700000,4041.07,4058.86,4040.65,4052.99,8147.864,1638776999999,33026686.35670,11163,4994.922,20244392.42962,0
1638777000000,4052.98,4066.86,4052.98,4065.00,6033.109,1638777299999,24504759.46407,8764,3553.185,14431922.12031,0
1638777300000,4065.00,4074.70,4061.98,4072.04,4838.169,1638777599999,19678086.98727,7780,2967.625,12070917.15068,0
1638777600000,4072.04,4152.00,4071.29,4140.87,50607.256,1638777899999,208179432.17291,46501,29841.181,122745575.78246,0
1638777900000,4141.32,4143.40,4078.41,4082.44,44747.512,1638778199999,183910964.31732,42635,18315.378,75295541.42791,0
1638778200000,4082.22,4087.68,4037.59,4053.35,46841.699,1638778499999,190250912.81337,44756,20871.166,84758144.55296,0
1638778500000,4053.38,4078.00,4051.34,4057.88,18730.339,1638778799999,76169859.80831,20870,9259.890,37663858.29127,0
1638778800000,4057.88,4066.06,4001.00,4003.95,24712.635,1638779099999,99622354.67856,31889,8308.325,33495137.13854,0
1638779100000,4004.04,4028.07,3988.31,4024.71,33855.869,1638779399999,135632979.16192,39436,18789.558,75327970.94822,0
1638779400000,4024.71,4035.50,4001.12,4005.42,19404.538,1638779699999,77974999.09530,21209,7631.884,30687186.10782,0
1638779700000,4005.42,4015.00,3995.66,4012.90,14349.864,1638779999999,57461650.48165,17136,8692.477,34816303.24810,0
1638780000000,4013.17,4044.58,4008.67,4036.22,15406.528,1638780299999,62020557.86177,16959,8912.525,35885339.69713,0
1638780300000,4036.20,4067.27,4016.16,4053.40,28435.819,1638780599999,114934188.48260,25651,16732.916,67651311.92123,0
1638780600000,4053.39,4056.95,4031.86,4035.71,11003.301,1638780899999,44466145.90174,13928,4397.136,17770119.17822,0
1638780900000,4035.70,4060.99,4030.00,4046.42,8219.142,1638781199999,33283997.74390,12091,4028.894,16315183.13203,0
1638781200000,4046.43,4068.60,4037.08,4057.54,12553.592,1638781499999,50899361.00030,15125,5629.166,22832456.99333,0
1638781500000,4057.53,4062.53,4012.00,4018.62,18347.908,1638781799999,73978683.35725,18696,6071.107,24484916.85266,0
1638781800000,4018.55,4019.24,4004.13,4008.33,16969.900,1638782099999,68060505.70807,16957,7965.994,31957477.21116,0
1638782100000,4007.77,4031.78,4005.05,4030.34,10748.477,1638782399999,43190205.75927,11738,7122.057,28624363.10913,0
1638782400000,4030.34,4030.69,4006.20,4012.59,9481.868,1638782699999,38077874.91882,11215,3935.456,15801275.99758,0
1638782700000,4012.33,4023.80,4005.63,4006.73,7716.816,1638782999999,30995677.69066,9547,3600.528,14465113.21597,0
1638783000000,4006.45,4014.06,3960.01,3967.40,29708.453,1638783299999,118384810.25706,31572,10615.085,42293881.37150,0
1638783300000,3967.57,3976.82,3920.00,3951.40,46597.131,1638783599999,183927508.54376,51507,19756.512,78024067.95986,0
1638783600000,3951.35,3964.48,3932.93,3962.74,24827.515,1638783899999,98084556.36543,26752,13477.475,53239825.41861,0
1638783900000,3962.75,3980.98,3956.69,3975.46,18079.953,1638784199999,71778407.56598,19011,10323.926,40986549.44285,0
1638784200000,3975.56,3979.69,3959.67,3974.61,8607.940,1638784499999,34167061.46945,11311,4181.979,16599616.56159,0
1638784500000,3974.51,3977.00,3946.36,3961.55,12356.381,1638784799999,48901724.28623,14391,4560.570,18051848.20922,0
1638784800000,3961.56,3980.00,3951.00,3972.99,11116.652,1638785099999,44088922.31720,14656,6018.997,23877025.00776,0
1638785100000,3972.86,3996.69,3972.63,3993.09,14620.717,1638785399999,58273579.21967,16376,9481.781,37796043.43621,0
1638785400000,3993.08,3999.18,3985.00,3987.04,15438.524,1638785699999,61640297.77005,13577,8394.122,33522388.86873,0
1638785700000,3987.04,3996.99,3976.07,3978.20,8689.743,1638785999999,34636506.56052,10892,3743.850,14925836.93047,0
1638786000000,3978.21,3980.21,3962.04,3962.45,8461.816,1638786299999,33584834.38841,11128,3543.519,14064510.14957,0
1638786300000,3962.48,3962.75,3941.41,3941.41,12085.402,1638786599999,47782017.26813,15217,4105.626,16238566.60315,0
1638786600000,3942.42,3954.64,3921.30,3948.63,24660.828,1638786899999,97054996.95049,25587,11521.463,45353395.58903,0
1638786900000,3948.28,3955.00,3935.68,3946.69,10174.365,1638787199999,40165358.46687,13290,5521.825,21801021.67417,0
1638787200000,3946.68,3958.64,3940.48,3957.00,6901.610,1638787499999,27271403.20793,9685,3985.062,15747532.59591,0
1638787500000,3957.00,3974.61,3955.56,3958.84,11010.820,1638787799999,43664806.47086,12569,5474.031,21707617.68865,0
1638787800000,3958.36,3971.43,3941.82,3948.83,9164.059,1638788099999,36239715.62876,10944,4122.839,16313045.36348,0
1638788100000,3948.83,3957.38,3945.12,3948.29,5236.618,1638788399999,20687733.97857,8096,2791.169,11027265.02039,0
1638788400000,3948.29,3962.04,3941.82,3943.48,9751.008,1638788699999,38524298.09538,11483,4252.462,16800701.89196,0
1638788700000,3943.47,3952.37,3938.52,3941.68,7182.047,1638788999999,28327679.81353,9018,3923.329,15476484.02094,0
1638789000000,3941.67,3948.64,3934.80,3941.31,7574.878,1638789299999,29857970.45169,9653,4225.366,16656616.90592,0
1638789300000,3941.26,3953.42,3932.34,3952.03,7672.511,1638789599999,30258042.89466,10613,3853.455,15197042.79023,0
1638789600000,3951.45,3965.35,3947.02,3959.81,10138.586,1638789899999,40126034.94562,11152,5670.999,22444053.29358,0
1638789900000,3959.94,3970.77,3957.00,3969.18,5445.244,1638790199999,21583218.77506,7993,3255.364,12904325.28838,0
1638790200000,3969.18,3984.02,3967.31,3969.12,8784.687,1638790499999,34922941.59842,11837,4599.558,18287493.49905,0
1638790500000,3969.15,3971.40,3957.91,3970.89,5358.646,1638790799999,21246378.50240,8257,2743.817,10880087.82858,0
1638790800000,3970.84,4023.59,3960.80,4018.50,35896.871,1638791099999,143516533.15841,34274,21356.315,85397838.79899,0
1638791100000,4018.39,4056.73,4000.00,4007.85,41278.789,1638791399999,166152467.57006,48848,20543.115,82700991.09505,0
1638791400000,4007.92,4077.35,4007.23,4057.43,37312.252,1638791699999,151007419.72109,47202,22243.062,90022679.16740,0
1638791700000,4057.35,4065.62,4033.84,4044.41,25087.438,1638791999999,101539537.82717,28711,12168.421,49267348.82746,0
1638792000000,4044.42,4051.56,4032.00,4042.63,12414.533,1638792299999,50162212.98045,16857,5549.355,22430687.43151,0
1638792300000,4043.26,4051.19,4036.73,4047.40,8167.488,1638792599999,33033088.09937,11077,4034.348,16318856.73782,0
1638792600000,4047.13,4054.91,4028.00,4031.27,9946.443,1638792899999,40180762.92653,12380,3859.802,15599762.57313,0
1638792900000,4031.27,4045.81,4018.99,4045.81,13293.406,1638793199999,53577050.88346,15507,7631.657,30776794.60558,0
1638793200000,4045.80,4050.91,4039.21,4046.38,7461.808,1638793499999,30190139.53646,10104,3777.024,15281851.16998,0
1638793500000,4046.28,4076.35,4042.47,4067.22,14884.473,1638793799999,60477718.09908,18873,8817.983,35831918.59279,0
1638793800000,4067.22,4078.41,4056.22,4074.32,12067.298,1638794099999,49073381.76767,16391,5725.219,23286199.20397,0
1638794100000,4074.32,4085.43,4064.00,4074.24,8944.538,1638794399999,36456147.70572,14157,4924.669,20076079.36568,0
1638794400000,4074.23,4083.75,4064.79,4069.01,8354.842,1638794699999,34029904.12835,12380,3969.696,16170133.99981,0
1638794700000,4068.98,4076.20,4057.78,4059.27,6246.455,1638794999999,25403347.74969,10721,2678.569,10897285.53138,0
1638795000000,4059.37,4071.49,4053.49,4060.20,6719.260,1638795299999,27277339.67010,10552,3106.445,12614478.22050,0
1638795300000,4060.20,4065.62,4047.62,4050.95,6059.418,1638795599999,24567559.55099,11412,2053.312,8327847.20297,0
1638795600000,4050.96,4066.59,4046.81,4060.24,6748.017,1638795899999,27371585.86964,13857,3832.361,15542738.66675,0
1638795900000,4060.11,4087.08,4059.08,4080.14,9768.709,1638796199999,39822593.80623,13472,5335.034,21746212.23501,0
1638796200000,4080.13,4086.09,4066.00,4066.51,7305.979,1638796499999,29785593.74157,10186,2990.610,12195266.62628,0
1638796500000,4066.51,4069.33,4056.54,4057.63,9605.295,1638796799999,39017928.53761,10105,5039.887,20472654.10169,0
1638796800000,4057.64,4061.49,4050.76,4052.71,6591.086,1638797099999,26727575.02460,7965,2849.714,11556784.87660,0
1638797100000,4052.72,4060.26,4048.61,4053.80,3898.244,1638797399999,15803272.98853,7284,2173.144,8811084.25794,0
1638797400000,4054.19,4054.48,4033.84,4039.59,7315.378,1638797699999,29570483.29591,10541,2556.446,10334111.95769,0
1638797700000,4039.59,4046.64,4031.07,4043.70,7656.494,1638797999999,30925837.58789,10237,4406.453,17801990.56032,0
1638798000000,4043.71,4052.38,4038.33,4038.33,4366.868,1638798299999,17670464.93301,6660,2302.943,9320921.90356,0
1638798300000,4038.33,4043.75,4018.17,4020.24,13994.041,1638798599999,56366656.24861,12653,6017.808,24239405.63974,0
1638798600000,4020.31,4033.84,4016.52,4030.61,6636.518,1638798899999,26715812.47772,8979,4433.033,17848390.42526,0
1638798900000,4030.62,4044.80,4030.49,4043.86,6435.509,1638799199999,26003996.93080,8380,3540.591,14305633.63005,0
1638799200000,4043.85,4044.95,4020.64,4035.19,15777.374,1638799499999,63606277.77958,12128,4987.894,20123835.84692,0
1638799500000,4035.19,4047.32,4031.37,4045.79,5465.736,1638799799999,22090308.53288,7728,3272.981,13230113.01925,0
1638799800000,4045.57,4055.72,4044.55,4054.88,5871.917,1638800099999,23783805.78064,8618,3907.804,15829839.49642,0
1638800100000,4054.88,4060.26,4041.56,4051.61,6543.314,1638800399999,26512938.45615,8818,3363.298,13633068.10368,0
1638800400000,4051.62,4059.41,4047.99,4058.69,3326.576,1638800699999,13487170.19089,5938,1990.736,8072145.88149,0
1638800700000,4058.80,4062.10,4045.50,4055.27,4456.864,1638800999999,18060272.07405,6846,1901.347,7706489.67025,0
1638801000000,4055.28,4070.00,4019.26,4027.39,21638.742,1638801299999,87554551.98553,19647,8829.858,35754642.34044,0
1638801300000,4027.29,4028.78,3992.85,3994.67,22717.177,1638801599999,91107142.71896,24982,9062.368,36352582.91548,0
1638801600000,3994.67,4032.00,3981.00,4028.46,23867.155,1638801899999,95698784.04357,25668,13814.842,55424060.06377,0
1638801900000,4028.44,4035.00,4005.37,4009.48,10475.947,1638802199999,42129291.02372,13029,3866.749,15562204.70099,0
1638802200000,4009.48,4023.12,4006.21,4007.41,8859.363,1638802499999,35563341.36270,10330,5146.171,20667010.47552,0
1638802500000,4007.20,4019.68,3998.44,4017.91,8753.346,1638802799999,35074082.11118,10808,4103.577,16451702.41341,0
1638802800000,4017.91,4031.37,4007.44,4025.03,9590.190,1638803099999,38576094.96480,11812,5462.853,21973657.73800,0
1638803100000,4025.07,4028.42,4002.00,4020.22,10927.636,1638803399999,43841522.53185,11464,5154.701,20683614.28768,0
1638803400000,4020.22,4040.86,4017.94,4040.35,11147.193,1638803699999,44953893.05064,11958,7957.489,32093152.44740,0
1638803700000,4040.34,4057.78,4036.01,4050.26,14400.881,1638803999999,58330952.97816,16868,8281.683,33545949.96844,0
1638804000000,4050.27,4059.00,4046.19,4056.67,5415.385,1638804299999,21948736.32651,8656,2817.001,11419149.22337,0
1638804300000,4056.62,4063.98,4049.03,4063.97,4970.957,1638804599999,20168718.81375,8843,2665.290,10815744.21691,0
1638804600000,4063.98,4083.24,4063.64,4072.16,12779.589,1638804899999,52048926.59927,16787,7405.839,30163426.35133,0
1638804900000,4072.15,4075.52,4055.00,4072.31,8768.023,1638805199999,35650489.56298,11292,3529.698,14355006.96878,0
1638805200000,4072.32,4085.15,4069.43,4071.44,11407.565,1638805499999,46517909.43763,13088,5700.372,23251625.26472,0
1638805500000,4071.15,4106.80,4068.49,4103.03,20165.863,1638805799999,82522289.76044,24139,12218.905,50016838.01498,0
1638805800000,4103.11,4114.77,4094.09,4104.52,10292.457,1638806099999,42233548.94988,14819,4719.579,19371941.23327,0
1638806100000,4104.51,4126.69,4101.42,4122.76,11297.218,1638806399999,46509473.45476,16476,6337.076,26090783.58836,0
1638806400000,4122.97,4142.40,4105.79,4113.66,18893.812,1638806699999,77844147.43547,21684,10340.170,42633031.35642,0
1638806700000,4113.48,4118.30,4103.35,4107.23,5555.073,1638806999999,22833696.02273,9396,2310.516,9498872.39350,0
1638807000000,4107.20,4112.74,4100.28,4102.57,5861.288,1638807299999,24063071.33544,9053,2490.421,10225945.52305,0
1638807300000,4102.57,4113.91,4096.98,4103.22,7648.205,1638807599999,31402536.39606,9680,4006.961,16454699.84209,0
1638807600000,4103.40,4105.24,4096.00,4096.95,5118.621,1638807899999,20981083.35429,7747,2075.766,8509405.55985,0
1638807900000,4096.95,4112.67,4096.37,4111.63,5379.332,1638808199999,22092859.28795,7294,3571.843,14667943.38365,0
1638808200000,4111.64,4132.06,4111.00,4131.06,10213.816,1638808499999,42103061.89847,12049,6284.070,25914262.50298,0
1638808500000,4131.06,4160.74,4130.52,4155.74,26395.138,1638808799999,109323456.20557,26221,16641.045,68933946.66514,0
1638808800000,4155.73,4167.28,4148.36,4157.85,12374.777,1638809099999,51465493.74007,15516,5994.680,24938206.40008,0
1638809100000,4157.86,4160.45,4147.62,4148.91,6307.472,1638809399999,26191375.11698,8897,2608.670,10834350.15639,0
1638809400000,4148.53,4158.00,4140.10,4157.98,7574.073,1638809699999,31410884.09403,10029,3815.165,15826110.35318,0
1638809700000,4157.92,4169.77,4152.05,4167.49,7174.640,1638809999999,29857487.00408,9548,4561.463,18985700.39864,0
1638810000000,4167.49,4169.94,4160.82,4167.40,6107.343,1638810299999,25437392.77791,8758,2620.298,10913798.65404,0
1638810300000,4167.40,4183.96,4167.09,4181.03,8135.636,1638810599999,33956271.10620,11578,4559.917,19034575.86037,0
1638810600000,4181.57,4197.57,4180.51,4188.25,15120.476,1638810899999,63350964.58750,18670,8255.219,34584983.57186,0
1638810900000,4188.25,4190.64,4177.00,4182.68,5556.846,1638811199999,23240347.94731,9437,2224.888,9305559.99638,0
1638811200000,4182.68,4184.99,4170.00,4170.00,5676.272,1638811499999,23703877.66158,7929,2076.581,8673880.64677,0
1638811500000,4170.00,4187.36,4169.68,4186.22,5484.463,1638811799999,22923665.75994,7526,3731.835,15599810.37282,0
1638811800000,4186.22,4195.00,4168.79,4173.66,7794.215,1638812099999,32583558.26721,10359,3107.498,12993751.10672,0
1638812100000,4173.65,4176.47,4160.53,4162.86,7635.878,1638812399999,31823217.71765,8834,3055.023,12732952.33081,0
1638812400000,4162.86,4168.28,4156.41,4165.62,5210.961,1638812699999,21693889.90502,7425,1774.910,7390234.30661,0
1638812700000,4165.62,4179.10,4161.55,4176.66,4413.104,1638812999999,18404120.76192,6730,2360.919,9847499.94781,0
1638813000000,4176.66,4177.03,4159.71,4166.93,5785.824,1638813299999,24108340.27855,6360,2186.916,9111193.84847,0
1638813300000,4166.93,4183.25,4165.91,4174.05,6108.479,1638813599999,25513488.30656,7084,3124.539,13049580.06452,0
1638813600000,4174.05,4184.88,4165.02,4169.02,6360.265,1638813899999,26532110.42046,7948,3368.643,14053497.25172,0
1638813900000,4169.02,4169.02,4159.41,4160.85,4215.976,1638814199999,17552493.32684,5505,1818.502,7572567.07779,0
1638814200000,4160.85,4168.37,4158.52,4163.95,2681.591,1638814499999,11165452.73474,5004,1439.702,5994640.39680,0
1638814500000,4163.95,4168.37,4150.00,4151.22,4544.893,1638814799999,18888341.67499,7852,1467.242,6099345.82380,0
1638814800000,4151.22,4158.81,4150.30,4154.49,3031.412,1638815099999,12596367.36473,5838,1147.106,4766039.12710,0
1638815100000,4154.50,4170.34,4153.80,4168.64,4748.345,1638815399999,19774910.11544,6336,2590.848,10789615.14482,0
1638815400000,4168.65,4184.53,4165.00,4183.07,5990.964,1638815699999,25012721.37927,8017,3783.546,15800694.07262,0
1638815700000,4183.05,4187.58,4168.79,4174.61,4742.151,1638815999999,19811723.50472,7335,2020.087,8439978.18782,0
1638816000000,4174.62,4181.58,4171.01,4179.93,2297.076,1638816299999,9590631.52660,4583,1148.736,4796196.73613,0
1638816300000,4179.92,4181.73,4171.01,4172.95,2914.684,1638816599999,12170877.39755,4924,1501.808,6271208.24427,0
1638816600000,4172.93,4182.82,4170.03,4180.65,2205.481,1638816899999,9211450.91562,4201,1186.620,4956399.22292,0
1638816900000,4180.65,4187.14,4179.45,4182.39,2914.774,1638817199999,12192614.08385,4841,1528.606,6394037.50176,0
1638817200000,4182.39,4193.96,4182.39,4188.45,5715.164,1638817499999,23942084.49956,9180,3165.747,13264170.46550,0
1638817500000,4188.45,4194.89,4183.94,4194.56,3267.816,1638817799999,13691721.82872,5726,1837.632,7699419.78912,0
1638817800000,4194.56,4216.99,4194.56,4202.53,15780.387,1638818099999,66346374.67385,17709,10512.736,44199430.94408,0
1638818100000,4202.65,4215.01,4202.20,4213.32,4469.736,1638818399999,18816385.34143,7592,2708.301,11401264.67559,0
1638818400000,4213.34,4217.99,4202.94,4202.94,5934.441,1638818699999,24994277.83161,7348,1918.248,8080938.54248,0
1638818700000,4202.94,4203.04,4191.90,4201.26,5511.797,1638818999999,23134398.63517,7213,1975.907,8293455.96150,0
1638819000000,4201.26,4210.55,4191.73,4193.71,5260.691,1638819299999,22088608.81989,6777,2275.543,9555946.76260,0
1638819300000,4193.69,4206.47,4186.94,4202.15,3453.478,1638819599999,14493868.33075,6024,1733.404,7276198.49709,0
1638819600000,4201.90,4202.63,4190.40,4190.68,2726.511,1638819899999,11437912.20151,4789,1052.137,4413638.76925,0
1638819900000,4190.68,4198.24,4190.60,4193.69,2153.364,1638820199999,9033621.71110,4394,1081.774,4538185.79774,0
1638820200000,4193.69,4195.29,4183.25,4189.41,2985.702,1638820499999,12501712.40961,5277,1419.197,5942259.87184,0
1638820500000,4189.36,4202.50,4188.99,4192.84,3072.710,1638820799999,12895453.17769,5920,1569.705,6586665.17784,0
1638820800000,4192.85,4201.26,4182.16,4185.13,3828.639,1638821099999,16044070.48400,6256,1783.015,7474131.51712,0
1638821100000,4185.13,4200.98,4185.13,4196.04,2680.405,1638821399999,11243180.31436,4853,1571.151,6589681.57758,0
1638821400000,4196.04,4200.56,4186.53,4188.36,2992.956,1638821699999,12545958.77615,4882,1310.828,5495614.28139,0
1638821700000,4188.37,4200.56,4188.37,4195.60,2452.681,1638821999999,10286787.62212,4581,1703.327,7142865.12308,0
1638822000000,4195.55,4210.00,4193.40,4203.86,4001.497,1638822299999,16822326.04592,6320,2078.575,8737882.38952,0
1638822300000,4203.85,4215.42,4200.77,4214.31,4245.421,1638822599999,17872416.30151,6163,2589.422,10903940.57348,0
1638822600000,4214.31,4220.00,4207.17,4212.27,4062.215,1638822899999,17115675.00003,6348,2401.375,10119560.35515,0
1638822900000,4212.28,4215.49,4205.68,4215.15,2367.422,1638823199999,9967020.76132,4354,1160.181,4884360.98287,0
1638823200000,4215.15,4229.00,4214.00,4225.18,8023.377,1638823499999,33878341.44450,10124,5698.787,24063635.15392,0
1638823500000,4225.18,4230.00,4215.01,4219.35,5822.514,1638823799999,24595300.54754,8513,2372.824,10023303.04424,0
1638823800000,4219.35,4223.24,4200.00,4213.41,7561.083,1638824099999,31819991.42260,9238,3706.015,15600201.69016,0
1638824100000,4213.30,4214.17,4193.56,4198.47,4875.107,1638824399999,20482238.05369,7368,1729.298,7264806.95481,0
1638824400000,4198.46,4219.55,4197.09,4209.10,5272.479,1638824699999,22202078.19707,8301,3120.307,13137788.28288,0
1638824700000,4209.10,4223.96,4209.10,4223.67,3055.078,1638824999999,12886143.62972,5662,1513.565,6385195.48791,0
1638825000000,4223.68,4230.00,4215.75,4219.43,4133.714,1638825299999,17458174.94278,6576,1914.770,8089627.28134,0
1638825300000,4219.42,4227.80,4216.47,4219.78,2893.777,1638825599999,12220283.67183,5321,1541.565,6509732.81627,0
1638825600000,4219.98,4250.00,4219.60,4248.02,15135.688,1638825899999,64177331.93458,17215,10603.928,44955332.11012,0
1638825900000,4248.10,4260.00,4238.85,4252.83,10419.356,1638826199999,44288184.20139,14758,5734.481,24379828.68254,0
1638826200000,4252.59,4283.51,4252.00,4277.38,19145.985,1638826499999,81829324.57992,24714,10409.584,44482359.47711,0
1638826500000,4277.77,4298.98,4277.77,4297.51,13393.461,1638826799999,57468068.68825,19252,6851.337,29401270.27731,0
1638826800000,4297.52,4307.06,4295.11,4299.71,10933.549,1638827099999,47013204.00311,16096,6238.776,26828725.26754,0
1638827100000,4299.71,4345.50,4299.70,4338.34,29098.271,1638827399999,125781391.38771,33581,18528.385,80106844.81470,0
1638827400000,4338.18,4350.00,4321.82,4338.14,20552.929,1638827699999,89158568.69483,25581,9879.637,42860120.93126,0
1638827700000,4338.20,4349.95,4314.30,4318.67,14754.529,1638827999999,63924366.91469,17924,5995.048,25982050.84716,0
1638828000000,4318.68,4346.13,4318.16,4345.10,11259.749,1638828299999,48836017.03676,14750,6397.897,27747527.58198,0
1638828300000,4344.98,4345.57,4331.23,4337.00,5843.155,1638828599999,25336317.37311,9194,2629.911,11403223.95521,0
1638828600000,4337.05,4377.58,4337.05,4351.38,22653.139,1638828899999,98798456.20980,30364,13710.595,59803165.01525,0
1638828900000,4351.39,4368.00,4348.45,4365.05,9506.498,1638829199999,41422430.04621,13811,4484.479,19544281.14910,0
1638829200000,4364.98,4370.00,4343.76,4345.66,8490.838,1638829499999,37002184.81550,12379,3296.049,14373108.51944,0
1638829500000,4345.67,4347.44,4333.44,4338.90,11926.158,1638829799999,51751949.72372,12404,4885.549,21198906.13739,0
1638829800000,4338.90,4342.40,4323.95,4324.81,5290.932,1638830099999,22931414.37222,8597,2055.477,8912523.89403,0
1638830100000,4325.05,4346.25,4320.24,4345.77,4479.940,1638830399999,19396718.11736,9108,2774.060,12017049.73318,0
1638830400000,4345.77,4354.89,4345.48,4352.14,5557.159,1638830699999,24173304.01286,8506,2633.631,11456774.50289,0
1638830700000,4352.14,4357.79,4333.44,4334.89,6105.414,1638830999999,26528161.77995,8167,2080.058,9046444.03416,0
1638831000000,4334.90,4352.28,4333.03,4349.26,3655.668,1638831299999,15879162.95284,5634,2525.381,10971118.41282,0
1638831300000,4349.27,4350.20,4326.43,4333.59,5800.376,1638831599999,25143311.03780,7438,2058.414,8919985.61565,0
1638831600000,4333.49,4342.57,4333.49,4342.57,3108.382,1638831899999,13488894.22666,5929,1981.312,8597724.96786,0
1638831900000,4342.58,4348.28,4339.99,4348.27,2658.726,1638832199999,11548528.83260,4806,1323.948,5750808.03935,0
1638832200000,4348.27,4351.05,4319.82,4326.88,10759.134,1638832499999,46581944.89607,9725,3278.643,14193951.38140,0
1638832500000,4326.89,4331.98,4303.27,4317.92,9576.467,1638832799999,41345760.30275,11227,3548.866,15329622.49069,0
1638832800000,4317.93,4332.92,4315.07,4329.13,7009.676,1638833099999,30321643.09214,8615,4758.952,20585813.65251,0
1638833100000,4329.13,4329.54,4313.22,4321.23,4508.976,1638833399999,19481105.55704,6254,1775.704,7672307.54015,0
1638833400000,4321.22,4333.44,4317.84,4326.45,5388.172,1638833699999,23317407.28598,5701,2677.819,11587986.63461,0
1638833700000,4326.46,4333.39,4316.11,4318.70,4286.823,1638833999999,18544707.81175,5414,1616.122,6994066.17436,0
1638834000000,4318.69,4342.93,4317.80,4341.19,6576.950,1638834299999,28499652.24415,8016,4536.651,19662351.67114,0
1638834300000,4341.19,4345.80,4325.14,4326.72,5668.850,1638834599999,24580839.75558,8105,2509.709,10887383.46587,0
1638834600000,4326.72,4346.60,4324.78,4345.73,4544.465,1638834899999,19706731.81024,6848,2327.886,10097580.54959,0
1638834900000,4345.72,4357.07,4345.18,4345.20,7182.440,1638835199999,31247900.28293,9207,4223.988,18376714.85320,0
1638835200000,4345.44,4363.99,4343.86,4358.96,8901.636,1638835499999,38784652.93673,12539,4766.275,20765980.12586,0
1638835500000,4358.97,4360.75,4330.62,4338.30,10658.145,1638835799999,46281927.61491,12293,3343.835,14515627.83800,0
1638835800000,4338.30,4353.66,4329.82,4350.18,8871.614,1638836099999,38523970.02491,11012,5421.254,23541618.73676,0
1638836100000,4350.20,4351.98,4323.54,4326.66,6259.039,1638836399999,27119966.15721,8766,2040.346,8841599.12393,0
1638836400000,4326.66,4347.17,4323.62,4347.16,4690.088,1638836699999,20335508.66431,6676,3344.223,14500550.86250,0
1638836700000,4347.16,4349.95,4340.00,4342.72,2927.046,1638836999999,12718897.76116,5313,1172.146,5094262.12642,0
1638837000000,4343.26,4345.79,4332.01,4336.00,3681.754,1638837299999,15975916.68975,5575,1815.944,7881598.06591,0
1638837300000,4335.49,4343.00,4333.51,4340.93,1858.455,1638837599999,8063954.65226,3924,780.040,3384377.55958,0
1638837600000,4340.94,4349.12,4337.98,4347.97,3365.258,1638837899999,14617441.33531,4664,1684.973,7320842.36710,0
1638837900000,4347.82,4354.93,4345.00,4350.32,3347.660,1638838199999,14564835.43841,5972,1825.318,7942650.07152,0
1638838200000,4350.17,4356.00,4349.04,4350.47,2951.930,1638838499999,12850466.49415,6086,1605.519,6990052.41773,0
1638838500000,4350.47,4355.84,4340.33,4340.63,3209.771,1638838799999,13951789.54114,5937,1232.853,5359213.40554,0
1638838800000,4340.78,4347.79,4337.16,4344.17,3025.581,1638839099999,13135378.34612,5923,1425.617,6189689.02615,0
1638839100000,4343.89,4353.99,4343.88,4351.82,2990.950,1638839399999,13010104.90094,5193,1689.388,7349051.48838,0
1638839400000,4351.81,4365.63,4350.58,4363.99,5866.023,1638839699999,25580825.84547,8131,4076.150,17775391.28523,0
1638839700000,4363.99,4368.86,4354.08,4356.07,5848.226,1638839999999,25514414.95779,8712,1866.679,8146136.95367,0
1638840000000,4356.07,4385.00,4354.30,4368.36,19129.677,1638840299999,83697207.06866,20779,10988.909,48086564.63783,0
1638840300000,4367.99,4368.95,4343.09,4343.51,11346.694,1638840599999,49413748.80889,12164,4251.419,18519209.94023,0
1638840600000,4343.51,4348.51,4323.95,4332.79,11012.438,1638840899999,47731924.97550,13832,4627.879,20060880.11983,0
1638840900000,4332.78,4341.10,4317.00,4319.67,6590.870,1638841199999,28537229.88219,9243,2795.910,12112585.69041,0
1638841200000,4319.26,4330.62,4315.15,4329.12,3956.449,1638841499999,17104448.49122,7581,2235.891,9666204.19635,0
1638841500000,4329.22,4340.84,4326.19,4328.82,4571.623,1638841799999,19813722.87285,6484,2833.000,12279819.94797,0
1638841800000,4328.81,4344.58,4323.21,4343.15,3818.198,1638842099999,16553812.55036,6237,2286.302,9916056.06330,0
1638842100000,4342.79,4347.05,4331.79,4335.39,3537.287,1638842399999,15351842.40854,5971,1525.583,6622080.62490,0
1638842400000,4335.39,4346.56,4330.79,4345.49,3391.120,1638842699999,14717807.82652,6518,2189.218,9501502.06238,0
1638842700000,4345.49,4348.48,4336.81,4344.18,3027.384,1638842999999,13153391.49678,6798,1332.080,5788152.47974,0
1638843000000,4344.18,4344.78,4328.09,4328.65,2912.917,1638843299999,12625035.63771,6342,1297.157,5621940.65844,0
1638843300000,4328.66,4335.22,4321.88,4335.17,3733.692,1638843599999,16159552.90014,6603,2030.984,8792566.06255,0
1638843600000,4335.18,4337.05,4328.15,4333.83,1467.269,1638843899999,6356744.83060,3963,637.365,2761290.91490,0
1638843900000,4334.17,4342.06,4331.06,4333.19,3331.004,1638844199999,14447997.32211,5322,1872.458,8121436.23770,0
1638844200000,4333.19,4333.95,4323.92,4326.81,2548.590,1638844499999,11028669.10812,5742,1059.675,4585297.64916,0
1638844500000,4326.81,4330.22,4316.03,4317.93,3080.266,1638844799999,13315296.12653,5078,1075.089,4649732.80720,0
1638844800000,4317.94,4321.36,4307.76,4309.55,9314.345,1638845099999,40180211.37987,11389,4314.930,18616347.77885,0
1638845100000,4309.56,4319.75,4302.90,4317.05,6482.460,1638845399999,27956718.01460,8624,2819.817,12164252.53488,0
1638845400000,4317.10,4323.13,4313.01,4322.53,2218.351,1638845699999,9581426.20647,4090,1340.717,5791863.48002,0
1638845700000,4322.53,4326.48,4309.00,4311.02,4689.638,1638845999999,20242199.64111,6294,1640.977,7085246.29283,0
1638846000000,4311.19,4322.10,4307.97,4319.90,4476.063,1638846299999,19315466.91811,6197,3173.136,13693513.87771,0
1638846300000,4319.87,4329.30,4316.88,4324.86,4866.708,1638846599999,21041038.18088,6518,1853.311,8015040.12470,0
1638846600000,4324.91,4331.38,4323.28,4328.16,2355.494,1638846899999,10192927.61639,4806,1302.748,5637486.46692,0
1638846900000,4328.01,4334.63,4327.50,4332.25,2828.496,1638847199999,12251216.89096,5181,1695.415,7343596.15619,0
1638847200000,4332.66,4340.46,4332.01,4338.45,3560.114,1638847499999,15437834.82608,5876,2415.710,10475236.89667,0
1638847500000,4338.45,4342.11,4332.44,4332.99,3655.113,1638847799999,15855455.42592,5326,1745.780,7573484.77830,0
1638847800000,4333.00,4344.17,4332.89,4342.25,3394.877,1638848099999,14735396.08808,5673,1902.176,8256293.34869,0
1638848100000,4342.59,4344.57,4331.50,4335.67,3686.661,1638848399999,15992522.57949,6416,1685.000,7310499.50266,0
1638848400000,4335.71,4338.93,4330.07,4331.87,1727.413,1638848699999,7485948.52565,5657,936.443,4058192.87236,0
1638848700000,4331.89,4338.04,4326.24,4337.96,2006.296,1638848999999,8688117.71719,4662,855.762,3706599.94852,0
1638849000000,4337.96,4342.18,4333.74,4339.96,1984.523,1638849299999,8610804.01039,4230,1218.842,5288625.34347,0
1638849300000,4339.97,4346.23,4337.40,4339.40,2938.994,1638849599999,12761210.81099,5707,1847.292,8021601.59634,0
1638849600000,4339.41,4348.00,4338.98,4346.17,2453.231,1638849899999,10655986.45997,5520,1385.127,6016946.30152,0
1638849900000,4345.94,4352.84,4345.00,4352.35,3861.493,1638850199999,16794304.87069,6771,2368.397,10301071.43032,0
1638850200000,4352.35,4357.79,4348.95,4356.21,3279.514,1638850499999,14275006.89844,6566,1845.325,8033277.34107,0
1638850500000,4356.21,4356.48,4345.95,4348.72,2943.870,1638850799999,12809994.74870,5809,1128.658,4911535.80459,0
1638850800000,4348.73,4354.29,4345.31,4351.94,2175.822,1638851099999,9463641.11453,4960,1149.015,4997670.01311,0
1638851100000,4352.49,4359.08,4351.32,4356.29,2515.443,1638851399999,10956190.76311,5092,1431.394,6234699.47914,0
1638851400000,4356.30,4357.99,4345.00,4345.38,2745.106,1638851699999,11944228.87656,6070,1109.265,4826466.45222,0
1638851700000,4345.38,4347.10,4335.10,4335.30,4445.086,1638851999999,19288439.37579,7070,1780.490,7725106.84318,0
1638852000000,4335.30,4339.62,4330.97,4338.93,3156.478,1638852299999,13683123.00550,5600,1635.674,7091780.60053,0
1638852300000,4338.82,4340.46,4327.57,4331.11,2892.276,1638852599999,12529071.89863,5657,1254.944,5436428.90966,0
1638852600000,4331.11,4338.43,4329.35,4334.33,1270.982,1638852899999,5509576.05804,3845,773.447,3352556.28505,0
1638852900000,4334.33,4344.94,4334.32,4344.52,2041.126,1638853199999,8863367.93616,4487,1256.195,5454643.29157,0
1638853200000,4344.53,4357.79,4344.12,4357.06,4732.219,1638853499999,20590084.26481,6841,2488.996,10830350.66872,0
1638853500000,4357.06,4364.00,4356.94,4360.61,4834.439,1638853799999,21077108.49431,7407,2738.163,11938091.15520,0
1638853800000,4360.61,4362.54,4355.67,4359.41,2796.960,1638854099999,12191672.24126,5115,1448.718,6314886.00862,0
1638854100000,4359.41,4359.41,4346.24,4350.86,2922.474,1638854399999,12715628.19825,6247,1485.132,6460310.10204,0
1638854400000,4350.87,4353.92,4340.13,4340.19,3006.305,1638854699999,13065695.53921,5183,1825.987,7936655.38361,0
1638854700000,4340.12,4350.97,4340.12,4347.44,2742.475,1638854999999,11920805.43916,4893,1771.331,7698753.62633,0
1638855000000,4347.44,4353.34,4332.58,4333.17,7805.388,1638855299999,33852706.87436,7048,3599.430,15607314.11691,0
1638855300000,4333.08,4340.00,4331.00,4336.94,2963.902,1638855599999,12850851.04660,4692,1929.603,8365852.64990,0
1638855600000,4336.95,4343.21,4333.15,4343.20,1325.754,1638855899999,5750800.54919,3694,733.877,3183812.78792,0
1638855900000,4343.21,4347.87,4340.26,4346.32,1963.850,1638856199999,8531838.26147,4165,878.188,3815218.60297,0
1638856200000,4346.31,4352.76,4345.24,4352.58,1710.718,1638856499999,7441582.04262,4047,769.085,3345435.13130,0
1638856500000,4352.59,4352.59,4338.45,4341.46,1930.087,1638856799999,8383047.69221,4808,858.687,3729225.70021,0
1638856800000,4341.47,4346.72,4339.06,4341.11,1457.243,1638857099999,6327884.41372,4061,617.603,2681863.54447,0
1638857100000,4341.12,4350.72,4341.12,4346.78,1454.207,1638857399999,6321088.15992,4138,737.141,3203877.40199,0
1638857400000,4346.78,4352.97,4346.78,4350.00,1293.432,1638857699999,5627970.09979,4003,721.412,3139017.82054,0
1638857700000,4349.99,4356.75,4342.33,4345.49,2605.697,1638857999999,11334117.58414,5390,1399.531,6089091.66773,0
1638858000000,4345.49,4358.61,4345.40,4357.79,2890.822,1638858299999,12586999.55155,5966,1841.068,8016173.16593,0
1638858300000,4357.54,4361.80,4348.10,4360.94,2419.672,1638858599999,10540302.49081,6082,1234.185,5377409.94971,0
1638858600000,4360.94,4361.79,4352.52,4360.99,1822.113,1638858899999,7940566.70175,5225,918.797,4004743.17937,0
1638858900000,4361.00,4368.00,4356.14,4359.57,4812.388,1638859199999,20998012.11275,7358,3079.833,13440862.35051,0
1638859200000,4359.56,4361.00,4350.38,4352.22,2139.263,1638859499999,9312979.08108,4633,977.400,4254733.07554,0
1638859500000,4352.21,4353.34,4346.97,4352.36,2045.142,1638859799999,8894890.68185,4718,803.510,3495059.08645,0
1638859800000,4352.35,4353.04,4346.67,4349.01,1765.204,1638860099999,7677010.22958,3791,571.393,2484997.23752,0
1638860100000,4349.02,4359.84,4347.74,4359.83,1961.597,1638860399999,8540337.10620,4656,1300.218,5661089.97865,0
1638860400000,4359.83,4368.11,4355.49,4364.72,4387.723,1638860699999,19148740.48646,6941,2221.337,9695480.92108,0
1638860700000,4364.73,4384.39,4364.01,4369.67,11882.330,1638860999999,52003918.44683,14527,6937.954,30364949.28924,0
1638861000000,4369.68,4370.48,4354.90,4355.21,6470.455,1638861299999,28216246.37624,8409,2110.073,9200667.12146,0
1638861300000,4355.21,4361.49,4350.77,4358.37,3939.784,1638861599999,17159439.44943,6287,2187.490,9529208.95596,0
1638861600000,4358.36,4362.33,4354.34,4358.72,1803.441,1638861899999,7860987.46193,4281,876.849,3822544.58503,0
1638861900000,4358.72,4359.00,4347.40,4351.28,5290.986,1638862199999,23025791.93434,6727,2055.792,8945174.62644,0
1638862200000,4351.28,4353.60,4346.29,4348.09,2881.680,1638862499999,12535376.72505,5394,1661.777,7229099.88352,0
1638862500000,4347.85,4360.42,4347.11,4355.57,2939.979,1638862799999,12798868.36347,5531,1871.792,8149110.49892,0
1638862800000,4355.57,4358.60,4342.94,4342.99,2362.779,1638863099999,10277038.26323,5442,761.236,3311682.14960,0
1638863100000,4343.26,4347.80,4333.03,4343.33,7004.772,1638863399999,30395708.92434,8165,3640.178,15795326.80228,0
1638863400000,4343.32,4350.56,4343.21,4346.18,3363.169,1638863699999,14622235.53655,5301,2286.886,9942559.40856,0
1638863700000,4346.18,4352.84,4346.00,4351.60,1580.115,1638863999999,6872725.25956,4152,840.290,3655007.82143,0
1638864000000,4351.60,4363.57,4343.94,4363.36,4642.328,1638864299999,20217725.06807,6804,3080.082,13416578.52858,0
1638864300000,4363.36,4366.94,4356.00,4356.57,4247.341,1638864599999,18528829.28872,6381,2219.571,9683876.74131,0
1638864600000,4356.83,4367.97,4352.38,4364.86,3097.715,1638864899999,13504806.90533,5644,1453.214,6338513.45833,0
1638864900000,4364.86,4377.60,4358.02,4375.26,8638.783,1638865199999,37754007.13833,9600,5371.692,23478368.98134,0
1638865200000,4375.25,4385.00,4373.51,4379.60,8544.174,1638865499999,37417454.20415,10514,4993.499,21869922.38652,0
1638865500000,4379.60,4399.12,4379.07,4389.00,14229.502,1638865799999,62491484.95240,18342,8210.749,36058470.58998,0
1638865800000,4389.05,4396.73,4375.80,4381.31,7170.982,1638866099999,31438742.77551,11181,2482.902,10887810.32161,0
1638866100000,4381.93,4390.09,4378.28,4388.75,3887.100,1638866399999,17039929.22326,6926,2454.099,10760654.72965,0
1638866400000,4388.74,4412.00,4384.71,4403.06,22102.024,1638866699999,97324573.71432,24923,13425.359,59119182.38655,0
1638866700000,4403.06,4417.63,4402.27,4408.57,8387.837,1638866999999,36994569.39241,14256,4548.280,20065183.69851,0
1638867000000,4408.57,4414.09,4404.00,4409.44,5114.818,1638867299999,22548754.70694,8994,2518.440,11103363.78169,0
1638867300000,4409.45,4415.80,4402.36,4404.99,5571.194,1638867599999,24570501.78347,9327,2791.451,12312077.57818,0
1638867600000,4404.99,4412.00,4399.06,4409.13,4994.672,1638867899999,22000697.79705,9649,2500.118,11013687.03506,0
1638867900000,4409.12,4420.52,4390.01,4391.35,12839.427,1638868199999,56542869.04956,17346,5801.844,25566203.47988,0
1638868200000,4391.72,4401.63,4389.15,4398.18,5290.437,1638868499999,23256802.35932,9363,3180.972,13985133.32823,0
1638868500000,4398.18,4406.81,4391.63,4400.68,2937.196,1638868799999,12921789.65609,7776,1290.093,5676341.66933,0
1638868800000,4400.68,4406.00,4396.00,4404.31,2338.542,1638869099999,10295505.60878,6752,1196.677,5268558.80425,0
1638869100000,4404.84,4412.33,4403.99,4407.26,3531.803,1638869399999,15568115.41772,8061,1950.507,8597891.52494,0
1638869400000,4407.26,4417.65,4404.02,4405.95,4025.472,1638869699999,17755673.92594,9444,2352.970,10378712.98737,0
1638869700000,4405.76,4416.91,4401.53,4401.73,4319.565,1638869999999,19040655.65558,8983,1911.971,8429187.57685,0
1638870000000,4401.72,4401.93,4385.00,4387.41,9714.302,1638870299999,42655273.77690,12470,3719.478,16328147.74542,0
1638870300000,4387.56,4390.52,4382.13,4385.74,6162.621,1638870599999,27026465.15538,8069,2508.370,11001078.60064,0
1638870600000,4385.74,4386.19,4380.07,4383.92,5266.275,1638870899999,23083162.35988,6868,2080.621,9119126.73477,0
1638870900000,4383.95,4397.16,4383.49,4391.95,3271.096,1638871199999,14362427.28339,6592,1791.440,7864998.32667,0
1638871200000,4391.96,4396.95,4380.01,4380.02,3577.165,1638871499999,15696881.73410,6422,1656.139,7268041.79735,0
1638871500000,4380.01,4394.09,4380.01,4387.31,2238.861,1638871799999,9825682.10219,6373,1426.721,6261167.90717,0
1638871800000,4387.31,4388.05,4374.38,4376.19,3360.659,1638872099999,14717853.50258,7473,1303.865,5711261.20819,0
1638872100000,4376.20,4387.01,4373.50,4382.51,2475.768,1638872399999,10845823.96810,6129,1546.990,6777343.81014,0
1638872400000,4382.52,4385.81,4379.14,4384.51,1626.477,1638872699999,7126932.39072,4398,832.699,3648896.92333,0
1638872700000,4384.99,4390.00,4381.83,4383.37,1934.168,1638872999999,8484147.88292,4776,1224.904,5373799.49766,0
1638873000000,4383.09,4396.73,4381.58,4396.01,3918.510,1638873299999,17204563.91841,6245,2724.479,11963600.41705,0
1638873300000,4396.01,4400.00,4390.06,4395.40,2351.083,1638873599999,10332911.23495,5514,1487.950,6540057.11659,0
1638873600000,4395.40,4398.33,4391.25,4396.36,1397.513,1638873899999,6142575.01381,4268,679.198,2985433.18059,0
1638873900000,4396.36,4396.73,4386.24,4390.68,1862.149,1638874199999,8174634.05759,4703,634.671,2786315.47240,0
1638874200000,4390.56,4404.16,4390.55,4397.18,5857.890,1638874499999,25763902.16061,7202,3809.702,16756326.78565,0
1638874500000,4397.19,4404.18,4395.95,4398.80,1485.639,1638874799999,6536533.77233,4017,702.107,3089404.42726,0
1638874800000,4398.80,4411.82,4395.38,4408.17,5374.194,1638875099999,23683982.98511,8355,2994.454,13196713.95796,0
1638875100000,4408.16,4419.95,4407.29,4415.60,7521.603,1638875399999,33202137.87199,9188,4319.024,19066491.75163,0
1638875400000,4415.60,4425.00,4410.00,4412.38,5750.319,1638875699999,25403606.86355,10381,3294.163,14556154.82898,0
1638875700000,4412.38,4419.24,4410.54,4418.71,2353.959,1638875999999,10391528.79073,5680,1483.295,6548355.97143,0
1638876000000,4418.71,4418.71,4395.42,4396.31,5378.488,1638876299999,23688940.95233,8721,1257.780,5537718.62553,0
1638876300000,4396.30,4405.58,4395.41,4400.50,4047.636,1638876599999,17811855.50622,5844,2823.298,12423537.32128,0
1638876600000,4400.57,4400.57,4385.01,4389.67,6462.165,1638876899999,28368948.73697,8721,2529.473,11102273.37528,0
1638876900000,4389.68,4395.00,4387.97,4390.45,2088.945,1638877199999,9174162.96551,4730,1173.053,5151867.16467,0
1638877200000,4390.44,4394.97,4387.27,4390.59,1136.914,1638877499999,4992348.13704,3622,548.407,2408336.87763,0
1638877500000,4390.56,4409.92,4386.81,4407.85,6208.126,1638877799999,27330778.96078,8233,3869.379,17033614.34123,0
1638877800000,4407.84,4411.63,4400.11,4402.13,3316.473,1638878099999,14617032.24016,6392,1263.189,5568220.11871,0
1638878100000,4402.13,4409.47,4400.37,4407.42,1889.705,1638878399999,8325503.91022,5008,1180.650,5202193.19528,0
1638878400000,4407.42,4415.00,4399.79,4413.46,4629.272,1638878699999,20411582.91027,8615,2219.244,9788202.52029,0
1638878700000,4413.24,4413.46,4384.89,4394.35,11461.534,1638878999999,50362113.55579,13579,4853.317,21321885.54729,0
1638879000000,4394.36,4401.00,4381.55,4383.24,4773.190,1638879299999,20967678.57217,8955,2123.529,9331511.37532,0
1638879300000,4383.24,4387.00,4371.00,4371.17,11386.888,1638879599999,49838251.88973,14204,5096.657,22307824.05148,0
1638879600000,4371.16,4371.17,4353.34,4359.75,17826.227,1638879899999,77762059.88999,21815,7463.604,32558034.62266,0
1638879900000,4359.90,4366.41,4353.00,4364.28,8139.365,1638880199999,35478719.55605,14951,4488.782,19569847.76249,0
1638880200000,4364.26,4372.02,4336.14,4337.98,13717.353,1638880499999,59718257.72196,18389,5466.022,23809762.96140,0
1638880500000,4337.98,4345.00,4330.99,4339.25,16531.968,1638880799999,71700843.24374,20266,8314.800,36066485.58063,0
1638880800000,4338.83,4356.90,4334.00,4353.75,9119.394,1638881099999,39633823.28899,10540,6483.107,28177972.63381,0
1638881100000,4353.75,4365.79,4342.82,4358.58,8365.289,1638881399999,36460498.82530,11902,4234.143,18453325.98940,0
1638881400000,4358.59,4365.97,4352.11,4356.45,4483.465,1638881699999,19547962.49726,7771,2514.418,10963183.66609,0
1638881700000,4356.45,4363.20,4349.82,4359.29,2946.719,1638881999999,12837197.68761,6498,1569.047,6835929.22426,0
1638882000000,4359.30,4371.00,4356.36,4370.87,5094.931,1638882299999,22241260.49967,8142,3241.215,14150802.57123,0
1638882300000,4370.87,4376.57,4362.12,4365.25,5688.550,1638882599999,24860322.00830,8291,2686.825,11744473.53065,0
1638882600000,4365.00,4372.47,4359.48,4369.57,2945.994,1638882899999,12865826.67771,6513,1576.164,6885021.02532,0
1638882900000,4369.56,4374.38,4359.82,4360.68,3007.993,1638883199999,13136056.08827,6358,1508.777,6591430.53209,0
1638883200000,4360.68,4368.61,4351.15,4351.72,4592.790,1638883499999,20015485.32419,7553,2019.443,8803459.66109,0
1638883500000,4351.72,4354.21,4342.27,4344.18,5676.441,1638883799999,24679670.01832,8660,2293.980,9973949.63636,0
1638883800000,4344.17,4345.45,4332.50,4338.60,7791.544,1638884099999,33802314.21529,11608,3947.291,17126254.78575,0
1638884100000,4338.60,4349.84,4334.30,4348.74,4226.430,1638884399999,18361401.97817,7571,2305.061,10015490.76733,0
1638884400000,4348.74,4360.00,4340.93,4355.25,5018.781,1638884699999,21845028.24220,7910,3028.985,13183821.31691,0
1638884700000,4355.25,4358.89,4342.41,4350.84,3988.933,1638884999999,17347621.84285,7254,1858.839,8084641.81148,0
1638885000000,4350.84,4352.60,4340.20,4341.54,2322.210,1638885299999,10090378.95176,5060,886.374,3852119.81951,0
1638885300000,4341.51,4349.00,4340.00,4341.00,2295.309,1638885599999,9971805.88380,4709,1074.032,4666763.25780,0
1638885600000,4341.00,4341.00,4331.35,4333.97,5061.906,1638885899999,21945480.03470,7133,2626.861,11387652.22408,0
1638885900000,4335.53,4345.88,4330.98,4343.83,4895.487,1638886199999,21246220.06785,6603,2488.577,10801666.22463,0
1638886200000,4343.83,4360.20,4340.49,4358.04,5335.663,1638886499999,23219708.83570,7936,3501.025,15237379.27943,0
1638886500000,4358.05,4363.00,4350.00,4352.66,4226.347,1638886799999,18418119.47175,7093,2234.187,9738674.40277,0
1638886800000,4352.66,4366.49,4352.51,4358.32,3081.805,1638887099999,13437380.74569,6388,1709.187,7453689.17093,0
1638887100000,4358.30,4361.44,4352.00,4352.00,3106.211,1638887399999,13530629.34813,5936,1367.547,5958075.32900,0
1638887400000,4352.00,4376.34,4351.80,4370.05,7313.048,1638887699999,31938046.74831,11259,4410.951,19265928.32101,0
1638887700000,4370.06,4384.46,4369.27,4374.51,10366.800,1638887999999,45392741.77229,12199,5630.005,24653020.32944,0
1638888000000,4374.51,4390.59,4374.51,4390.57,6987.138,1638888299999,30622195.23647,9040,4260.627,18675495.70877,0
1638888300000,4390.58,4391.47,4377.44,4379.58,6306.859,1638888599999,27653330.27573,9583,2931.431,12857075.09864,0
1638888600000,4379.84,4391.91,4375.72,4389.41,4956.947,1638888899999,21727223.63539,7298,3191.469,13994041.38597,0
1638888900000,4389.42,4400.00,4384.18,4398.96,8280.502,1638889199999,36381013.11369,10920,5817.050,25561554.07591,0
1638889200000,4398.95,4417.99,4395.62,4412.03,19336.712,1638889499999,85254227.83751,22607,11499.715,50697153.24310,0
1638889500000,4411.87,4414.30,4390.11,4396.45,8994.783,1638889799999,39568390.75530,12039,2902.427,12764417.91487,0
1638889800000,4396.90,4400.20,4387.13,4393.31,5239.441,1638890099999,23016201.06128,8422,2590.162,11380097.28412,0
1638890100000,4393.31,4405.54,4392.01,4396.38,5022.256,1638890399999,22088249.80966,8822,2338.708,10287354.67561,0
1638890400000,4396.38,4402.53,4392.02,4393.38,3319.713,1638890699999,14590044.57213,6958,1191.313,5236882.11387,0
1638890700000,4393.39,4393.67,4377.01,4379.88,13756.499,1638890999999,60285098.72227,13804,5257.377,23038546.49176,0
1638891000000,4379.88,4393.85,4374.69,4391.40,6731.896,1638891299999,29496128.15361,10194,4382.979,19206484.54410,0
1638891300000,4391.40,4401.07,4386.87,4397.43,5976.261,1638891599999,26271375.47572,9765,3659.870,16089224.11692,0
1638891600000,4397.43,4416.35,4395.25,4413.00,9970.933,1638891899999,43946541.83868,12795,5863.331,25845810.61175,0
1638891900000,4412.99,4418.00,4400.01,4403.28,6619.294,1638892199999,29178178.51511,9479,2844.901,12545199.54264,0
1638892200000,4403.27,4408.83,4398.48,4400.04,3143.080,1638892499999,13837382.33790,5854,1406.635,6194630.71498,0
1638892500000,4400.17,4402.56,4381.98,4385.35,6487.029,1638892799999,28476656.95147,9431,2458.702,10791197.05942,0
1638892800000,4385.37,4396.46,4378.00,4391.50,6272.721,1638893099999,27516216.77747,9535,2688.291,11796920.41813,0
1638893100000,4391.51,4404.71,4385.28,4403.35,5497.241,1638893399999,24177929.16337,7689,3204.277,14094198.16246,0
1638893400000,4403.27,4404.53,4375.66,4377.36,5932.161,1638893699999,26027776.33938,8403,2313.589,10149837.14933,0
1638893700000,4377.36,4382.74,4373.46,4373.85,4970.214,1638893999999,21759806.66674,8230,1974.910,8647653.11175,0
1638894000000,4373.94,4376.63,4362.01,4374.01,7358.883,1638894299999,32148770.48564,11705,3087.297,13487641.04114,0
1638894300000,4374.00,4378.07,4368.81,4374.13,2852.463,1638894599999,12472882.69718,5965,1740.774,7612326.75679,0
1638894600000,4374.14,4374.48,4350.00,4350.93,12580.302,1638894899999,54810234.71512,14230,5401.611,23530606.95225,0
1638894900000,4350.94,4359.87,4350.01,4350.51,3999.272,1638895199999,17416659.79585,6806,2373.708,10337097.17947,0
1638895200000,4350.52,4354.78,4336.17,4337.85,6396.521,1638895499999,27787370.08388,11522,2720.659,11818823.21105,0
1638895500000,4337.85,4342.20,4322.39,4341.24,15042.166,1638895799999,65144386.98704,19776,7798.430,33779017.49023,0
1638895800000,4341.32,4349.99,4335.10,4345.67,7244.743,1638896099999,31472455.76348,8845,4570.932,19860478.22288,0
1638896100000,4345.67,4355.88,4345.16,4355.51,3840.574,1638896399999,16712483.76910,6564,2524.113,10984244.00337,0
1638896400000,4355.51,4355.85,4333.84,4335.33,4054.971,1638896699999,17616408.27344,7283,1434.225,6231343.63801,0
1638896700000,4335.33,4347.62,4328.56,4328.57,4225.027,1638896999999,18331831.63112,7029,2104.220,9134732.68029,0
1638897000000,4328.57,4340.85,4328.56,4336.64,3745.393,1638897299999,16240396.34484,6922,2126.593,9220619.71445,0
1638897300000,4336.65,4341.76,4322.39,4325.01,5199.960,1638897599999,22519591.10246,7655,2055.271,8903520.04833,0
1638897600000,4325.00,4329.20,4315.75,4326.74,7180.957,1638897899999,31043635.84747,11419,3505.125,15156620.54591,0
1638897900000,4326.74,4326.75,4304.48,4310.27,10537.770,1638898199999,45447869.56500,13018,3726.018,16073040.34591,0
1638898200000,4310.28,4322.91,4310.27,4317.55,4015.179,1638898499999,17334914.57404,7540,2321.265,10021624.97922,0
1638898500000,4317.55,4317.94,4283.00,4295.62,15430.849,1638898799999,66292360.78877,24243,6056.750,26015944.51404,0
1638898800000,4295.63,4310.52,4295.21,4307.86,6031.467,1638899099999,25960888.23234,9408,3827.057,16473243.15298,0
1638899100000,4307.86,4324.00,4306.37,4322.21,5028.975,1638899399999,21712806.15303,8362,3062.195,13220257.01468,0
1638899400000,4322.22,4325.91,4315.23,4320.48,5624.163,1638899699999,24311530.69688,6320,2270.944,9815117.66431,0
1638899700000,4320.48,4327.84,4320.00,4320.61,2323.975,1638899999999,10048799.17791,4507,1261.715,5455970.78062,0
1638900000000,4320.62,4334.28,4315.79,4327.55,5908.316,1638900299999,25568898.37243,7929,4191.150,18139238.93748,0
1638900300000,4327.56,4327.56,4309.63,4309.74,3838.262,1638900599999,16571307.76798,6113,932.154,4024681.51343,0
1638900600000,4309.74,4319.17,4305.00,4315.38,4057.522,1638900899999,17496999.81741,5913,1984.737,8557016.50340,0
1638900900000,4315.38,4321.00,4308.79,4311.29,1586.241,1638901199999,6843165.50943,4405,793.534,3423346.44874,0
1638901200000,4311.30,4324.34,4308.47,4320.88,2624.560,1638901499999,11334254.80618,5271,1525.915,6590697.62101,0
1638901500000,4320.88,4326.48,4314.52,4318.69,1551.485,1638901799999,6702697.27917,3859,831.967,3594927.38001,0
1638901800000,4318.69,4323.24,4311.00,4311.10,2378.755,1638902099999,10267398.40326,4522,1144.958,4942546.36720,0
1638902100000,4311.09,4313.56,4304.59,4308.56,2613.507,1638902399999,11261975.03423,4806,1036.166,4464934.58370,0
1638902400000,4308.57,4316.41,4304.00,4314.57,1872.998,1638902699999,8073116.07465,4298,1178.525,5080320.64164,0
1638902700000,4314.58,4322.65,4308.75,4321.76,1849.437,1638902999999,7984123.68437,4286,1109.127,4788738.05868,0
1638903000000,4321.74,4329.62,4316.00,4317.43,2653.137,1638903299999,11469599.19706,4867,1531.278,6620457.48648,0
1638903300000,4317.98,4320.93,4311.66,4311.91,1701.649,1638903599999,7344660.07075,3362,786.688,3395858.08089,0
1638903600000,4312.21,4312.60,4284.62,4286.67,7328.902,1638903899999,31505863.57133,10099,2311.264,9940025.71415,0
1638903900000,4286.67,4309.61,4280.00,4307.85,8657.785,1638904199999,37186220.53987,11314,5033.484,21627751.31642,0
1638904200000,4307.84,4311.39,4296.44,4310.10,3318.796,1638904499999,14281191.35139,5613,1440.293,6199732.97923,0
1638904500000,4310.11,4320.69,4304.55,4312.49,5676.523,1638904799999,24488763.21249,6704,2938.105,12677071.22374,0
1638904800000,4312.50,4324.00,4305.36,4322.14,3919.353,1638905099999,16920269.78438,5986,2661.637,11491272.49701,0
1638905100000,4322.14,4326.66,4316.78,4320.00,3151.394,1638905399999,13622863.72115,5144,1645.524,7113773.10386,0
1638905400000,4320.01,4326.79,4317.27,4322.60,1510.015,1638905699999,6527722.60553,3882,795.965,3441303.38886,0
1638905700000,4322.61,4322.61,4309.21,4315.99,1501.920,1638905999999,6482006.65097,4001,479.210,2068173.78636,0
1638906000000,4315.99,4320.19,4308.80,4311.12,1063.240,1638906299999,4586927.66548,3313,555.038,2395110.19854,0
1638906300000,4311.13,4319.28,4296.69,4305.74,4060.262,1638906599999,17477976.34148,6343,1642.595,7073851.76383,0
1638906600000,4305.49,4319.50,4302.34,4317.53,2968.260,1638906899999,12798985.66400,4471,2289.511,9873076.95358,0
1638906900000,4317.52,4322.91,4309.82,4312.89,1547.060,1638907199999,6679806.07548,3479,754.264,3257112.71171,0
1638907200000,4313.00,4324.50,4308.96,4323.24,2173.122,1638907499999,9380947.58696,4649,1233.368,5324678.08283,0
1638907500000,4323.23,4327.92,4321.26,4325.00,2229.789,1638907799999,9644011.86751,4623,1341.873,5803878.56560,0
1638907800000,4325.01,4329.88,4308.89,4310.43,2766.383,1638908099999,11945455.30523,5608,1147.395,4956661.18949,0
1638908100000,4310.24,4313.03,4300.52,4302.32,4236.192,1638908399999,18237445.08808,7158,2051.184,8831284.86247,0
1638908400000,4302.33,4308.44,4280.93,4282.62,5849.285,1638908699999,25108696.65426,9252,1769.220,7596400.92529,0
1638908700000,4282.61,4291.34,4273.77,4282.28,10044.556,1638908999999,43004753.01411,12599,3954.106,16936616.16055,0
1638909000000,4282.29,4295.96,4266.95,4274.82,9446.322,1638909299999,40419557.20206,13102,4171.194,17860978.48522,0
1638909300000,4274.82,4278.76,4265.22,4265.56,7462.624,1638909599999,31871473.66552,11753,3882.508,16585114.61827,0
1638909600000,4265.56,4289.98,4264.93,4284.75,5084.830,1638909899999,21756629.82147,8147,3173.110,13579102.31707,0
1638909900000,4284.44,4284.44,4267.00,4276.28,3540.229,1638910199999,15131645.92377,6760,1766.152,7548589.53623,0
1638910200000,4276.27,4278.76,4265.00,4272.53,6776.927,1638910499999,28944374.81700,8787,3043.371,12999395.29592,0
1638910500000,4272.39,4294.49,4270.01,4286.89,5060.862,1638910799999,21692619.77284,8829,3144.771,13480316.66825,0
1638910800000,4286.87,4288.19,4273.67,4277.44,3078.234,1638911099999,13171826.86298,5904,1454.006,6222052.65522,0
1638911100000,4277.44,4305.01,4275.15,4303.50,6100.460,1638911399999,26199910.83620,9623,3942.271,16933366.00534,0
1638911400000,4303.08,4315.84,4296.56,4309.57,8485.293,1638911699999,36538425.73908,10165,4688.829,20190903.12967,0
1638911700000,4309.58,4322.71,4307.52,4318.98,3863.657,1638911999999,16678925.31112,7489,2292.765,9897348.02035,0
1638912000000,4318.98,4318.98,4302.21,4303.01,4152.689,1638912299999,17893930.71476,6299,1259.150,5427651.51293,0
1638912300000,4303.00,4324.90,4301.01,4314.32,4012.300,1638912599999,17306692.41862,6138,2446.719,10554267.61921,0
1638912600000,4314.32,4320.64,4311.52,4313.08,1880.459,1638912899999,8118866.05245,4313,1169.890,5051490.38676,0
1638912900000,4313.08,4318.58,4305.40,4311.00,2852.359,1638913199999,12294280.62748,4700,1163.044,5013825.39924,0
1638913200000,4310.99,4313.53,4304.48,4306.58,1479.648,1638913499999,6375750.38853,3669,764.763,3295554.89501,0
1638913500000,4306.58,4320.69,4298.28,4300.52,3377.950,1638913799999,14554144.39741,6086,1390.355,5993556.04708,0
1638913800000,4300.51,4301.51,4278.99,4286.21,6569.973,1638914099999,28171692.48628,9425,2191.246,9395944.60048,0
1638914100000,4286.21,4291.53,4283.41,4289.80,2093.182,1638914399999,8974095.15017,5019,1275.193,5467509.17393,0
1638914400000,4289.79,4293.38,4275.16,4277.64,3469.315,1638914699999,14864449.22708,5852,1307.011,5601904.71122,0
1638914700000,4278.36,4283.16,4271.13,4271.14,2767.529,1638914999999,11833757.02659,6073,1410.931,6034022.19335,0
1638915000000,4271.13,4286.78,4271.07,4272.17,2784.611,1638915299999,11915262.54282,5672,1722.300,7369481.32022,0
1638915300000,4272.17,4285.36,4265.10,4277.36,5446.996,1638915599999,23277908.80425,8563,2889.795,12352637.54968,0
1638915600000,4277.36,4277.37,4258.77,4269.69,7414.320,1638915899999,31632486.31432,11034,3433.030,14647871.42663,0
1638915900000,4269.69,4288.84,4262.62,4285.84,5301.352,1638916199999,22651818.80153,9556,3296.127,14085987.85872,0
1638916200000,4285.84,4298.49,4283.70,4296.85,2506.194,1638916499999,10755708.92122,5749,1585.239,6804382.59909,0
1638916500000,4296.84,4307.76,4293.81,4302.35,2668.450,1638916799999,11477156.41188,5662,1323.330,5693085.67744,0
1638916800000,4302.21,4302.81,4285.74,4289.64,3208.536,1638917099999,13769111.01108,5246,844.094,3621393.53309,0
1638917100000,4289.64,4297.76,4271.04,4273.27,3333.870,1638917399999,14272713.52232,5804,1371.876,5874659.35927,0
1638917400000,4273.28,4273.28,4259.54,4264.79,5558.054,1638917699999,23707675.51344,7294,2586.183,11030359.53286,0
1638917700000,4264.79,4276.80,4264.10,4270.23,3657.736,1638917999999,15622593.95543,5271,2182.777,9323058.87046,0
1638918000000,4270.24,4273.88,4255.27,4271.22,5043.603,1638918299999,21501872.16513,8416,2341.331,9983684.80487,0
1638918300000,4271.22,4280.00,4265.37,4274.65,4586.323,1638918599999,19608527.21162,5782,3283.663,14040915.90052,0
1638918600000,4274.65,4288.55,4273.71,4287.13,4239.709,1638918899999,18154632.48283,5730,3046.594,13045660.03922,0
1638918900000,4286.82,4300.44,4282.25,4299.11,4399.763,1638919199999,18898377.25122,7350,2422.057,10404135.88750,0
1638919200000,4299.11,4304.38,4292.43,4301.93,4140.398,1638919499999,17799896.25495,5589,2527.742,10868743.65072,0
1638919500000,4301.93,4304.07,4284.00,4285.76,3169.075,1638919799999,13599774.90655,5003,1021.921,4387402.10352,0
1638919800000,4285.48,4301.90,4284.70,4297.48,3403.638,1638920099999,14614179.03642,4898,2223.914,9550138.45905,0
1638920100000,4297.28,4301.24,4292.25,4299.18,1067.979,1638920399999,4589838.98074,3299,638.266,2743353.64632,0
1638920400000,4299.18,4314.00,4297.79,4313.49,4772.205,1638920699999,20553700.96383,8115,3094.246,13328547.70894,0
1638920700000,4313.49,4313.98,4297.16,4297.16,2151.652,1638920999999,9257785.12558,4935,772.042,3322430.21143,0
1638921000000,4297.16,4304.01,4295.14,4302.42,1599.678,1638921299999,6876132.27686,3718,891.213,3831299.01083,0
1638921300000,4302.29,4314.59,4301.57,4305.82,3100.103,1638921599999,13359397.20299,5703,1862.593,8027510.09682,0
1638921600000,4305.83,4315.05,4296.30,4296.31,5143.911,1638921899999,22144007.57964,6908,2055.090,8850822.48652,0
1638921900000,4296.31,4310.99,4285.69,4310.50,6416.948,1638922199999,27575796.75907,10365,3728.924,16032212.79647,0
1638922200000,4310.50,4317.82,4295.88,4303.84,4561.119,1638922499999,19638086.61049,9940,2306.132,9932643.77794,0
1638922500000,4303.83,4303.84,4286.00,4293.10,4751.051,1638922799999,20393045.14818,9219,1923.641,8256776.26486,0
1638922800000,4293.10,4297.09,4281.76,4282.00,3628.027,1638923099999,15551893.46122,8081,1072.833,4600118.25091,0
1638923100000,4282.00,4310.43,4281.32,4308.52,5111.835,1638923399999,21970829.78569,10114,3540.686,15216699.28468,0
1638923400000,4308.52,4332.99,4302.00,4328.04,9488.833,1638923699999,40994036.80541,15879,5809.507,25102606.95744,0
1638923700000,4327.91,4345.87,4327.50,4340.79,8950.975,1638923999999,38833948.68649,16442,5392.170,23394052.01465,0
1638924000000,4340.60,4343.79,4327.08,4337.93,5096.241,1638924299999,22090484.45877,9648,2311.115,10018879.93596,0
1638924300000,4337.93,4337.93,4327.55,4330.86,2589.436,1638924599999,11218355.24292,7448,1302.388,5643029.00056,0
1638924600000,4330.86,4332.94,4316.64,4320.06,3852.967,1638924899999,16654895.72218,6250,1588.132,6865884.74501,0
1638924900000,4320.07,4328.79,4316.40,4328.60,2911.403,1638925199999,12584478.83059,6115,1855.553,8021282.52022,0
1638925200000,4328.58,4337.04,4321.21,4335.36,2489.923,1638925499999,10776061.87690,6408,1609.086,6964777.51660,0
1638925500000,4335.24,4345.00,4330.51,4340.61,3701.665,1638925799999,16056390.34846,7415,2139.699,9282411.62890,0
1638925800000,4340.37,4340.99,4330.74,4331.11,2846.799,1638926099999,12341669.12393,6247,1133.769,4915974.68853,0
1638926100000,4331.10,4331.10,4317.68,4323.83,3816.730,1638926399999,16500423.80654,6161,1319.328,5703118.32372,0
1638926400000,4323.82,4337.74,4318.58,4332.25,2624.587,1638926699999,11363720.76273,5654,1392.365,6028436.07465,0
1638926700000,4332.25,4334.44,4324.94,4329.28,1880.057,1638926999999,8138706.33939,3770,1105.662,4786750.64204,0
1638927000000,4329.27,4335.98,4317.68,4318.32,2612.025,1638927299999,11296495.49631,4976,1074.716,4649260.61538,0
1638927300000,4318.31,4322.67,4310.09,4311.49,2803.674,1638927599999,12100383.18842,5905,892.506,3852912.13392,0
1638927600000,4311.50,4316.72,4308.27,4314.93,2553.612,1638927899999,11012207.98381,4766,1355.662,5847468.66756,0
1638927900000,4314.92,4321.52,4309.00,4320.79,3152.350,1638928199999,13605676.88614,5179,1980.089,8548820.26695,0
1638928200000,4320.79,4320.79,4308.70,4308.71,1881.343,1638928499999,8113378.63411,4157,691.233,2981864.75463,0
1638928500000,4308.71,4314.48,4305.28,4310.88,2238.512,1638928799999,9647307.02527,4401,1235.892,5327122.82601,0
1638928800000,4310.89,4317.57,4307.50,4316.38,1781.530,1638929099999,7680471.27766,4421,1037.556,4473235.61428,0
1638929100000,4316.72,4322.35,4312.41,4321.98,1843.948,1638929399999,7962723.99787,4563,986.837,4261165.92249,0
1638929400000,4321.98,4329.49,4315.12,4327.12,1502.744,1638929699999,6498670.88683,4268,782.346,3382439.59260,0
1638929700000,4327.11,4328.99,4316.82,4317.75,1766.839,1638929999999,7636809.28582,4691,770.739,3331462.71774,0
1638930000000,4317.73,4320.99,4313.77,4320.99,2300.142,1638930299999,9929423.88427,4305,1383.160,5971304.30247,0
1638930300000,4321.00,4329.42,4320.71,4328.80,1720.975,1638930599999,7444491.61366,3815,793.758,3433424.05940,0
1638930600000,4328.79,4336.25,4324.01,4332.00,3593.704,1638930899999,15566361.63646,5495,1781.782,7719332.43112,0
1638930900000,4331.73,4331.73,4322.80,4323.85,1100.702,1638931199999,4762301.01193,3589,421.643,1824339.10711,0
1638931200000,4323.86,4327.26,4318.96,4320.02,2529.834,1638931499999,10933638.33678,3736,782.407,3382025.90999,0
1638931500000,4320.01,4327.28,4316.00,4326.41,1857.440,1638931799999,8025300.55556,4086,1101.678,4760044.14198,0
1638931800000,4326.41,4326.41,4305.28,4308.05,3797.047,1638932099999,16368937.83479,6126,964.740,4159308.35333,0
1638932100000,4308.05,4313.10,4290.32,4291.82,6875.250,1638932399999,29551176.80182,9847,2311.115,9936087.13604,0
1638932400000,4292.39,4297.46,4284.00,4295.03,7622.785,1638932699999,32693851.97238,8859,3774.197,16190396.94444,0
1638932700000,4295.00,4304.00,4291.13,4300.58,3906.105,1638932999999,16789402.00970,5920,2847.246,12238980.45823,0
1638933000000,4300.59,4325.77,4299.00,4317.57,6734.515,1638933299999,29050260.00749,10715,3896.295,16802286.05612,0
1638933300000,4317.57,4330.00,4312.85,4317.97,3738.176,1638933599999,16155450.37593,6715,2080.477,8993727.84136,0
1638933600000,4317.83,4319.67,4307.80,4316.59,3294.099,1638933899999,14208029.11871,4726,1686.526,7274880.54329,0
1638933900000,4316.59,4324.99,4310.84,4310.84,2683.246,1638934199999,11590059.28244,4105,1301.233,5621911.35862,0
1638934200000,4310.85,4324.60,4310.84,4322.09,2111.533,1638934499999,9121469.03763,3894,1150.703,4969946.05032,0
1638934500000,4322.09,4324.56,4314.00,4314.78,1582.086,1638934799999,6833015.98450,3624,671.097,2899048.47192,0
1638934800000,4314.99,4319.68,4305.63,4306.39,2348.022,1638935099999,10122327.04843,4254,910.769,3927001.77812,0
1638935100000,4306.39,4309.23,4294.60,4296.26,4398.058,1638935399999,18914377.48990,6137,1359.089,5846536.57660,0
1638935400000,4295.92,4296.23,4281.11,4288.69,7899.793,1638935699999,33872715.59697,10084,3504.142,15025252.56951,0
1638935700000,4288.68,4298.74,4286.88,4293.28,2750.234,1638935999999,11806478.86507,5460,1524.797,6545833.94952,0
1638936000000,4293.27,4307.97,4292.56,4299.83,2799.613,1638936299999,12046473.69933,6339,1317.800,5670140.81453,0
1638936300000,4299.84,4317.60,4299.84,4310.59,4049.550,1638936599999,17456454.75375,6113,2632.465,11347551.04358,0
1638936600000,4310.60,4318.60,4309.01,4317.00,2678.355,1638936899999,11554598.20240,4637,1911.745,8247845.77083,0
1638936900000,4316.99,4320.28,4312.89,4319.13,2256.028,1638937199999,9740808.86260,4861,1174.422,5071149.84138,0
1638937200000,4319.24,4319.47,4314.00,4318.97,2155.309,1638937499999,9304380.81645,4465,1256.982,5426147.68053,0
1638937500000,4318.98,4321.42,4304.62,4305.63,2940.825,1638937799999,12681065.23804,5248,1008.588,4350384.80452,0
1638937800000,4305.30,4313.77,4300.15,4300.16,1874.584,1638938099999,8072121.70886,4565,737.069,3174917.37876,0
1638938100000,4300.16,4303.00,4293.73,4294.91,3194.376,1638938399999,13727438.19556,5639,1333.490,5730930.26301,0
1638938400000,4294.92,4313.25,4293.34,4313.25,3337.427,1638938699999,14360796.53696,5459,2313.981,9956169.82047,0
1638938700000,4313.24,4316.60,4304.41,4310.48,4981.995,1638938999999,21477923.34842,6067,2126.468,9167889.82836,0
1638939000000,4310.48,4314.92,4309.26,4312.20,1384.954,1638939299999,5972501.17371,3310,673.090,2902732.70064,0
1638939300000,4312.20,4322.05,4311.80,4319.05,2144.630,1638939599999,9260692.79346,4451,1420.252,6132530.90384,0
1638939600000,4319.04,4324.65,4314.14,4315.49,3082.901,1638939899999,13317551.13776,5147,1364.275,5893927.78205,0
1638939900000,4315.50,4324.58,4307.42,4324.40,2872.912,1638940199999,12392584.38700,5120,1503.270,6486223.22505,0
1638940200000,4324.40,4338.78,4323.77,4332.84,5628.882,1638940499999,24386582.80616,8883,2836.324,12285854.61917,0
1638940500000,4332.73,4337.90,4321.95,4335.13,6050.283,1638940799999,26197630.36002,7758,3078.848,13335452.55227,0
1638940800000,4335.12,4338.00,4328.46,4334.05,2195.829,1638941099999,9515486.23069,4546,1042.648,4518743.81221,0
1638941100000,4334.06,4342.44,4332.03,4337.53,3421.382,1638941399999,14839493.36923,5814,2417.336,10484742.02507,0
1638941400000,4337.53,4338.80,4330.56,4335.67,2463.171,1638941699999,10673840.18061,4577,886.909,3843660.10059,0
1638941700000,4335.66,4335.67,4325.00,4330.84,1947.200,1638941999999,8430241.00046,3869,631.883,2735957.75166,0
1638942000000,4330.85,4335.93,4327.21,4335.55,1130.506,1638942299999,4897024.47001,3381,666.490,2887121.16995,0
1638942300000,4335.61,4337.05,4323.66,4325.10,2079.111,1638942599999,9000970.14980,4329,1092.373,4729233.60967,0
1638942600000,4325.09,4327.69,4320.30,4326.45,2545.204,1638942899999,11002688.72209,4283,1148.386,4964571.09803,0
1638942900000,4325.90,4326.66,4318.93,4323.97,1682.996,1638943199999,7274984.70265,3741,524.369,2267269.60239,0
1638943200000,4323.98,4332.60,4321.10,4322.35,1732.127,1638943499999,7495467.96840,4152,1104.113,4778791.11952,0
1638943500000,4322.35,4332.84,4319.39,4331.75,1411.644,1638943799999,6103695.42879,3576,829.128,3585351.54349,0
1638943800000,4331.75,4338.00,4327.19,4336.70,2016.059,1638944099999,8735914.13063,4510,1333.152,5776805.33373,0
1638944100000,4336.70,4365.00,4333.16,4357.44,15404.357,1638944399999,67073453.96553,19308,7738.737,33684707.30859,0
1638944400000,4357.44,4368.09,4357.00,4368.07,8424.044,1638944699999,36756072.19967,13152,4864.886,21227722.77676,0
1638944700000,4367.50,4369.85,4355.05,4362.23,5211.602,1638944999999,22732073.29906,7983,3255.801,14201258.61184,0
1638945000000,4362.66,4368.75,4357.96,4358.50,4060.460,1638945299999,17718338.61104,6549,1825.106,7963749.45570,0
1638945300000,4358.50,4359.21,4353.30,4356.62,3262.577,1638945599999,14211343.64866,5804,1392.639,6066325.65000,0
1638945600000,4356.62,4360.09,4354.96,4359.09,1618.934,1638945899999,7054933.86535,4052,1122.036,4889834.77726,0
1638945900000,4359.10,4377.58,4358.00,4371.02,6939.976,1638946199999,30333629.66184,10518,3897.193,17034488.42906,0
1638946200000,4371.02,4374.87,4363.85,4365.97,3671.248,1638946499999,16043490.40266,6745,1412.304,6172085.71072,0
1638946500000,4365.58,4371.34,4363.38,4364.87,2384.115,1638946799999,10410632.28439,5272,1554.203,6787413.80820,0
1638946800000,4364.87,4371.96,4357.38,4359.14,3916.252,1638947099999,17091246.04846,6530,1304.994,5697641.35474,0
1638947100000,4359.13,4365.89,4358.16,4362.66,1381.302,1638947399999,6026127.51419,4587,755.107,3294165.75272,0
1638947400000,4362.65,4364.51,4353.16,4355.64,2830.989,1638947699999,12334375.58543,5733,939.922,4095758.22895,0
1638947700000,4355.64,4358.63,4347.17,4353.30,4490.786,1638947999999,19542466.52632,6776,2006.171,8730521.46828,0
1638948000000,4353.33,4359.83,4347.17,4347.61,2739.983,1638948299999,11929785.33873,5515,1466.128,6384975.16002,0
1638948300000,4347.61,4350.61,4343.55,4349.42,2496.769,1638948599999,10852536.30680,5101,1249.804,5432681.66973,0
1638948600000,4349.41,4351.29,4342.47,4344.18,2339.893,1638948899999,10170949.44860,4820,1364.497,5931730.96598,0
1638948900000,4344.18,4349.91,4341.61,4346.64,1612.738,1638949199999,7007200.89085,3880,791.772,3440505.70284,0
1638949200000,4346.64,4360.53,4346.22,4354.18,3117.752,1638949499999,13577244.87795,5242,2288.970,9967429.90098,0
1638949500000,4354.25,4362.00,4350.00,4350.00,2041.393,1638949799999,8890889.08916,4442,734.087,3198002.75250,0
1638949800000,4350.00,4364.31,4346.35,4363.68,2509.828,1638950099999,10926186.40926,5219,1348.078,5870910.59798,0
1638950100000,4363.69,4365.72,4358.24,4364.41,2304.376,1638950399999,10053450.15417,4765,1259.634,5496038.63745,0
1638950400000,4364.41,4373.80,4360.00,4368.03,3384.216,1638950699999,14780628.07775,6916,1953.502,8533315.17016,0
1638950700000,4368.04,4375.68,4367.02,4373.80,3262.052,1638950999999,14260527.29864,6575,1878.947,8213427.17628,0
1638951000000,4373.83,4385.00,4372.00,4375.85,5275.400,1638951299999,23091418.83381,9997,3101.932,13579506.80339,0
1638951300000,4375.85,4376.61,4359.15,4359.84,3368.846,1638951599999,14709399.81078,7412,1153.520,5036230.95114,0
1638951600000,4359.83,4364.18,4352.58,4352.58,3904.945,1638951899999,17016551.20002,6779,1545.170,6734771.29493,0
1638951900000,4352.53,4357.31,4351.38,4352.51,2693.763,1638952199999,11728795.84090,5242,1458.972,6353126.24254,0
1638952200000,4352.90,4361.82,4352.23,4355.95,3475.685,1638952499999,15143433.37467,5552,2132.278,9291034.32549,0
1638952500000,4355.95,4363.81,4354.74,4358.30,1635.409,1638952799999,7129855.31925,4311,912.399,3978235.77071,0
1638952800000,4357.93,4361.79,4348.71,4350.85,2299.822,1638953099999,10010715.03068,5207,958.126,4171306.77657,0
1638953100000,4350.84,4360.39,4348.00,4359.25,2535.719,1638953399999,11037141.95989,5027,1411.685,6145169.28798,0
1638953400000,4359.90,4366.26,4357.05,4364.39,1667.554,1638953699999,7273006.77327,4423,952.630,4155290.40702,0
1638953700000,4364.40,4364.88,4359.03,4362.81,1628.806,1638953999999,7104891.36206,3985,547.156,2386680.82499,0
1638954000000,4363.02,4371.68,4362.60,4364.21,2861.458,1638954299999,12497738.02037,5475,1731.629,7563464.07405,0
1638954300000,4364.20,4375.92,4362.13,4375.92,1961.420,1638954599999,8570534.91585,4597,1134.677,4958814.50904,0
1638954600000,4375.92,4376.00,4370.07,4371.73,2993.770,1638954899999,13094659.07387,5641,1577.285,6899198.34457,0
1638954900000,4371.73,4382.96,4371.66,4381.69,4278.046,1638955199999,18731271.21579,7028,3184.581,13943322.48823,0
1638955200000,4381.69,4382.90,4372.17,4378.53,2779.410,1638955499999,12168061.33043,6299,1048.781,4592184.16426,0
1638955500000,4378.53,4379.01,4362.99,4365.07,4134.504,1638955799999,18063847.53425,6375,1352.036,5905884.56596,0
1638955800000,4365.08,4367.35,4353.86,4355.47,4964.086,1638956099999,21640697.94951,7410,2143.886,9345968.73168,0
1638956100000,4355.48,4356.82,4348.03,4349.24,6153.735,1638956399999,26780452.42750,8124,2595.761,11298394.20467,0
1638956400000,4349.24,4357.62,4348.21,4353.74,3135.179,1638956699999,13647826.54556,5234,2358.976,10268747.02079,0
1638956700000,4353.75,4359.78,4327.54,4332.99,11327.428,1638956999999,49150052.96040,12537,2634.009,11433044.06165,0
1638957000000,4333.00,4338.08,4328.31,4334.88,6655.636,1638957299999,28837193.61120,8092,4238.424,18364769.16867,0
1638957300000,4334.88,4337.23,4317.00,4318.20,8438.877,1638957599999,36513886.95157,11737,2932.688,12691421.20275,0
1638957600000,4318.20,4335.56,4317.25,4331.18,6779.887,1638957899999,29337050.11061,9559,4477.259,19375132.71715,0
1638957900000,4331.18,4335.80,4323.57,4335.38,2990.443,1638958199999,12947373.01612,5217,1496.316,6479363.97293,0
1638958200000,4335.39,4338.76,4329.00,4337.14,3231.855,1638958499999,14013821.45954,5764,1882.392,8162319.72926,0
1638958500000,4337.14,4338.33,4330.00,4337.70,2280.715,1638958799999,9885145.67744,4468,1547.812,6709175.77702,0
1638958800000,4337.70,4344.43,4333.04,4338.35,2317.307,1638959099999,10052523.12077,5186,1302.002,5648760.36689,0
1638959100000,4338.52,4342.67,4327.57,4330.59,2690.556,1638959399999,11663267.62292,5298,787.264,3413234.42403,0
1638959400000,4330.59,4346.15,4329.24,4335.07,3588.473,1638959699999,15568271.29251,5773,1943.442,8431716.76525,0
1638959700000,4335.06,4335.53,4285.00,4290.14,27735.226,1638959999999,119357494.30608,26925,9169.641,39453303.98868,0
1638960000000,4290.14,4304.48,4278.12,4287.46,18091.456,1638960299999,77605420.36278,22071,9579.763,41107918.09426,0
1638960300000,4287.46,4296.65,4276.00,4278.50,9812.455,1638960599999,42048405.60442,15230,4642.007,19898416.81611,0
1638960600000,4278.50,4299.75,4275.00,4281.13,7544.963,1638960899999,32352634.24699,12542,3959.249,16982382.47371,0
1638960900000,4281.40,4291.00,4266.90,4271.08,9541.012,1638961199999,40802919.80136,13268,4077.170,17440841.23436,0
1638961200000,4271.09,4283.39,4237.43,4252.12,29236.612,1638961499999,124447154.58657,33433,13208.233,56225176.92003,0
1638961500000,4252.12,4269.31,4240.00,4259.89,13024.788,1638961799999,55448628.49365,18081,7172.965,30536211.26200,0
1638961800000,4260.00,4283.71,4260.00,4271.29,9887.159,1638962099999,42255029.47360,14348,6002.999,25656379.36905,0
1638962100000,4271.29,4291.08,4265.83,4280.90,8351.647,1638962399999,35742158.48942,13000,5267.883,22546665.54431,0
1638962400000,4280.89,4282.14,4271.51,4273.43,3720.702,1638962699999,15912563.42419,7453,1981.603,8475618.64844,0
1638962700000,4273.44,4277.20,4259.02,4262.31,6226.987,1638962999999,26558899.46243,9450,2168.897,9251881.21645,0
1638963000000,4262.23,4274.80,4261.35,4268.87,4397.014,1638963299999,18772944.62134,7202,2724.607,11632517.32414,0
1638963300000,4268.87,4277.20,4253.56,4258.09,5489.957,1638963599999,23403582.98449,8576,2281.539,9726408.31649,0
1638963600000,4258.08,4259.00,4229.62,4243.76,22080.790,1638963899999,93641491.20048,23459,7222.146,30616816.36571,0
1638963900000,4243.77,4259.85,4240.72,4257.22,7860.309,1638964199999,33425119.15126,11872,5035.734,21415058.50438,0
1638964200000,4257.22,4265.49,4253.47,4261.38,4655.503,1638964499999,19836583.62230,7938,2406.843,10255590.01692,0
1638964500000,4261.38,4271.65,4257.69,4265.92,4534.770,1638964799999,19347732.00814,6999,3081.433,13147112.39621,0
1638964800000,4266.02,4282.00,4264.46,4276.78,7022.781,1638965099999,30029276.99830,9823,3986.520,17047386.94986,0
1638965100000,4276.79,4276.95,4255.27,4258.62,6546.587,1638965399999,27902435.07475,8882,2353.471,10028607.97484,0
1638965400000,4258.63,4258.63,4240.03,4246.73,7042.639,1638965699999,29916194.63579,10053,2777.815,11801119.18398,0
1638965700000,4246.72,4255.61,4243.90,4246.17,5781.524,1638965999999,24567776.68926,7465,3453.846,14677399.06017,0
1638966000000,4246.17,4251.54,4224.98,4229.87,11647.277,1638966299999,49328411.62545,13819,4217.397,17868659.46950,0
1638966300000,4229.79,4249.81,4229.44,4246.13,9832.350,1638966599999,41689238.43332,11920,5912.529,25069270.93771,0
1638966600000,4246.13,4273.86,4242.46,4266.40,8982.188,1638966899999,38274175.01584,12173,5812.364,24767838.47650,0
1638966900000,4266.39,4267.77,4251.32,4254.79,3869.526,1638967199999,16476649.10551,6960,1730.578,7369556.45692,0
1638967200000,4254.77,4270.24,4254.77,4262.63,4752.178,1638967499999,20263314.36972,6788,3213.381,13701775.63709,0
1638967500000,4262.63,4279.21,4258.13,4271.05,6658.718,1638967799999,28426699.91174,8318,3817.585,16301954.57594,0
1638967800000,4271.05,4290.00,4270.35,4287.99,8115.529,1638968099999,34755894.71468,11236,5327.465,22816421.25472,0
1638968100000,4287.95,4289.99,4281.06,4288.26,3733.191,1638968399999,15995174.85559,5675,1709.368,7324376.19182,0
1638968400000,4288.27,4314.30,4278.35,4311.61,12901.804,1638968699999,55492614.30705,17513,7813.969,33614767.83859,0
1638968700000,4311.60,4314.57,4305.23,4307.78,6598.084,1638968999999,28439049.71200,9486,3372.162,14535907.27443,0
1638969000000,4307.79,4309.04,4295.10,4295.10,6900.196,1638969299999,29691065.46426,9930,2456.011,10567904.11271,0
1638969300000,4295.34,4304.39,4284.34,4286.81,6849.682,1638969599999,29408707.40114,10061,2948.734,12664129.78196,0
1638969600000,4286.81,4288.41,4280.13,4280.19,4814.849,1638969899999,20625623.80394,7192,2234.827,9574547.08898,0
1638969900000,4280.19,4283.96,4272.36,4281.31,6064.819,1638970199999,25944441.57923,8156,2582.401,11049605.30190,0
1638970200000,4281.32,4307.47,4281.31,4304.17,6855.737,1638970499999,29444373.66973,10990,4343.431,18651597.69418,0
1638970500000,4304.17,4304.74,4292.10,4301.92,5354.120,1638970799999,23012550.58830,7331,2893.472,12437006.51850,0
1638970800000,4301.83,4303.62,4293.93,4295.86,2455.513,1638971099999,10553713.07065,4364,886.942,3812737.07593,0
1638971100000,4295.77,4308.85,4294.33,4301.14,3377.011,1638971399999,14532911.76133,6241,1845.520,7942254.31469,0
1638971400000,4301.09,4308.40,4290.50,4291.97,3703.149,1638971699999,15910264.84040,6079,1433.381,6157995.55978,0
1638971700000,4291.52,4297.82,4285.62,4291.81,3598.306,1638971999999,15438133.95916,5562,1021.818,4385776.45863,0
1638972000000,4291.82,4301.69,4285.20,4293.26,5445.455,1638972299999,23372602.07345,7495,2527.891,10850543.21678,0
1638972300000,4293.26,4300.18,4287.72,4300.18,2390.472,1638972599999,10262029.45029,5010,1313.206,5638550.67494,0
1638972600000,4300.17,4330.50,4297.11,4325.69,12553.227,1638972899999,54187434.06892,15909,7796.167,33653789.70427,0
1638972900000,4326.03,4369.19,4324.99,4364.80,30917.747,1638973199999,134652414.30328,36165,17128.937,74592306.50383,0
1638973200000,4364.79,4376.49,4356.30,4362.75,12997.657,1638973499999,56742235.94572,19155,6418.465,28025314.81730,0
1638973500000,4362.81,4413.68,4361.44,4403.70,28148.910,1638973799999,123633134.98122,42344,17073.101,74990604.93228,0
1638973800000,4403.72,4408.04,4374.14,4395.23,22715.318,1638974099999,99730269.96207,28903,10413.963,45729876.78232,0
1638974100000,4395.47,4402.63,4388.67,4395.37,10590.857,1638974399999,46546609.10523,14928,4967.780,21835256.32228,0
1638974400000,4395.37,4414.09,4393.28,4398.96,10824.357,1638974699999,47680340.51819,16690,5771.313,25425036.81041,0
1638974700000,4398.97,4445.23,4391.20,4431.10,35109.734,1638974999999,155266841.94017,42468,21265.946,94055809.84836,0
1638975000000,4430.96,4441.35,4413.72,4419.62,14994.917,1638975299999,66346328.06560,20091,6259.647,27704430.42854,0
1638975300000,4419.63,4420.26,4405.21,4408.92,10787.235,1638975599999,47580951.05543,14215,4773.030,21054799.05902,0
1638975600000,4408.91,4425.65,4408.77,4417.59,8425.567,1638975899999,37221466.79653,12366,4562.669,20160413.83526,0
1638975900000,4417.58,4431.72,4415.26,4424.66,7968.772,1638976199999,35259877.57477,10838,4243.469,18776325.92579,0
1638976200000,4424.44,4436.80,4422.00,4431.00,7640.998,1638976499999,33854311.85939,11631,4321.950,19151148.52313,0
1638976500000,4431.06,4435.49,4417.75,4426.48,8446.273,1638976799999,37376275.06086,10456,3542.761,15677950.00297,0
1638976800000,4426.48,4454.60,4425.73,4443.84,13041.758,1638977099999,57950799.70611,19305,7963.864,35389431.67123,0
1638977100000,4443.39,4447.52,4423.80,4424.00,8256.241,1638977399999,36635344.98854,11668,2783.803,12355751.78789,0
1638977400000,4424.00,4438.17,4422.83,4425.78,6210.946,1638977699999,27504647.26579,9945,3102.881,13743271.46791,0
1638977700000,4425.78,4425.78,4410.01,4410.02,13383.399,1638977999999,59116879.65342,13994,5572.396,24616900.24056,0
1638978000000,4410.03,4415.16,4396.76,4398.68,11779.420,1638978299999,51881537.14707,15396,4516.211,19893687.77906,0
1638978300000,4398.67,4410.30,4392.91,4394.22,9933.872,1638978599999,43707621.63791,12217,5012.310,22058279.71404,0
1638978600000,4394.21,4405.99,4394.16,4405.99,5263.006,1638978899999,23151262.57740,8319,3416.376,15028589.52925,0
1638978900000,4405.98,4411.45,4398.51,4403.49,4417.061,1638979199999,19456338.67155,7259,2462.193,10846818.13555,0
1638979200000,4403.50,4421.44,4403.09,4418.17,9620.468,1638979499999,42462856.87363,12368,5984.431,26411411.71127,0
1638979500000,4418.16,4419.98,4404.02,4415.25,4802.434,1638979799999,21177340.94727,7413,1918.961,8462888.03863,0
1638979800000,4414.81,4421.27,4409.15,4417.85,3389.204,1638980099999,14969789.22303,6099,2102.298,9285656.59415,0
1638980100000,4417.91,4419.50,4395.51,4397.89,6980.977,1638980399999,30770183.32422,7719,2281.874,10056011.62973,0
1638980400000,4397.90,4407.37,4393.34,4397.10,5896.399,1638980699999,25939784.39190,7989,3064.018,13479975.60482,0
1638980700000,4397.09,4401.28,4392.95,4395.67,4607.922,1638980999999,20258000.85349,6532,2605.935,11456734.53673,0
1638981000000,4395.48,4396.58,4383.00,4388.85,9170.210,1638981299999,40245020.25609,12538,4104.332,18013092.85608,0
1638981300000,4388.86,4388.86,4375.08,4378.20,9248.662,1638981599999,40520463.33373,12842,4022.456,17624621.19835,0
1638981600000,4378.25,4410.00,4364.67,4401.93,18651.947,1638981899999,81755694.92284,19154,10078.129,44222882.32094,0
1638981900000,4401.96,4413.64,4389.93,4398.63,7981.349,1638982199999,35115094.48055,10818,3905.465,17185213.81664,0
1638982200000,4398.63,4403.73,4394.21,4403.56,2592.206,1638982499999,11402752.65553,4964,1561.196,6867654.61084,0
1638982500000,4403.57,4406.34,4390.06,4405.49,3401.242,1638982799999,14965128.42010,5709,1732.616,7624553.41734,0
1638982800000,4405.89,4408.79,4395.96,4400.52,2986.929,1638983099999,13150984.65837,5452,1546.277,6808366.31619,0
1638983100000,4400.52,4411.43,4398.27,4400.00,3236.964,1638983399999,14258625.34080,5457,1505.859,6634345.81770,0
1638983400000,4399.99,4409.00,4399.99,4408.68,1625.671,1638983699999,7161469.01391,3976,1056.221,4652796.39596,0
1638983700000,4408.68,4408.99,4381.01,4390.14,8412.039,1638983999999,36917252.33002,9855,2930.629,12864887.11902,0
1638984000000,4390.14,4390.54,4378.16,4383.11,3312.022,1638984299999,14513654.58339,5586,1306.043,5723850.42708,0
1638984300000,4383.12,4390.00,4380.23,4387.68,2304.928,1638984599999,10109017.86817,4748,1515.638,6647406.42593,0
1638984600000,4387.69,4388.39,4379.21,4382.27,3263.120,1638984899999,14303726.13397,4886,1605.640,7039325.93513,0
1638984900000,4382.27,4384.74,4376.01,4382.47,1962.634,1638985199999,8594913.04476,4147,920.278,4030697.08474,0
1638985200000,4382.73,4387.19,4378.99,4385.85,1642.192,1638985499999,7197028.64873,3604,820.343,3595246.26161,0
1638985500000,4385.85,4386.17,4373.19,4376.38,2281.249,1638985799999,9985123.04468,4351,1241.587,5434879.28257,0
1638985800000,4376.39,4381.71,4371.03,4371.96,2468.290,1638986099999,10799412.25857,4168,983.191,4302222.88155,0
1638986100000,4371.97,4379.27,4368.55,4377.25,3198.873,1638986399999,13987150.41037,5451,1477.525,6460906.81689,0
1638986400000,4377.26,4383.00,4370.00,4371.76,2284.159,1638986699999,9999966.19157,5122,1260.613,5519286.57747,0
1638986700000,4371.76,4383.89,4363.11,4376.63,6195.257,1638986999999,27080412.67044,9025,2647.122,11572873.35272,0
1638987000000,4376.63,4388.90,4373.16,4386.57,3354.913,1638987299999,14700722.33081,5523,1969.865,8630802.46809,0
1638987300000,4386.58,4395.95,4384.86,4394.78,3757.521,1638987599999,16503020.80907,6638,2448.771,10754943.54504,0
1638987600000,4394.78,4398.84,4392.22,4396.60,2529.503,1638987899999,11118162.32505,4990,1378.455,6059028.21135,0
1638987900000,4396.59,4396.81,4389.27,4394.34,2293.054,1638988199999,10072088.42187,4239,1359.844,5973137.35668,0
1638988200000,4394.34,4403.58,4388.02,4392.18,3530.817,1638988499999,15522816.40055,5953,1495.164,6574036.63816,0
1638988500000,4392.17,4396.19,4382.58,4394.00,2653.069,1638988799999,11640264.05485,5025,1371.856,6019533.51484,0
1638988800000,4393.73,4411.88,4387.88,4404.46,3986.382,1638989099999,17551733.09683,6855,2275.990,10022408.08947,0
1638989100000,4404.21,4404.59,4394.23,4400.59,2906.810,1638989399999,12785584.09118,4912,1488.853,6547879.43649,0
1638989400000,4400.46,4406.60,4398.65,4402.49,1995.069,1638989699999,8783920.63618,3863,1012.655,4458625.99760,0
1638989700000,4402.60,4403.90,4396.10,4397.03,2132.551,1638989999999,9382011.18297,3576,1295.768,5700526.10048,0
1638990000000,4397.03,4401.84,4389.50,4392.24,3048.560,1638990299999,13394013.27979,5048,1215.061,5339200.27770,0
1638990300000,4392.23,4397.00,4391.00,4396.73,1131.995,1638990599999,4973311.13937,3301,605.317,2659368.53662,0
1638990600000,4396.74,4397.00,4385.60,4386.11,2053.617,1638990899999,9012162.33589,4541,779.277,3419629.08071,0
1638990900000,4386.10,4392.13,4385.16,4389.22,1113.425,1638991199999,4886661.45356,3094,558.220,2450023.65284,0
1638991200000,4389.22,4393.05,4385.09,4388.81,957.374,1638991499999,4202774.07989,2725,550.790,2417825.26715,0
1638991500000,4388.81,4400.22,4385.54,4400.02,1747.365,1638991799999,7675850.93753,3470,1074.873,4722012.95604,0
1638991800000,4400.02,4415.00,4396.98,4414.94,5044.193,1638992099999,22236726.33044,7320,3117.700,13745520.70753,0
1638992100000,4414.94,4420.00,4410.00,4412.00,3172.190,1638992399999,14007755.15252,5826,1485.662,6560288.62213,0
1638992400000,4412.29,4418.35,4397.46,4398.30,3201.253,1638992699999,14102228.24021,5325,1513.277,6666043.49290,0
1638992700000,4398.31,4404.04,4383.58,4384.17,4728.306,1638992999999,20769951.35021,6572,1508.444,6628209.84350,0
1638993000000,4384.17,4390.56,4377.00,4380.18,3473.209,1638993299999,15227769.00614,5491,1675.358,7348436.74692,0
1638993300000,4380.18,4383.20,4373.36,4381.55,3993.909,1638993599999,17484007.58722,5542,2144.135,9387915.90800,0
1638993600000,4381.56,4391.53,4372.59,4387.10,3545.304,1638993899999,15535857.22399,5560,2339.458,10255582.41430,0
1638993900000,4387.11,4395.89,4384.17,4386.76,2331.404,1638994199999,10235948.68032,4836,1261.915,5540219.78349,0
1638994200000,4386.74,4391.91,4383.50,4387.32,929.809,1638994499999,4079799.35938,2818,394.033,1728762.86351,0
1638994500000,4387.12,4399.48,4386.61,4387.94,2271.836,1638994799999,9986861.57228,4581,1139.056,5007430.25265,0
1638994800000,4387.95,4401.83,4387.95,4396.97,2262.079,1638995099999,9944957.10119,4266,1103.195,4850068.54066,0
1638995100000,4396.95,4402.50,4392.01,4401.89,1525.888,1638995399999,6711131.52870,3843,787.410,3463300.36416,0
1638995400000,4401.89,4407.94,4401.46,4407.94,2315.654,1638995699999,10200101.49134,4663,1127.902,4968552.77415,0
1638995700000,4407.93,4412.49,4403.04,4406.33,1627.958,1638995999999,7176294.87383,4296,889.532,3921435.94143,0
1638996000000,4406.33,4413.67,4405.71,4411.36,1855.120,1638996299999,8180837.08717,4188,968.950,4273031.14518,0
1638996300000,4411.35,4414.14,4405.43,4408.44,1766.018,1638996599999,7787775.73701,3970,789.534,3482019.59700,0
1638996600000,4408.28,4421.35,4408.28,4419.16,3796.954,1638996899999,16771232.52677,6413,2611.022,11532837.35146,0
1638996900000,4419.16,4420.16,4408.52,4408.53,2816.632,1638997199999,12434250.53673,4617,1124.197,4964076.29425,0
1638997200000,4408.52,4416.00,4403.00,4410.99,3099.659,1638997499999,13664364.56065,5561,1417.694,6249170.92794,0
1638997500000,4410.99,4419.15,4410.34,4418.48,1514.473,1638997799999,6687550.07364,3551,794.395,3507825.30946,0
1638997800000,4418.47,4425.37,4414.64,4416.71,3137.861,1638998099999,13873484.33430,5837,2074.225,9171566.44319,0
1638998100000,4416.71,4419.34,4412.18,4417.60,1502.506,1638998399999,6635246.18514,3908,762.995,3369558.50142,0
1638998400000,4417.61,4418.49,4409.54,4411.17,1459.307,1638998699999,6440488.21279,3530,514.049,2268847.35948,0
1638998700000,4411.16,4412.01,4391.86,4393.23,4550.766,1638998999999,20024734.12494,6854,1283.729,5647687.21689,0
1638999000000,4393.28,4398.92,4387.00,4389.73,2851.567,1638999299999,12520467.32801,4730,1283.199,5635768.82786,0
1638999300000,4389.73,4404.33,4389.73,4399.83,2485.569,1638999599999,10930259.05470,4176,1794.804,7891829.86052,0
1638999600000,4399.83,4413.94,4398.33,4409.96,2388.925,1638999899999,10529498.12063,4479,1357.628,5983888.15283,0
1638999900000,4409.96,4417.22,4402.76,4412.20,1770.904,1639000199999,7810871.22969,4064,973.967,4295848.60935,0
1639000200000,4412.20,4419.57,4412.20,4418.37,2721.559,1639000499999,12018062.01848,4189,1828.254,8072753.40213,0
1639000500000,4418.38,4420.00,4410.22,4413.03,2068.273,1639000799999,9132746.10025,4028,924.629,4082851.46631,0
1639000800000,4413.03,4418.00,4403.05,4416.54,2185.321,1639001099999,9639341.19154,4827,931.566,4109405.25828,0
1639001100000,4416.54,4418.00,4408.33,4408.41,1165.723,1639001399999,5145039.56886,4156,528.490,2332714.16740,0
1639001400000,4408.42,4409.02,4402.15,4402.60,1637.470,1639001699999,7213739.67173,3942,868.145,3824423.82820,0
1639001700000,4402.60,4406.14,4397.47,4401.26,2097.860,1639001999999,9232030.87451,4655,1054.504,4641091.03144,0
1639002000000,4401.26,4414.00,4396.95,4413.59,1857.897,1639002299999,8183928.90563,4380,1126.399,4962013.79816,0
1639002300000,4413.59,4414.40,4408.47,4414.28,990.362,1639002599999,4369463.46136,3105,454.652,2005839.15760,0
1639002600000,4414.28,4420.02,4414.05,4420.01,1313.122,1639002899999,5801786.43568,2802,936.259,4137004.41534,0
1639002900000,4420.01,4427.87,4418.84,4427.83,3198.600,1639003199999,14149973.53910,5731,2244.884,9932129.28811,0
1639003200000,4427.83,4437.23,4427.00,4435.43,3376.664,1639003499999,14966866.73820,7026,1831.655,8118389.13668,0
1639003500000,4435.44,4441.00,4421.81,4421.81,6136.974,1639003799999,27199362.04658,8632,2554.032,11321410.74200,0
1639003800000,4421.81,4421.81,4382.96,4386.46,12626.796,1639004099999,55562602.58207,13658,4199.972,18483348.18886,0
1639004100000,4386.01,4391.37,4375.00,4388.79,7542.255,1639004399999,33050749.23048,9805,4173.547,18292498.36986,0
1639004400000,4388.78,4402.00,4382.07,4382.10,6290.371,1639004699999,27642183.32418,8983,3204.202,14083810.12789,0
1639004700000,4382.06,4403.92,4380.52,4402.70,6610.558,1639004999999,29050704.48878,6920,4537.671,19941517.90839,0
1639005000000,4402.70,4403.67,4393.25,4399.63,3256.576,1639005299999,14321869.86140,5283,1044.495,4593996.52467,0
1639005300000,4399.63,4415.75,4399.62,4414.82,3335.570,1639005599999,14705764.79438,5697,2326.244,10255990.17884,0
1639005600000,4414.83,4419.41,4411.93,4413.25,3332.553,1639005899999,14715346.50024,5073,1481.890,6544275.16860,0
1639005900000,4413.25,4418.63,4404.91,4412.40,2698.243,1639006199999,11899438.70126,4574,929.880,4101540.42263,0
1639006200000,4412.40,4418.36,4406.11,4416.96,2339.187,1639006499999,10322108.93056,4411,1069.830,4721407.67515,0
1639006500000,4416.96,4421.00,4411.09,4412.04,1821.369,1639006799999,8045059.21224,4055,739.110,3265250.49805,0
1639006800000,4412.03,4431.96,4411.68,4430.75,5286.887,1639007099999,23397301.05575,7155,3722.288,16474563.17631,0
1639007100000,4430.51,4432.80,4413.91,4418.88,6344.382,1639007399999,28043988.32542,7197,1121.416,4958652.19563,0
1639007400000,4418.88,4435.00,4414.62,4428.82,5798.609,1639007699999,25679314.66674,6112,4079.856,18066185.50021,0
1639007700000,4428.82,4437.81,4428.30,4435.33,3057.123,1639007999999,13557810.91350,5116,1658.506,7355436.93377,0
1639008000000,4435.70,4482.33,4428.08,4465.98,38483.879,1639008299999,171648589.36781,40510,24167.466,107811428.23007,0
1639008300000,4465.45,4490.97,4460.52,4473.24,20748.424,1639008599999,92936449.81790,23284,12084.145,54128696.68236,0
1639008600000,4473.23,4480.90,4462.28,4472.86,8529.978,1639008899999,38125419.25308,10810,3674.597,16426287.15006,0
1639008900000,4472.86,4473.23,4462.30,4462.64,3435.240,1639009199999,15347680.75925,6337,1794.882,8020024.33936,0
1639009200000,4462.50,4466.00,4445.95,4446.40,10149.616,1639009499999,45206685.04140,10044,4494.599,20017907.80458,0
1639009500000,4446.40,4455.66,4428.50,4448.37,14382.356,1639009799999,63897344.32194,14894,7557.642,33583638.36801,0
1639009800000,4448.37,4460.52,4441.54,4454.99,6883.405,1639010099999,30647646.58384,8971,3298.574,14688053.88785,0
1639010100000,4454.66,4460.00,4440.22,4443.09,3890.030,1639010399999,17307657.23976,7008,1674.437,7453538.40765,0
1639010400000,4443.56,4455.01,4443.07,4452.33,2664.633,1639010699999,11855883.86881,5698,1621.720,7216467.37193,0
1639010700000,4452.33,4465.81,4446.84,4453.19,6108.128,1639010999999,27239364.31634,8399,3372.561,15040206.89362,0
1639011000000,4453.20,4459.90,4448.60,4452.89,2396.338,1639011299999,10669143.04532,5319,904.933,4029428.99309,0
1639011300000,4452.88,4456.10,4429.62,4432.47,6234.512,1639011599999,27668849.51770,8087,1562.887,6937125.47244,0
1639011600000,4432.16,4440.41,4428.74,4436.81,4415.919,1639011899999,19578905.12787,7285,2664.967,11817401.08950,0
1639011900000,4436.80,4437.58,4414.00,4416.40,7867.461,1639012199999,34798704.51640,9947,2124.162,9394868.51112,0
1639012200000,4416.41,4421.74,4408.00,4411.77,8091.814,1639012499999,35720011.91967,8806,4026.744,17776931.01356,0
1639012500000,4411.77,4422.13,4411.77,4415.99,3826.233,1639012799999,16905622.13035,5832,2429.361,10733902.66179,0
1639012800000,4415.99,4431.39,4415.50,4425.65,5299.418,1639013099999,23450571.72115,6860,3418.054,15125364.36153,0
1639013100000,4425.65,4429.18,4418.59,4426.14,2040.245,1639013399999,9027201.43565,4915,1153.978,5106319.03275,0
1639013400000,4426.13,4429.95,4418.52,4423.36,1909.654,1639013699999,8446264.78037,4506,980.987,4339177.82370,0
1639013700000,4423.36,4432.59,4418.53,4425.78,2401.687,1639013999999,10630479.18517,5159,1321.561,5850246.56707,0
1639014000000,4425.77,4431.46,4423.77,4429.16,1554.999,1639014299999,6885347.21530,4743,723.138,3202010.36151,0
1639014300000,4429.17,4434.04,4420.83,4424.78,2179.732,1639014599999,9651415.09675,5697,1078.026,4773995.08024,0
1639014600000,4424.77,4432.71,4420.80,4421.64,2250.361,1639014899999,9962401.03969,4976,1255.299,5557605.17259,0
1639014900000,4421.65,4421.65,4403.14,4409.02,8911.378,1639015199999,39293579.10400,10361,3007.165,13259922.65803,0
1639015200000,4408.99,4418.15,4406.65,4414.37,3875.532,1639015499999,17108785.05535,7644,2278.211,10057296.15334,0
1639015500000,4414.36,4417.27,4392.99,4397.81,10110.542,1639015799999,44482384.83253,11928,3365.198,14805556.46493,0
1639015800000,4397.81,4406.55,4397.13,4406.55,6523.842,1639016099999,28710123.62641,8659,3079.685,13555484.24528,0
1639016100000,4406.55,4410.00,4398.29,4398.41,3223.508,1639016399999,14199526.88946,6114,1491.104,6570417.74557,0
1639016400000,4398.42,4398.74,4364.20,4385.78,28485.510,1639016699999,124794790.69266,29227,11600.579,50825377.23508,0
1639016700000,4385.77,4392.55,4378.69,4388.52,5320.527,1639016999999,23334104.42695,8199,3073.904,13483192.80187,0
1639017000000,4388.53,4398.00,4380.03,4389.90,5800.487,1639017299999,25471804.27316,9470,3106.045,13642784.26788,0
1639017300000,4389.90,4399.17,4388.46,4397.84,3854.301,1639017599999,16945132.33860,6378,2587.221,11375116.53083,0
1639017600000,4397.83,4398.62,4391.00,4391.00,2108.336,1639017899999,9267195.32410,4820,734.366,3228324.23737,0
1639017900000,4391.01,4404.03,4391.01,4401.58,4123.918,1639018199999,18147366.45193,6723,2509.465,11043065.53273,0
1639018200000,4401.53,4404.91,4385.64,4391.89,4318.939,1639018499999,18973266.74657,6393,1815.978,7979406.07986,0
1639018500000,4391.93,4397.39,4387.70,4392.30,3140.354,1639018799999,13792691.09250,5020,1535.044,6743405.63790,0
1639018800000,4392.29,4395.00,4385.18,4394.25,2341.579,1639019099999,10281040.14538,5330,1373.159,6029991.99652,0
1639019100000,4394.25,4397.41,4390.35,4397.22,2072.817,1639019399999,9109368.94924,4133,1179.514,5183844.63643,0
1639019400000,4397.40,4397.40,4376.00,4384.73,5950.855,1639019699999,26076581.85842,7879,3205.184,14041794.14106,0
1639019700000,4384.72,4391.69,4379.75,4380.84,4251.239,1639019999999,18642663.51683,5706,2227.553,9768785.87439,0
1639020000000,4380.84,4386.08,4376.00,4382.52,3883.420,1639020299999,17009409.43277,5618,1192.681,5225569.85753,0
1639020300000,4382.52,4390.26,4382.11,4387.82,1974.793,1639020599999,8662819.15024,4062,1130.225,4957786.32062,0
1639020600000,4387.83,4393.00,4381.08,4385.50,2492.901,1639020899999,10940792.68490,5168,1312.433,5759843.61292,0
1639020900000,4385.50,4387.99,4376.66,4379.69,2061.126,1639021199999,9031432.65707,4576,959.131,4203380.63473,0
1639021200000,4379.69,4381.58,4375.75,4380.94,3070.189,1639021499999,13443388.06125,4915,1342.419,5878630.15108,0
1639021500000,4380.94,4380.94,4349.54,4359.24,25523.777,1639021799999,111334407.16371,22039,8007.418,34920674.60289,0
1639021800000,4359.24,4375.00,4355.32,4368.29,6179.132,1639022099999,26980958.46291,7813,3767.453,16452190.32115,0
1639022100000,4368.28,4370.59,4357.25,4358.86,2591.433,1639022399999,11311047.60904,5097,1077.344,4703361.96790,0
1639022400000,4358.35,4377.59,4352.96,4377.29,9076.212,1639022699999,39667069.35478,9266,6039.671,26400032.24269,0
1639022700000,4377.29,4378.35,4370.49,4373.73,6043.810,1639022999999,26435412.80976,7886,3115.317,13628603.27698,0
1639023000000,4373.73,4379.31,4366.66,4368.69,3668.630,1639023299999,16043942.48461,4741,1978.273,8653778.47402,0
1639023300000,4368.69,4374.46,4363.42,4365.05,2670.514,1639023599999,11668334.20893,4396,1458.133,6371468.94791,0
1639023600000,4365.37,4374.01,4365.36,4373.73,1320.333,1639023899999,5768794.05486,3184,812.270,3549161.31536,0
1639023900000,4373.72,4377.11,4366.07,4374.80,2099.264,1639024199999,9178721.16321,3541,1436.505,6281384.85809,0
1639024200000,4375.15,4376.65,4370.86,4370.88,1440.126,1639024499999,6299251.60505,3517,724.089,3167337.18989,0
1639024500000,4370.88,4378.43,4370.36,4377.11,1224.367,1639024799999,5356706.96491,3013,731.579,3200488.68498,0
1639024800000,4377.12,4378.71,4372.43,4376.39,1380.195,1639025099999,6039033.03365,3001,676.693,2960872.44062,0
1639025100000,4376.39,4383.79,4375.54,4381.04,2706.943,1639025399999,11856243.67418,4382,1920.011,8409664.21672,0
1639025400000,4381.04,4385.00,4376.22,4383.68,1756.777,1639025699999,7697177.27162,3440,1279.856,5607890.29225,0
1639025700000,4383.50,4391.13,4381.12,4390.13,3877.509,1639025999999,17008058.70165,5447,2730.501,11977213.69097,0
1639026000000,4390.14,4391.92,4377.17,4378.60,3313.189,1639026299999,14528554.83985,5635,1327.938,5822453.45242,0
1639026300000,4378.59,4387.82,4378.44,4381.96,1563.326,1639026599999,6851022.26954,3341,922.397,4042461.50141,0
1639026600000,4381.97,4386.00,4377.99,4379.80,1502.762,1639026899999,6585509.51583,2884,546.589,2395472.51877,0
1639026900000,4379.80,4380.55,4367.40,4369.28,3648.909,1639027199999,15957821.79934,5117,1197.600,5238328.81823,0
1639027200000,4369.29,4378.42,4368.58,4378.01,1440.677,1639027499999,6300908.25184,3415,844.458,3693807.91147,0
1639027500000,4378.01,4383.53,4375.10,4380.17,1655.339,1639027799999,7250542.93701,3271,1109.164,4858458.14094,0
1639027800000,4380.14,4380.77,4372.55,4377.37,1072.034,1639028099999,4692797.02289,2703,488.674,2139161.80581,0
1639028100000,4377.37,4386.30,4375.78,4385.98,1504.986,1639028399999,6593880.92152,3214,952.993,4175586.51712,0
1639028400000,4385.98,4386.25,4378.30,4379.19,1013.038,1639028699999,4438896.10531,2372,455.624,1996418.73239,0
1639028700000,4379.14,4386.00,4378.52,4382.80,924.321,1639028999999,4050604.59843,2732,617.582,2706456.22459,0
1639029000000,4382.80,4383.62,4374.61,4379.99,1146.034,1639029299999,5018230.30542,2871,665.950,2916257.23336,0
1639029300000,4379.99,4383.14,4370.49,4371.37,1697.934,1639029599999,7427617.48401,3191,623.748,2728821.52937,0
1639029600000,4371.38,4371.38,4360.01,4363.72,5371.298,1639029899999,23444342.70397,6870,2262.230,9873520.39126,0
1639029900000,4363.60,4376.80,4363.49,4370.87,3032.820,1639030199999,13255840.54762,5284,1698.572,7423803.54160,0
1639030200000,4370.57,4388.00,4370.13,4383.68,4122.509,1639030499999,18063104.34966,6177,2814.339,12331629.04380,0
1639030500000,4383.95,4388.62,4380.65,4384.69,2658.228,1639030799999,11654943.65083,4996,1577.695,6918278.35638,0
1639030800000,4384.69,4385.86,4377.20,4377.51,1843.754,1639031099999,8080021.08386,3675,796.424,3490916.07580,0
1639031100000,4377.50,4380.19,4371.37,4373.95,1814.778,1639031399999,7939941.49838,3760,638.248,2792289.56308,0
1639031400000,4373.95,4378.86,4362.24,4366.62,3326.844,1639031699999,14536674.57036,5300,1246.945,5449731.25660,0
1639031700000,4366.76,4366.96,4354.62,4364.09,8361.103,1639031999999,36458709.48712,8511,4107.761,17913963.06230,0
1639032000000,4364.09,4374.02,4363.40,4373.49,2907.073,1639032299999,12701200.85801,4824,1967.931,8598552.35133,0
1639032300000,4373.65,4387.06,4370.66,4385.81,5748.746,1639032599999,25182756.12033,6864,3679.735,16120780.25383,0
1639032600000,4385.81,4385.81,4369.60,4370.08,3795.188,1639032899999,16608814.65182,5320,1216.080,5322427.56566,0
1639032900000,4370.93,4377.99,4368.67,4376.64,3184.300,1639033199999,13926266.82407,4023,2229.131,9749240.76080,0
1639033200000,4376.65,4377.33,4364.00,4367.15,3669.565,1639033499999,16035141.31797,5379,1189.953,5199550.29925,0
1639033500000,4367.15,4369.90,4340.03,4345.25,15814.567,1639033799999,68817159.70000,16402,5365.477,23344696.37686,0
1639033800000,4345.11,4350.42,4340.13,4349.00,8927.442,1639034099999,38787243.92636,8932,4713.893,20480272.80337,0
1639034100000,4349.00,4360.72,4349.00,4359.42,5692.759,1639034399999,24801932.01989,7615,3761.932,16389808.66762,0
1639034400000,4359.42,4365.63,4351.51,4364.80,4120.879,1639034699999,17970158.87942,5936,2483.660,10832197.78316,0
1639034700000,4364.61,4366.28,4357.54,4359.53,2721.026,1639034999999,11868340.43384,4391,1556.711,6790268.42779,0
1639035000000,4359.52,4412.96,4357.89,4383.83,26857.274,1639035299999,117991892.42923,27555,15357.327,67447983.39163,0
1639035300000,4383.79,4387.37,4369.60,4383.77,12975.587,1639035599999,56814094.30265,12535,6829.081,29904803.30038,0
1639035600000,4383.78,4390.64,4376.66,4383.32,4413.701,1639035899999,19347800.09071,6511,2522.543,11058569.20423,0
1639035900000,4383.10,4387.00,4374.02,4384.98,3738.418,1639036199999,16373517.87473,5514,2260.595,9902471.49388,0
1639036200000,4384.78,4394.07,4381.96,4385.79,4358.531,1639036499999,19125059.55715,6634,2486.090,10909496.41955,0
1639036500000,4385.51,4385.78,4377.11,4378.05,4719.082,1639036799999,20671888.32342,5207,2496.088,10934424.45949,0
1639036800000,4378.33,4378.86,4366.00,4367.10,6442.421,1639037099999,28157628.05199,8067,2107.280,9209633.36953,0
1639037100000,4367.02,4370.00,4356.39,4361.63,8223.201,1639037399999,35889396.92240,7342,2341.562,10221817.14832,0
1639037400000,4361.64,4363.42,4346.21,4356.66,9122.175,1639037699999,39709247.99284,11745,3560.272,15500086.21017,0
1639037700000,4356.18,4363.87,4341.48,4342.69,10697.130,1639037999999,46549408.86132,11070,4318.575,18806606.99299,0
1639038000000,4342.68,4346.47,4336.06,4346.47,7670.737,1639038299999,33289399.52942,11244,3457.504,15007291.63093,0
1639038300000,4346.64,4351.39,4340.23,4349.81,2993.827,1639038599999,13011480.50149,5651,1542.202,6702661.48871,0
1639038600000,4349.74,4360.34,4344.02,4351.20,5950.246,1639038899999,25914136.07888,7239,3584.278,15611729.25707,0
1639038900000,4351.30,4351.32,4310.00,4339.30,23757.235,1639039199999,102808415.40945,27776,9931.068,42970825.97046,0
1639039200000,4339.30,4343.00,4330.74,4338.82,4755.773,1639039499999,20631341.95186,7845,2188.767,9496520.37660,0
1639039500000,4339.55,4346.88,4330.01,4330.99,4622.780,1639039799999,20056437.45899,7601,1821.551,7906150.05370,0
1639039800000,4331.23,4343.20,4330.24,4338.51,2742.599,1639040099999,11897474.49638,5388,1567.684,6800116.55320,0
1639040100000,4339.13,4349.45,4336.16,4343.15,2610.093,1639040399999,11339970.75544,5667,1640.001,7125145.03015,0
1639040400000,4343.16,4344.11,4327.11,4332.96,3884.256,1639040699999,16839022.25359,7190,1759.271,7626697.02544,0
1639040700000,4332.96,4336.17,4317.00,4333.05,6301.603,1639040999999,27259602.54348,10392,3428.443,14833690.70990,0
1639041000000,4332.84,4337.37,4316.89,4319.37,6822.143,1639041299999,29517263.44584,8439,3217.537,13918679.84114,0
1639041300000,4319.51,4326.46,4304.48,4324.61,9998.813,1639041599999,43145310.49128,15349,5411.264,23352771.33947,0
1639041600000,4324.67,4333.77,4316.30,4327.45,4829.629,1639041899999,20898009.40376,8635,2650.248,11468828.90873,0
1639041900000,4326.95,4327.77,4311.34,4318.02,3778.945,1639042199999,16325013.38001,6525,1203.070,5199423.29855,0
1639042200000,4318.30,4318.30,4288.56,4294.43,22976.351,1639042499999,98829864.86247,28493,9382.378,40365344.22948,0
1639042500000,4294.11,4307.99,4280.64,4290.00,15799.990,1639042799999,67827188.37672,20361,7027.072,30173748.72037,0
1639042800000,4289.99,4312.43,4288.48,4309.42,8766.760,1639043099999,37698981.21604,12374,5245.326,22557952.00452,0
1639043100000,4309.50,4311.99,4294.72,4302.81,6072.141,1639043399999,26118937.63351,8584,2828.168,12166001.23133,0
1639043400000,4302.91,4317.68,4302.90,4312.17,5181.941,1639043699999,22345987.70610,9007,2799.177,12070720.05230,0
1639043700000,4312.17,4316.88,4303.71,4311.90,3975.736,1639043999999,17138439.97891,7373,1927.071,8308320.74987,0
1639044000000,4311.89,4314.11,4297.61,4298.56,5877.066,1639044299999,25315157.70751,8184,1912.804,8241313.84595,0
1639044300000,4299.02,4306.08,4280.00,4285.00,7975.223,1639044599999,34224407.37450,12188,2787.545,11962617.10794,0
1639044600000,4285.00,4290.59,4268.11,4284.53,10748.561,1639044899999,46012870.37265,16193,4832.347,20691023.11738,0
1639044900000,4284.53,4298.20,4282.36,4297.01,5292.920,1639045199999,22709413.79425,9334,3357.140,14405619.18070,0
1639045200000,4296.56,4298.78,4287.06,4292.71,3250.963,1639045499999,13958427.31300,6577,1727.006,7415444.69055,0
1639045500000,4292.71,4293.41,4278.42,4279.61,3925.498,1639045799999,16828507.00778,6455,1960.859,8406733.72515,0
1639045800000,4279.60,4294.61,4276.00,4288.48,4603.128,1639046099999,19729260.29046,7859,2272.945,9742681.55289,0
1639046100000,4288.48,4304.00,4286.45,4303.20,5452.105,1639046399999,23419640.29377,7463,3890.179,16709985.11034,0
1639046400000,4303.19,4312.35,4300.00,4304.68,4605.691,1639046699999,19829512.17704,7600,2718.966,11706575.67637,0
1639046700000,4304.73,4314.49,4300.18,4313.59,3109.052,1639046999999,13391179.81285,5998,2062.140,8883563.70511,0
1639047000000,4313.58,4318.72,4306.64,4310.45,4408.635,1639047299999,19021021.13527,7187,2219.348,9576402.54248,0
1639047300000,4310.45,4317.27,4306.67,4311.92,2594.270,1639047599999,11187194.16019,4451,1763.116,7603441.83646,0
1639047600000,4311.92,4316.06,4308.39,4312.01,2820.187,1639047899999,12159834.40807,5294,1470.193,6339466.62664,0
1639047900000,4312.01,4312.26,4303.66,4309.70,3703.326,1639048199999,15950013.18854,5436,1817.054,7826010.10977,0
1639048200000,4309.70,4313.79,4297.47,4300.01,3808.050,1639048499999,16396073.48899,6004,1346.045,5800105.58107,0
1639048500000,4300.00,4303.46,4290.23,4293.54,5479.717,1639048799999,23542305.15139,7848,2209.582,9492395.09033,0
1639048800000,4293.82,4307.91,4293.15,4297.68,4248.916,1639049099999,18271064.52325,6168,2599.270,11176439.73510,0
1639049100000,4298.00,4301.94,4292.69,4300.68,1898.320,1639049399999,8155277.83586,4859,922.930,3965254.20995,0
1639049400000,4300.69,4304.24,4285.07,4288.72,3340.150,1639049699999,14334791.91835,6892,1266.419,5434995.08810,0
1639049700000,4288.69,4296.37,4282.83,4292.31,2318.975,1639049999999,9945067.09911,5336,1059.825,4545149.52425,0
1639050000000,4292.32,4300.00,4286.18,4297.17,2589.517,1639050299999,11123117.09751,5247,1464.956,6292342.97601,0
1639050300000,4297.07,4312.56,4292.38,4312.55,4914.108,1639050599999,21148033.26480,6309,3353.615,14436754.32068,0
1639050600000,4312.55,4318.43,4306.30,4307.94,4723.287,1639050899999,20373071.90107,6850,2431.232,10487824.08107,0
1639050900000,4307.43,4313.87,4302.87,4303.70,2067.645,1639051199999,8906138.39896,4669,1133.064,4880863.43983,0
1639051200000,4303.72,4303.72,4261.63,4270.05,21549.650,1639051499999,92261817.39524,22197,8177.767,34999898.32393,0
1639051500000,4270.05,4297.49,4268.15,4292.01,11340.990,1639051799999,48559673.24193,16822,7155.698,30635835.03070,0
1639051800000,4292.00,4309.29,4285.47,4306.64,3960.911,1639052099999,17017197.27439,8202,2193.656,9425153.84886,0
1639052100000,4306.65,4322.65,4288.53,4291.31,18186.316,1639052399999,78384427.40455,17248,8283.190,35726237.65412,0
1639052400000,4291.31,4306.91,4288.39,4304.77,6642.240,1639052699999,28544501.64614,8869,3552.838,15272067.88518,0
1639052700000,4304.77,4304.77,4293.18,4295.63,2921.481,1639052999999,12557955.34152,6095,1420.397,6105747.47435,0
1639053000000,4295.63,4297.28,4285.69,4295.00,3754.490,1639053299999,16110029.86880,6801,1532.119,6575278.31577,0
1639053300000,4294.99,4304.48,4288.96,4301.39,3703.023,1639053599999,15922561.39796,5850,2097.838,9020326.22925,0
1639053600000,4301.39,4307.83,4291.12,4307.39,2794.884,1639053899999,12016417.22077,4760,1515.345,6515612.15899,0
1639053900000,4307.39,4314.86,4297.66,4311.91,5320.546,1639054199999,22922831.92866,7932,3278.641,14127766.54722,0
1639054200000,4311.91,4314.40,4304.19,4311.03,3779.051,1639054499999,16286650.72583,5438,1930.557,8320819.28054,0
1639054500000,4311.02,4313.83,4304.82,4305.59,2354.735,1639054799999,10145723.75389,4915,959.584,4134578.02339,0
1639054800000,4305.59,4307.50,4299.89,4299.90,2869.816,1639055099999,12348058.70796,5100,1115.083,4798620.44458,0
1639055100000,4299.89,4299.90,4280.00,4285.81,6963.309,1639055399999,29864319.11179,10253,3192.235,13693199.40681,0
1639055400000,4286.28,4292.08,4280.00,4283.44,3884.720,1639055699999,16650615.43051,6716,1977.687,8476430.68163,0
1639055700000,4283.43,4289.94,4274.65,4285.75,7258.719,1639055999999,31071321.98274,8963,3741.244,16016650.19567,0
1639056000000,4285.75,4288.85,4270.26,4276.31,5986.250,1639056299999,25601328.36630,8907,2610.544,11164653.01021,0
1639056300000,4276.31,4285.13,4270.26,4283.93,4187.141,1639056599999,17906965.07266,7529,2524.497,10797158.03479,0
1639056600000,4284.05,4289.42,4270.72,4280.99,6115.373,1639056899999,26170892.25203,7991,2801.238,11991890.59766,0
1639056900000,4280.98,4297.56,4280.98,4294.55,4575.361,1639057199999,19627990.28847,7448,2225.677,9548104.37448,0
1639057200000,4294.55,4307.43,4288.56,4298.16,6789.630,1639057499999,29197557.79897,9678,3798.585,16338960.93686,0
1639057500000,4298.16,4305.66,4290.50,4292.16,3665.181,1639057799999,15750374.14025,7002,1609.623,6918276.12844,0
1639057800000,4292.16,4303.14,4292.05,4299.43,2387.543,1639058099999,10262659.84866,5002,1358.487,5839256.30553,0
1639058100000,4299.44,4303.51,4292.85,4299.24,2907.088,1639058399999,12492667.46788,4814,1425.582,6126727.34484,0
1639058400000,4299.22,4312.57,4293.25,4307.24,6187.989,1639058699999,26646998.02228,7752,3894.384,16770502.52538,0
1639058700000,4307.24,4309.57,4295.72,4295.72,2828.967,1639058999999,12171225.33868,5744,987.016,4247795.58238,0
1639059000000,4295.90,4300.59,4292.85,4300.59,2061.275,1639059299999,8855568.21367,5257,840.286,3610357.40032,0
1639059300000,4300.59,4306.00,4286.85,4287.93,2840.247,1639059599999,12204275.88328,6364,1130.429,4859484.31455,0
1639059600000,4287.93,4289.00,4280.51,4281.39,5362.440,1639059899999,22973023.59507,8477,2286.381,9795588.77402,0
1639059900000,4281.39,4289.70,4276.56,4283.60,4918.336,1639060199999,21062567.79880,8236,2131.925,9130333.20302,0
1639060200000,4283.60,4285.65,4245.04,4257.79,23799.652,1639060499999,101448598.64690,28329,8483.779,36165190.94938,0
1639060500000,4257.73,4269.26,4254.34,4259.97,6707.152,1639060799999,28590656.42476,11819,4044.175,17240091.57971,0
1639060800000,4259.97,4271.84,4256.22,4264.06,7065.791,1639061099999,30136400.15410,9044,3132.258,13362550.28133,0
1639061100000,4264.06,4265.63,4230.00,4242.12,20950.327,1639061399999,88914256.72487,24036,8687.870,36865714.66592,0
1639061400000,4242.12,4248.00,4232.40,4236.58,11720.574,1639061699999,49701627.11706,15489,5980.604,25364758.27409,0
1639061700000,4236.53,4239.69,4225.00,4232.38,10642.908,1639061999999,45035352.37284,15233,4658.138,19714918.12442,0
1639062000000,4232.51,4234.58,4208.00,4230.68,27106.451,1639062299999,114378650.98039,28880,12407.937,52362643.77179,0
1639062300000,4230.68,4251.86,4227.56,4240.70,18157.783,1639062599999,77021908.61126,17450,11287.959,47880851.43845,0
1639062600000,4241.19,4249.07,4227.30,4240.52,10831.867,1639062899999,45896373.46077,12541,5937.016,25161929.58621,0
1639062900000,4240.39,4246.00,4218.27,4219.19,8517.390,1639063199999,36029489.33662,10200,2841.468,12026562.68235,0
1639063200000,4219.18,4221.71,4160.08,4168.69,49989.603,1639063499999,209306264.73755,55270,18543.517,77609138.30960,0
1639063500000,4168.69,4180.04,4150.00,4164.05,26143.319,1639063799999,108891516.80719,32807,13600.364,56665043.66054,0
1639063800000,4163.90,4169.85,4134.82,4164.50,30144.196,1639064099999,125185954.71126,36798,16537.867,68699542.19728,0
1639064100000,4164.05,4182.08,4156.56,4166.33,15448.286,1639064399999,64450669.72286,17816,8443.847,35232995.11577,0
1639064400000,4166.33,4191.72,4155.05,4181.00,13547.014,1639064699999,56613823.61547,17446,7416.298,30998321.56415,0
1639064700000,4181.00,4205.70,4180.00,4195.38,18874.610,1639064999999,79179486.67898,22751,9799.768,41112297.36223,0
1639065000000,4195.38,4206.05,4187.33,4188.92,8738.438,1639065299999,36665892.14197,12871,4662.146,19564588.96747,0
1639065300000,4188.92,4201.00,4183.92,4199.53,7040.525,1639065599999,29526230.03086,10540,3547.220,14878758.44042,0
1639065600000,4198.91,4203.14,4174.34,4176.20,13033.208,1639065899999,54605513.41406,14961,4862.261,20382269.40076,0
1639065900000,4176.20,4197.29,4175.96,4195.74,5922.236,1639066199999,24812015.53083,9325,3784.259,15853991.24801,0
1639066200000,4195.74,4203.61,4182.71,4185.15,5485.900,1639066499999,23006443.13474,9851,2129.184,8932204.77233,0
1639066500000,4185.01,4199.00,4180.40,4195.19,5836.199,1639066799999,24447019.12913,9578,3083.405,12917569.95621,0
1639066800000,4195.19,4197.41,4185.00,4196.73,3917.525,1639067099999,16419444.12694,7305,2211.813,9272184.08981,0
1639067100000,4196.72,4201.87,4187.97,4200.35,6053.242,1639067399999,25400728.73287,8791,3627.982,15226401.88106,0
1639067400000,4200.35,4217.65,4196.56,4213.21,11491.178,1639067699999,48381564.89981,14336,6905.550,29070374.02787,0
1639067700000,4213.21,4230.34,4210.24,4230.30,7433.444,1639067999999,31368099.98437,12366,4515.300,19058744.73519,0
1639068000000,4230.32,4233.13,4215.71,4218.42,6987.609,1639068299999,29510786.63868,12104,3164.282,13367444.72050,0
1639068300000,4218.42,4223.00,4209.37,4217.77,5470.230,1639068599999,23058079.99849,8325,2518.012,10615842.48892,0
1639068600000,4217.76,4223.00,4216.41,4220.91,3198.573,1639068899999,13497758.46551,5895,1548.067,6533767.49628,0
1639068900000,4220.90,4223.00,4203.25,4204.38,5092.217,1639069199999,21448611.43333,6878,1164.990,4909413.98349,0
1639069200000,4204.38,4219.59,4202.58,4212.62,5271.729,1639069499999,22198186.36859,7974,2887.110,12158513.66256,0
1639069500000,4212.87,4218.18,4208.44,4215.33,2125.818,1639069799999,8955006.55430,4057,1100.479,4636633.12770,0
1639069800000,4215.34,4222.06,4210.00,4219.57,2446.854,1639070099999,10319527.28936,4892,1560.651,6583102.58389,0
1639070100000,4219.56,4226.00,4215.14,4217.99,3990.613,1639070399999,16840785.23445,5591,2142.867,9044471.78787,0
1639070400000,4217.57,4226.44,4212.63,4224.94,2660.560,1639070699999,11223814.41932,4509,1271.633,5364213.86861,0
1639070700000,4224.87,4227.80,4210.10,4211.79,3609.972,1639070999999,15222837.88952,4998,1995.404,8415240.30128,0
1639071000000,4211.59,4211.59,4203.42,4208.25,3412.703,1639071299999,14354863.40754,5311,1319.294,5549127.71601,0
1639071300000,4208.25,4213.07,4194.63,4197.42,5752.662,1639071599999,24173288.18647,6974,2085.645,8767555.61290,0
1639071600000,4197.41,4203.42,4186.68,4188.66,5279.726,1639071899999,22145828.08936,6924,2457.225,10309265.20536,0
1639071900000,4188.81,4193.34,4186.12,4188.64,4392.778,1639072199999,18403665.03792,6298,2517.859,10549424.23890,0
1639072200000,4188.64,4198.40,4180.20,4180.40,4716.651,1639072499999,19755772.84436,6650,2348.233,9840501.10792,0
1639072500000,4180.41,4182.36,4157.38,4162.80,12413.673,1639072799999,51761357.81607,13572,3917.228,16335242.67750,0
1639072800000,4162.80,4176.22,4151.71,4157.67,9099.747,1639073099999,37914631.44127,12565,4491.563,18724018.28371,0
1639073100000,4157.65,4169.98,4148.89,4169.88,7313.197,1639073399999,30398658.37090,9513,4353.687,18103319.26294,0
1639073400000,4169.56,4171.73,4152.81,4162.46,4283.355,1639073699999,17833223.56481,6498,2479.422,10323784.66853,0
1639073700000,4162.46,4177.33,4157.24,4164.77,6416.101,1639073999999,26753050.25026,8859,4015.700,16744275.97405,0
1639074000000,4164.77,4169.38,4134.97,4146.03,12702.457,1639074299999,52677661.14402,17184,4706.102,19520131.37914,0
1639074300000,4146.03,4151.52,4110.90,4125.11,26651.440,1639074599999,109939786.20521,33470,11992.558,49476611.23046,0
1639074600000,4125.10,4125.71,4105.49,4110.04,11475.222,1639074899999,47212185.06065,16417,5667.464,23323048.17596,0
1639074900000,4110.03,4125.58,4100.00,4123.85,14482.987,1639075199999,59544260.92912,17558,8949.971,36809894.72677,0
1639075200000,4123.87,4124.50,4108.97,4110.56,5997.040,1639075499999,24682447.00475,8592,3117.732,12830955.96461,0
1639075500000,4110.56,4126.61,4107.21,4112.61,9310.748,1639075799999,38339368.79533,11096,4733.821,19495828.06776,0
1639075800000,4112.61,4114.06,4096.02,4108.98,10123.777,1639076099999,41545663.78505,14006,4486.358,18417158.29820,0
1639076100000,4108.74,4133.75,4107.28,4123.02,13332.337,1639076399999,54987636.95176,13677,7432.928,30651647.02932,0
1639076400000,4123.02,4135.37,4120.45,4121.81,7017.020,1639076699999,28973266.17941,9293,3993.053,16489039.25535,0
1639076700000,4121.82,4147.36,4120.56,4141.06,9351.258,1639076999999,38717525.82881,10321,6033.927,24984170.81130,0
1639077000000,4141.04,4141.06,4125.53,4128.01,8996.607,1639077299999,37176361.46170,9552,4668.403,19290974.14981,0
1639077300000,4128.00,4141.48,4120.56,4135.76,5734.480,1639077599999,23691777.86241,7435,2686.199,11101904.10346,0
1639077600000,4135.61,4149.43,4130.00,4146.91,3454.910,1639077899999,14303989.67823,6652,2109.825,8735545.25434,0
1639077900000,4147.53,4149.75,4137.71,4141.30,3833.172,1639078199999,15882264.95843,6174,1697.342,7032630.25376,0
1639078200000,4141.30,4151.47,4136.88,4150.26,5026.381,1639078499999,20836250.83973,6910,2869.322,11898689.27908,0
1639078500000,4150.25,4163.66,4147.36,4160.00,7258.142,1639078799999,30172510.24477,8280,4508.858,18747549.28127,0
1639078800000,4160.30,4164.92,4138.53,4138.84,6320.248,1639079099999,26223107.64392,8277,2286.338,9487928.21817,0
1639079100000,4138.85,4142.98,4131.02,4142.80,4766.636,1639079399999,19717677.04518,7392,2441.175,10099125.46423,0
1639079400000,4142.70,4144.82,4130.60,4132.76,3192.221,1639079699999,13207847.64381,5422,1433.889,5932905.05894,0
1639079700000,4132.77,4134.00,4120.14,4122.65,6661.788,1639079999999,27483604.86887,6888,2198.969,9070761.07655,0
1639080000000,4122.65,4130.94,4105.00,4105.85,11006.501,1639080299999,45330959.72086,11807,5543.162,22830989.49001,0
1639080300000,4105.86,4112.57,4098.14,4104.58,7459.203,1639080599999,30614111.97009,11495,4174.887,17135005.09573,0
1639080600000,4104.35,4108.55,4082.32,4084.79,11080.458,1639080899999,45337264.20285,17055,4490.617,18374201.82601,0
1639080900000,4084.86,4122.00,4082.00,4119.34,9802.464,1639081199999,40232365.43945,13896,5958.837,24460755.96847,0
1639081200000,4119.76,4122.61,4100.00,4104.63,4769.328,1639081499999,19603849.44143,7999,2206.656,9069333.63830,0
1639081500000,4104.63,4107.99,4086.82,4098.61,5799.237,1639081799999,23763955.04329,9225,3066.804,12568289.82431,0
1639081800000,4098.61,4107.42,4083.72,4086.18,6309.996,1639082099999,25837241.70857,7827,2544.324,10421735.75343,0
1639082100000,4086.18,4096.56,4079.01,4094.88,9969.070,1639082399999,40742404.04186,10793,5682.134,23225392.06501,0
1639082400000,4094.87,4096.39,4075.00,4079.39,6701.371,1639082699999,27359985.23782,9345,2827.028,11545490.15200,0
1639082700000,4079.63,4103.74,4075.25,4094.53,7855.941,1639082999999,32144176.36719,9789,4634.811,18964392.02796,0
1639083000000,4094.53,4102.11,4089.44,4099.71,4021.174,1639083299999,16470066.28933,6480,2022.443,8285128.38362,0
1639083300000,4099.71,4123.36,4093.91,4121.28,10835.450,1639083599999,44557602.57313,12093,6855.497,28192309.40632,0
1639083600000,4121.27,4132.00,4110.28,4110.76,8441.095,1639083899999,34800446.48539,11247,4058.107,16733792.55493,0
1639083900000,4110.77,4136.03,4108.65,4130.12,6270.234,1639084199999,25866995.73598,8948,4255.079,17555889.56674,0
1639084200000,4130.12,4137.54,4125.40,4133.60,3680.291,1639084499999,15207974.25070,6563,1580.442,6531113.19391,0
1639084500000,4133.59,4149.00,4125.83,4144.40,5787.929,1639084799999,23946437.13134,8873,3052.273,12632593.74073,0
1639084800000,4144.41,4146.15,4134.00,4136.04,5424.432,1639085099999,22461879.82685,7243,2297.336,9514254.91446,0
1639085100000,4136.04,4158.95,4134.00,4148.30,5639.419,1639085399999,23402934.91967,8401,3496.287,14510225.04762,0
1639085400000,4148.30,4149.92,4138.48,4141.75,3623.964,1639085699999,15011019.51836,5969,1517.110,6284463.83027,0
1639085700000,4141.75,4150.00,4133.39,4149.57,3614.976,1639085999999,14960116.55117,5610,1419.355,5875440.54568,0
1639086000000,4149.58,4170.77,4141.75,4170.76,7315.487,1639086299999,30404867.79742,9651,5088.602,21155391.23091,0
1639086300000,4170.76,4172.95,4156.61,4165.37,8062.677,1639086599999,33590141.95701,9353,3243.915,13515795.14996,0
1639086600000,4165.31,4176.90,4163.24,4169.70,4906.946,1639086899999,20464567.23265,6750,2674.071,11152790.79154,0
1639086900000,4169.70,4171.00,4157.78,4163.80,4088.144,1639087199999,17023634.07095,5557,1454.552,6058436.60028,0
1639087200000,4163.81,4196.84,4158.00,4194.25,11759.315,1639087499999,49145392.51115,14576,7265.805,30372938.07027,0
1639087500000,4194.24,4201.01,4183.34,4188.34,7135.179,1639087799999,29910134.98342,10670,3693.124,15481468.45882,0
1639087800000,4188.34,4189.57,4174.86,4180.00,5890.343,1639088099999,24620423.39597,7928,2379.460,9946277.47972,0
1639088100000,4180.00,4187.85,4172.95,4184.91,2949.402,1639088399999,12330954.08679,5381,1336.968,5590296.86445,0
1639088400000,4184.91,4184.91,4174.04,4183.98,3042.532,1639088699999,12710870.56792,5016,960.377,4012333.13242,0
1639088700000,4183.99,4187.15,4178.60,4180.08,2003.627,1639088999999,8381148.84164,4150,1160.447,4854367.47696,0
1639089000000,4180.07,4180.15,4171.59,4171.73,1777.107,1639089299999,7419927.41921,4145,302.755,1264149.92165,0
1639089300000,4171.73,4174.41,4160.96,4160.96,3051.498,1639089599999,12719977.39201,4617,513.775,2142852.72721,0
1639089600000,4160.96,4161.23,4138.00,4145.67,6988.709,1639089899999,28996378.64626,8896,2296.056,9520712.55732,0
1639089900000,4145.67,4162.07,4143.63,4161.24,3471.114,1639090199999,14415839.21246,5612,2330.061,9679377.97600,0
1639090200000,4161.24,4168.37,4155.86,4166.90,4356.490,1639090499999,18134466.70705,5709,2592.602,10792136.11804,0
1639090500000,4166.90,4168.06,4156.26,4165.59,2420.141,1639090799999,10068186.18038,3942,1322.981,5503348.18564,0
1639090800000,4165.59,4167.47,4148.97,4159.99,3819.608,1639091099999,15870122.27401,5817,1594.842,6628186.38954,0
1639091100000,4160.00,4171.84,4152.42,4168.08,4617.697,1639091399999,19237129.20984,6641,3044.295,12684069.82693,0
1639091400000,4168.08,4178.86,4165.43,4176.26,4493.802,1639091699999,18757885.88598,6105,2877.796,12013313.82604,0
1639091700000,4176.26,4185.84,4174.25,4184.24,5353.421,1639091999999,22378475.99986,7291,3403.629,14228653.16023,0
1639092000000,4184.18,4185.83,4176.28,4182.71,1701.303,1639092299999,7111790.09763,4049,621.148,2596587.04716,0
1639092300000,4182.71,4183.57,4171.29,4176.74,2622.498,1639092599999,10949380.29493,4097,959.669,4006666.47734,0
1639092600000,4176.74,4183.51,4171.27,4173.65,2188.547,1639092899999,9142219.08853,3851,1007.245,4207828.91697,0
1639092900000,4173.65,4173.92,4161.35,4167.75,3950.754,1639093199999,16458428.44077,5546,1379.359,5746445.55503,0
1639093200000,4167.76,4171.38,4155.14,4157.44,2243.463,1639093499999,9337041.32673,4362,904.579,3766285.71004,0
1639093500000,4157.44,4161.38,4147.63,4154.12,4305.054,1639093799999,17872855.55945,5994,1570.764,6521943.34994,0
1639093800000,4154.13,4154.33,4132.19,4136.61,4773.643,1639094099999,19774072.61492,7305,1142.991,4735920.82116,0
1639094100000,4136.61,4142.09,4103.00,4103.80,14042.290,1639094399999,57881337.49796,17413,5424.794,22360381.21936,0
1639094400000,4103.80,4123.41,4100.00,4110.95,13738.157,1639094699999,56477989.33040,18734,8122.794,33394334.50591,0
1639094700000,4110.96,4138.00,4108.30,4138.00,9353.812,1639094999999,38597340.22936,14205,6586.414,27177265.09661,0
1639095000000,4138.00,4150.82,4119.68,4136.88,9612.130,1639095299999,39755031.85231,12607,5046.995,20878441.16007,0
1639095300000,4137.30,4145.13,4127.26,4128.02,5218.435,1639095599999,21588823.76556,8296,2750.058,11380009.53502,0
1639095600000,4128.03,4132.03,4120.65,4130.10,3331.523,1639095899999,13745890.71696,6428,1407.706,5808764.03292,0
1639095900000,4130.11,4139.66,4118.00,4136.96,4044.868,1639096199999,16693567.86715,7211,2178.801,8994716.81064,0
1639096200000,4136.97,4198.99,4131.56,4182.74,22703.943,1639096499999,94726956.31281,27865,13924.781,58067430.16770,0
1639096500000,4182.69,4199.09,4168.49,4170.57,12181.654,1639096799999,50983567.34638,18479,5188.463,21721668.82727,0
1639096800000,4170.57,4171.26,4120.00,4146.47,27171.173,1639097099999,112540754.55686,27736,10968.600,45406567.04057,0
1639097100000,4146.19,4151.38,4135.00,4136.82,8877.188,1639097399999,36772131.11563,11929,4454.584,18455804.51659,0
1639097400000,4136.70,4144.13,4125.18,4126.69,5236.076,1639097699999,21657350.18286,7713,2128.002,8804498.55684,0
1639097700000,4126.61,4130.84,4115.00,4118.56,5827.044,1639097999999,24022153.63266,8552,2671.001,11014211.16562,0
1639098000000,4118.58,4125.53,4097.02,4100.00,12236.149,1639098299999,50249972.97824,15185,5156.176,21178396.70399,0
1639098300000,4100.01,4132.17,4098.06,4132.14,10355.132,1639098599999,42630213.26977,12152,6936.714,28557625.89435,0
1639098600000,4132.13,4145.74,4128.98,4144.70,6449.291,1639098899999,26682276.21179,8412,3760.208,15560147.73469,0
1639098900000,4144.71,4154.72,4135.79,4153.53,6991.601,1639099199999,28974844.47287,8636,3435.973,14246725.30798,0
1639099200000,4153.43,4165.39,4151.38,4158.33,7475.909,1639099499999,31100877.62056,8732,3787.523,15755089.49812,0
1639099500000,4158.34,4166.92,4150.01,4165.59,3807.956,1639099799999,15833776.50426,5895,1813.931,7545786.75712,0
1639099800000,4165.59,4167.07,4146.38,4150.08,4126.158,1639100099999,17144933.80528,5982,1392.380,5786452.56177,0
1639100100000,4150.29,4159.30,4144.71,4152.01,3143.890,1639100399999,13052703.83803,5387,1660.743,6894965.08628,0
1639100400000,4152.01,4166.72,4146.63,4162.40,3310.329,1639100699999,13760545.56047,5177,1993.026,8287677.53160,0
1639100700000,4162.34,4162.99,4150.00,4157.22,2905.695,1639100999999,12075550.87241,4684,945.212,3928414.33028,0
1639101000000,4157.23,4173.47,4153.89,4167.98,4441.642,1639101299999,18505115.39550,6141,2677.753,11155320.23937,0
1639101300000,4167.98,4170.58,4155.51,4155.51,2540.681,1639101599999,10575303.43106,4243,789.675,3286871.01622,0
1639101600000,4155.50,4166.24,4153.01,4154.32,3407.140,1639101899999,14169118.28532,5641,1856.442,7721191.45829,0
1639101900000,4154.32,4155.47,4137.62,4141.37,5376.937,1639102199999,22286207.69944,6951,1559.170,6461380.29852,0
1639102200000,4141.37,4153.89,4137.89,4150.70,3065.650,1639102499999,12708233.60556,5546,2213.022,9174622.37415,0
1639102500000,4151.28,4169.74,4145.14,4162.78,4299.702,1639102799999,17875858.17478,6584,2903.303,12070964.44014,0
1639102800000,4162.78,4171.81,4157.47,4167.33,4909.489,1639103099999,20452655.81957,7474,2745.012,11436911.64232,0
1639103100000,4167.66,4172.81,4165.55,4166.57,2933.979,1639103399999,12233741.57323,4984,1581.128,6593036.72513,0
1639103400000,4166.57,4169.67,4158.79,4168.72,2202.951,1639103699999,9172821.09100,4264,1000.133,4164601.59897,0
1639103700000,4168.72,4176.00,4162.66,4174.69,2890.685,1639103999999,12054047.85933,4982,1648.796,6877289.62760,0
1639104000000,4174.63,4181.84,4165.57,4180.60,4588.696,1639104299999,19163100.58551,6354,2401.768,10030144.98650,0
1639104300000,4180.64,4184.31,4169.29,4172.01,4087.836,1639104599999,17081361.10269,6281,1342.016,5608266.93904,0
1639104600000,4172.01,4172.30,4162.23,4162.41,2727.984,1639104899999,11368810.52394,4623,775.391,3232035.42221,0
1639104900000,4162.41,4170.00,4160.00,4164.81,2674.509,1639105199999,11135723.63463,4291,1250.268,5207192.42979,0
1639105200000,4164.94,4170.00,4156.79,4157.36,2315.321,1639105499999,9639823.53112,4965,1016.206,4232133.80516,0
1639105500000,4157.37,4162.20,4149.30,4151.82,4127.331,1639105799999,17145850.66065,5539,1623.883,6747474.32549,0
1639105800000,4151.82,4154.12,4148.36,4151.59,2392.992,1639106099999,9933784.37741,3927,1303.932,5413130.68601,0
1639106100000,4151.60,4155.63,4145.29,4146.97,2531.992,1639106399999,10508275.94492,4629,1167.445,4846290.17045,0
1639106400000,4146.97,4150.69,4142.34,4149.89,2179.113,1639106699999,9032010.52443,4088,828.961,3436054.92294,0
1639106700000,4150.16,4152.89,4141.37,4146.21,2104.258,1639106999999,8728106.63509,4213,1346.692,5586875.74287,0
1639107000000,4146.21,4147.20,4139.11,4140.53,2583.009,1639107299999,10699802.41593,4808,1209.821,5012440.43915,0
1639107300000,4140.53,4144.93,4133.86,4136.34,2910.006,1639107599999,12039251.17070,4912,1353.313,5598726.20382,0
1639107600000,4136.47,4139.74,4125.40,4130.17,5529.149,1639107899999,22834662.71580,7644,2849.132,11767348.77637,0
1639107900000,4130.56,4140.50,4130.44,4135.95,3358.163,1639108199999,13891772.21777,4022,2459.534,10174746.49962,0
1639108200000,4135.94,4144.71,4135.41,4138.23,2299.364,1639108499999,9521336.05134,4214,1289.640,5339520.31074,0
1639108500000,4138.22,4144.73,4138.10,4138.79,1589.570,1639108799999,6583300.48803,3406,838.233,3471583.51866,0
1639108800000,4139.29,4150.55,4138.22,4143.98,2750.118,1639109099999,11400376.53033,5373,1439.697,5968041.77931,0
1639109100000,4143.98,4145.00,4127.79,4129.11,3668.721,1639109399999,15168720.78604,6328,1135.057,4693999.92501,0
1639109400000,4129.10,4147.63,4122.60,4146.07,4004.086,1639109699999,16550601.37091,7448,2015.487,8334273.57196,0
1639109700000,4146.06,4154.72,4144.50,4150.32,3446.433,1639109999999,14306013.14519,6207,2023.400,8398606.02051,0
1639110000000,4150.40,4163.49,4150.40,4155.81,3706.527,1639110299999,15411090.35004,6360,2187.396,9094544.59784,0
1639110300000,4155.80,4159.83,4151.80,4155.00,1305.303,1639110599999,5423233.07681,4124,665.419,2764700.63269,0
1639110600000,4155.12,4161.82,4148.05,4148.89,1734.583,1639110899999,7203388.87799,4155,603.255,2506094.10006,0
1639110900000,4148.89,4154.90,4137.61,4140.34,3026.098,1639111199999,12549726.55905,5008,818.563,3395709.49584,0
1639111200000,4140.33,4140.33,4129.69,4132.57,3536.267,1639111499999,14617182.75042,5812,1674.173,6918968.46035,0
1639111500000,4132.57,4144.69,4131.21,4144.41,1886.809,1639111799999,7809911.39366,4419,1041.127,4309594.68511,0
1639111800000,4144.41,4146.20,4125.23,4132.35,3224.376,1639112099999,13324894.38542,5634,1346.474,5565901.21978,0
1639112100000,4132.36,4137.61,4125.00,4125.06,2217.764,1639112399999,9162632.67796,4829,857.235,3542450.17752,0
1639112400000,4125.05,4128.81,4114.02,4122.99,6780.067,1639112699999,27931665.85569,11122,2876.018,11848822.44754,0
1639112700000,4122.99,4133.00,4122.10,4127.64,2923.720,1639112999999,12070167.20351,5584,1876.600,7747055.81181,0
1639113000000,4127.64,4136.74,4125.10,4127.37,2147.216,1639113299999,8872336.65362,4805,1137.095,4699268.57994,0
1639113300000,4127.28,4143.04,4127.16,4139.54,2542.896,1639113599999,10519818.05885,5164,1294.387,5354295.16734,0
1639113600000,4139.53,4142.65,4123.01,4123.01,2089.993,1639113899999,8640265.25650,4332,604.187,2499375.78461,0
1639113900000,4123.02,4123.81,4115.09,4121.17,3121.057,1639114199999,12854092.45656,5621,1476.831,6082276.90105,0
1639114200000,4121.06,4128.43,4109.08,4109.83,4162.461,1639114499999,17149418.81352,6729,1683.819,6938870.86649,0
1639114500000,4109.74,4117.75,4100.90,4105.58,6292.919,1639114799999,25853558.77270,9176,3175.986,13051775.25257,0
1639114800000,4105.58,4114.20,4104.49,4112.08,2346.230,1639115099999,9643024.61743,4961,1370.994,5634948.13170,0
1639115100000,4112.09,4119.56,4106.36,4116.77,2576.179,1639115399999,10601364.34391,5103,1596.789,6570741.63508,0
1639115400000,4116.76,4118.83,4107.37,4113.71,2299.903,1639115699999,9456420.55789,4892,821.328,3377649.08165,0
1639115700000,4113.71,4122.44,4111.05,4119.68,2135.484,1639115999999,8792673.04333,4521,943.237,3884302.17096,0
1639116000000,4119.82,4127.56,4112.45,4124.54,3539.266,1639116299999,14587258.67444,6703,1840.774,7588965.02447,0
1639116300000,4124.55,4135.95,4122.68,4133.34,4155.150,1639116599999,17162426.12089,6771,2642.767,10916610.41591,0
1639116600000,4133.34,4135.78,4126.96,4130.16,2180.430,1639116899999,9008914.51470,4887,839.077,3467045.14314,0
1639116900000,4130.17,4139.70,4128.01,4136.95,3648.403,1639117199999,15091634.07992,5604,1515.606,6269292.38906,0
1639117200000,4136.94,4140.00,4121.69,4122.48,2716.266,1639117499999,11221810.85355,5201,753.490,3114374.71972,0
1639117500000,4122.48,4126.77,4111.07,4113.47,3376.833,1639117799999,13908879.97560,5407,1300.836,5358940.17429,0
1639117800000,4113.47,4125.10,4107.15,4123.40,4034.835,1639118099999,16606118.55696,6853,2477.127,10196432.41932,0
1639118100000,4123.39,4124.96,4109.24,4110.41,2605.600,1639118399999,10722340.93718,4953,1293.458,5322474.11106,0
1639118400000,4110.40,4121.94,4109.25,4121.33,1585.118,1639118699999,6525033.58178,4272,922.574,3797586.06300,0
1639118700000,4121.47,4129.69,4118.03,4120.10,2884.173,1639118999999,11896683.33335,4836,1397.450,5765296.79127,0
1639119000000,4120.10,4123.28,4105.07,4106.02,2654.583,1639119299999,10916341.96902,5103,1062.918,4371142.74416,0
1639119300000,4106.07,4109.26,4053.88,4065.54,38254.828,1639119599999,155861760.27676,46354,14090.360,57370382.84782,0
1639119600000,4065.77,4071.65,4050.00,4065.46,13302.802,1639119899999,54003478.19162,20796,7038.388,28579665.71606,0
1639119900000,4065.46,4067.00,4045.00,4049.28,10842.812,1639120199999,43966527.20801,15795,4398.938,17840738.20682,0
1639120200000,4049.28,4064.62,4047.66,4063.09,8173.185,1639120499999,33160380.87933,11690,5234.943,21241360.36136,0
1639120500000,4063.08,4063.15,4037.47,4045.00,12416.545,1639120799999,50266710.39572,15246,4602.653,18635810.73159,0
1639120800000,4045.00,4065.84,4043.99,4064.42,7059.202,1639121099999,28628603.33933,10239,4666.600,18926216.97973,0
1639121100000,4064.40,4069.05,4060.00,4068.36,4409.909,1639121399999,17923310.03330,7750,2756.269,11204241.47165,0
1639121400000,4068.35,4077.95,4060.76,4076.78,6320.748,1639121699999,25729773.70355,10009,3756.615,15294151.76278,0
1639121700000,4077.00,4080.50,4059.66,4061.25,7489.863,1639121999999,30476696.56366,10281,2628.946,10701245.58331,0
1639122000000,4061.26,4070.00,4058.11,4068.35,3009.749,1639122299999,12229547.73293,5538,1929.646,7841685.40025,0
1639122300000,4068.35,4071.67,4044.56,4044.56,7717.591,1639122599999,31286423.41045,10457,2517.404,10207018.71426,0
1639122600000,4044.57,4046.99,4030.00,4032.72,11794.240,1639122899999,47634202.91297,17048,4617.560,18654712.86324,0
1639122900000,4032.72,4038.97,4018.05,4029.38,17491.867,1639123199999,70412672.03181,21942,8413.622,33871649.81069,0
1639123200000,4029.38,4034.49,4019.00,4021.73,8405.934,1639123499999,33856785.52713,12492,4281.234,17246460.85845,0
1639123500000,4021.72,4043.49,4020.07,4041.71,6643.236,1639123799999,26813964.76385,9789,4081.874,16475725.33482,0
1639123800000,4041.70,4043.24,4023.44,4031.39,3868.313,1639124099999,15604931.43087,7682,1926.920,7773250.91838,0
1639124100000,4031.40,4045.33,4031.40,4042.34,4542.312,1639124399999,18351894.85062,7358,2920.645,11799224.93834,0
1639124400000,4042.34,4055.00,4042.23,4050.05,7652.384,1639124699999,30989705.22306,9080,4945.643,20027768.08551,0
1639124700000,4050.05,4059.02,4048.30,4051.98,4011.882,1639124999999,16268607.84981,7562,1984.281,8047333.39772,0
1639125000000,4051.66,4061.77,4047.43,4061.69,3575.650,1639125299999,14499933.66548,6824,1885.178,7646194.15644,0
1639125300000,4061.59,4076.28,4058.25,4073.58,10619.583,1639125599999,43217015.43222,11392,6645.255,27041934.88796,0
1639125600000,4073.14,4074.19,4059.17,4063.67,4981.589,1639125899999,20249700.21157,7419,1552.261,6310235.68724,0
1639125900000,4063.66,4077.71,4058.55,4076.61,3981.764,1639126199999,16197950.47426,6952,2171.370,8837290.38975,0
1639126200000,4076.58,4079.61,4069.39,4075.46,4576.393,1639126499999,18654420.23906,7500,2986.200,12173293.05552,0
1639126500000,4075.46,4083.37,4070.00,4071.35,3430.115,1639126799999,13982218.34748,6311,1910.127,7788438.36948,0
1639126800000,4071.35,4084.81,4071.35,4080.51,5044.507,1639127099999,20579367.80849,7759,2883.093,11761537.85456,0
1639127100000,4080.50,4080.99,4066.68,4069.98,3786.441,1639127399999,15415915.28603,6662,1312.809,5344399.45172,0
1639127400000,4069.98,4083.39,4069.98,4073.71,3769.482,1639127699999,15364991.46324,7101,1878.663,7658181.62056,0
1639127700000,4073.91,4074.95,4065.01,4067.52,3315.720,1639127999999,13492527.18156,6204,1301.648,5296434.18328,0
1639128000000,4067.53,4080.87,4063.76,4074.07,2460.707,1639128299999,10023597.27190,5947,1422.741,5796813.54204,0
1639128300000,4074.07,4076.92,4055.83,4058.09,4105.905,1639128599999,16684276.07028,7166,1153.968,4688967.51641,0
1639128600000,4058.09,4075.99,4055.00,4067.54,3387.526,1639128899999,13776384.71365,7095,2009.087,8171027.07239,0
1639128900000,4067.54,4083.51,4064.50,4082.47,3264.964,1639129199999,13310792.63862,6478,1831.744,7469269.92140,0
1639129200000,4082.63,4097.97,4082.54,4093.95,9220.367,1639129499999,37718964.01112,11321,5825.001,23829566.21280,0
1639129500000,4093.94,4094.27,4081.10,4086.60,3560.219,1639129799999,14548168.62677,6237,1385.130,5660015.15376,0
1639129800000,4086.61,4102.82,4086.23,4097.02,4435.039,1639130099999,18166080.71693,8189,2800.411,11471629.76002,0
1639130100000,4097.04,4104.89,4093.14,4099.56,6557.089,1639130399999,26884927.88344,8906,2996.823,12286521.14741,0
1639130400000,4099.56,4123.00,4096.05,4111.54,16679.850,1639130699999,68647542.97059,17521,9551.628,39305176.46838,0
1639130700000,4111.54,4118.79,4107.00,4109.04,4218.400,1639130999999,17344742.79771,7081,1974.613,8119729.07952,0
1639131000000,4109.04,4113.04,4098.81,4105.85,4320.799,1639131299999,17740104.87892,6900,1756.026,7211605.14263,0
1639131300000,4105.84,4108.17,4096.91,4096.91,3461.515,1639131599999,14197885.35945,5976,1394.392,5720080.18289,0
1639131600000,4096.87,4104.60,4095.05,4100.20,2676.800,1639131899999,10974053.57225,5125,1511.095,6196183.87786,0
1639131900000,4100.20,4104.11,4094.75,4094.79,2103.567,1639132199999,8622810.53114,4605,818.502,3355444.76263,0
1639132200000,4094.78,4100.29,4092.55,4098.38,3040.070,1639132499999,12453401.26605,5242,1618.815,6631546.60735,0
1639132500000,4097.99,4099.64,4085.04,4086.18,3110.566,1639132799999,12723955.45715,5567,1053.053,4308051.19358,0
1639132800000,4086.20,4098.86,4085.04,4098.33,2676.949,1639133099999,10955212.59895,5143,1657.188,6781844.04786,0
1639133100000,4098.33,4107.26,4094.14,4097.14,3843.976,1639133399999,15767878.45870,5982,1902.352,7803800.86030,0
1639133400000,4097.14,4098.55,4085.86,4089.67,4100.615,1639133699999,16769484.54709,5490,1766.683,7224554.13263,0
1639133700000,4089.67,4098.37,4088.58,4088.78,1909.096,1639133999999,7814797.48126,4194,921.404,3772157.76257,0
1639134000000,4088.78,4101.82,4084.20,4100.38,5143.936,1639134299999,21055801.37200,7082,2685.322,10996717.15930,0
1639134300000,4100.37,4118.43,4094.00,4103.02,9509.441,1639134599999,39072468.35479,10905,4641.726,19073723.67195,0
1639134600000,4103.22,4113.85,4099.30,4112.58,3017.977,1639134899999,12393797.51537,5969,1718.236,7057741.54429,0
1639134900000,4112.59,4114.25,4102.29,4102.56,3249.516,1639135199999,13351428.19510,5168,1005.741,4131063.72150,0
1639135200000,4102.56,4103.82,4097.56,4098.00,1831.371,1639135499999,7508269.61269,4225,681.723,2794952.88747,0
1639135500000,4098.00,4108.89,4097.64,4103.17,2705.155,1639135799999,11102301.44969,4637,1467.528,6022040.30571,0
1639135800000,4103.17,4113.34,4099.23,4111.71,2468.531,1639136099999,10138271.90665,5143,1548.915,6361529.84370,0
1639136100000,4111.72,4135.00,4109.95,4131.26,13926.349,1639136399999,57435303.87025,13466,7905.146,32599542.91727,0
1639136400000,4131.26,4141.79,4123.02,4137.50,9733.880,1639136699999,40235620.08561,12661,4759.530,19676814.26907,0
1639136700000,4137.24,4170.00,4131.30,4166.00,21169.162,1639136999999,87874364.66194,24404,11949.544,49601158.20077,0
1639137000000,4165.69,4169.79,4151.63,4152.43,12424.207,1639137299999,51691554.35391,13940,4167.422,17339680.04437,0
1639137300000,4152.39,4157.95,4147.90,4154.82,6377.933,1639137599999,26483473.15308,8078,3820.778,15867071.26188,0
1639137600000,4154.81,4189.04,4148.02,4185.97,18773.626,1639137899999,78319430.71204,22577,11586.025,48346853.85702,0
1639137900000,4185.92,4189.71,4175.32,4177.21,13033.731,1639138199999,54522558.34726,17864,5915.110,24748350.05787,0
1639138200000,4177.10,4187.00,4171.50,4182.87,7174.438,1639138499999,29987469.02181,11349,3344.091,13978390.68522,0
1639138500000,4182.87,4183.60,4168.51,4170.09,5278.346,1639138799999,22032437.67114,9587,1933.678,8070748.50668,0
1639138800000,4170.09,4172.61,4153.00,4154.32,9942.203,1639139099999,41376804.80036,11608,3879.000,16141915.65585,0
1639139100000,4154.50,4158.68,4150.92,4156.62,4928.223,1639139399999,20475901.73934,8397,2518.748,10465601.35019,0
1639139400000,4156.61,4165.53,4152.66,4160.01,4919.816,1639139699999,20466376.12650,7769,2490.763,10362656.57348,0
1639139700000,4160.01,4164.01,4153.41,4158.98,3112.634,1639139999999,12947512.92818,5509,1866.939,7766260.64148,0
1639140000000,4158.99,4159.85,4150.20,4156.16,3452.978,1639140299999,14340476.79316,5385,1649.012,6848622.56437,0
1639140300000,4155.84,4160.93,4150.20,4155.76,4121.899,1639140599999,17127765.67288,6692,2152.503,8945350.51995,0
1639140600000,4155.77,4164.68,4154.79,4157.82,3485.610,1639140899999,14498652.43032,5620,1614.176,6714141.15561,0
1639140900000,4157.88,4171.37,4157.20,4167.85,4170.572,1639141199999,17373387.65100,5891,2759.367,11496931.12294,0
1639141200000,4167.86,4169.00,4153.84,4158.62,4583.467,1639141499999,19070415.94115,6905,1792.328,7458558.89076,0
1639141500000,4158.62,4167.96,4155.10,4163.36,3263.860,1639141799999,13585579.01780,6007,2129.028,8862372.32048,0
1639141800000,4163.36,4173.70,4161.79,4162.95,4354.259,1639142099999,18148676.42314,7736,1897.230,7909091.80557,0
1639142100000,4162.95,4164.65,4145.33,4147.03,7028.327,1639142399999,29191785.03866,9756,1815.219,7539141.32667,0
1639142400000,4147.03,4149.70,4134.64,4143.00,6563.081,1639142699999,27183183.32691,9859,2179.990,9031056.17237,0
1639142700000,4143.00,4145.40,4132.32,4140.47,4871.344,1639142999999,20152666.97088,7213,1941.569,8033686.35309,0
1639143000000,4140.47,4197.53,4138.10,4173.55,33779.852,1639143299999,141214555.05042,35841,19063.284,79673524.48405,0
1639143300000,4173.56,4232.00,4172.92,4218.00,38468.046,1639143599999,162076923.74562,47301,22663.216,95474666.56102,0
1639143600000,4217.73,4219.00,4191.28,4200.59,14307.305,1639143899999,60129441.68015,18121,6084.610,25568400.27800,0
1639143900000,4200.60,4210.47,4191.50,4205.13,7813.947,1639144199999,32825458.89347,13296,4107.312,17258311.15608,0
1639144200000,4205.17,4215.89,4202.10,4203.76,5989.836,1639144499999,25210256.10488,10104,2377.932,10011159.73755,0
1639144500000,4203.75,4209.32,4197.02,4200.96,5707.036,1639144799999,23982284.73732,7584,2818.901,11846824.03625,0
1639144800000,4200.95,4207.80,4193.94,4207.00,5989.216,1639145099999,25166841.40314,9182,3499.605,14707160.45303,0
1639145100000,4206.99,4210.00,4200.00,4202.04,4014.761,1639145399999,16883764.26243,7393,2130.931,8962169.48946,0
1639145400000,4202.04,4216.93,4198.13,4198.13,6712.461,1639145699999,28242107.54582,9368,2713.935,11422272.71961,0
1639145700000,4198.13,4200.81,4173.35,4173.41,14179.030,1639145999999,59358518.30778,14660,4958.468,20756237.88537,0
1639146000000,4173.41,4192.67,4173.38,4188.89,10266.974,1639146299999,42952914.62808,10571,6258.580,26183312.67087,0
1639146300000,4188.90,4189.73,4174.61,4175.47,5954.822,1639146599999,24905931.38389,7343,2215.242,9267440.75883,0
1639146600000,4175.47,4181.99,4163.70,4172.27,9285.100,1639146899999,38721587.24217,12179,4582.568,19110894.07207,0
1639146900000,4172.27,4191.74,4170.38,4185.21,5644.501,1639147199999,23593881.25353,8319,3897.008,16292366.06394,0
1639147200000,4185.21,4187.60,4169.99,4170.92,5271.785,1639147499999,22024276.73842,7186,2219.308,9269894.61307,0
1639147500000,4170.93,4172.71,4035.47,4050.71,73197.155,1639147799999,300075914.39713,82691,30256.475,123901882.95996,0
1639147800000,4050.68,4071.01,4044.73,4053.42,25728.536,1639148099999,104387499.85635,39423,14254.712,57843567.85509,0
1639148100000,4054.13,4060.00,4005.00,4028.90,40137.967,1639148399999,161700882.08390,50043,17384.135,70037221.76677,0
1639148400000,4029.25,4056.88,4007.16,4010.51,31665.533,1639148699999,127714818.57031,45058,15589.711,62908249.94929,0
1639148700000,4010.58,4049.27,4008.67,4046.61,15557.723,1639148999999,62741333.49256,23239,9319.712,37587250.37983,0
1639149000000,4046.59,4048.61,4028.85,4041.11,8723.169,1639149299999,35232832.15101,14054,4194.018,16942212.14042,0
1639149300000,4041.12,4086.39,4034.11,4072.96,29671.791,1639149599999,120778009.32568,28927,15367.816,62554807.73649,0
1639149600000,4073.11,4079.41,4064.57,4068.88,9817.970,1639149899999,39960298.10121,14406,3948.647,16069238.74312,0
1639149900000,4068.87,4080.00,4065.53,4068.33,5519.896,1639150199999,22480582.85151,10114,3148.233,12823884.15968,0
1639150200000,4068.46,4070.88,4043.12,4051.07,11311.893,1639150499999,45896451.33205,15428,4023.772,16334470.77292,0
1639150500000,4051.07,4052.32,4039.64,4047.00,6998.924,1639150799999,28318380.01698,12058,3759.921,15215234.83163,0
1639150800000,4047.01,4054.99,4043.84,4052.55,3550.294,1639151099999,14378119.28001,7101,2039.539,8260325.48669,0
1639151100000,4052.56,4052.76,4010.50,4010.79,12976.078,1639151399999,52258849.39265,18809,4486.693,18073202.89209,0
1639151400000,4010.79,4014.44,3990.00,3999.81,27557.554,1639151699999,110322474.44268,36182,12402.166,49663950.47203,0
1639151700000,3999.81,4020.92,3981.33,4020.10,24507.556,1639151999999,98058764.92158,31084,12731.188,50961036.01505,0
1639152000000,4020.09,4021.08,3986.87,3989.02,21525.739,1639152299999,86204789.12339,24977,9570.870,38333906.96174,0
1639152300000,3989.02,4005.42,3975.19,3997.02,20444.555,1639152599999,81547373.32426,27194,10938.828,43646910.84249,0
1639152600000,3997.02,4005.42,3981.26,3987.73,10692.857,1639152899999,42720467.44028,14397,5340.757,21344804.11504,0
1639152900000,3987.73,3991.89,3940.50,3960.77,36082.550,1639153199999,142893684.52793,47396,15110.028,59860687.22256,0
1639153200000,3960.82,3985.30,3953.24,3965.67,21321.719,1639153499999,84590403.59610,27687,11613.428,46081963.81157,0
1639153500000,3965.67,3995.86,3963.35,3990.79,16208.452,1639153799999,64553403.19123,19466,10582.263,42147542.32394,0
1639153800000,3990.79,4003.02,3977.94,3997.61,12490.549,1639154099999,49848164.19452,17187,7110.068,28380730.35262,0
1639154100000,3997.61,4000.70,3960.81,3966.94,15687.170,1639154399999,62362363.51942,18727,6529.766,25952865.67839,0
1639154400000,3966.94,3986.93,3964.00,3985.76,7838.843,1639154699999,31168695.05701,12438,4613.425,18345631.46351,0
1639154700000,3985.76,4000.00,3983.00,3988.97,9244.023,1639154999999,36899719.03761,12592,5444.425,21733866.69723,0
1639155000000,3988.96,3993.20,3977.01,3986.24,6314.502,1639155299999,25167457.38047,8530,3511.575,13999088.76517,0
1639155300000,3986.37,4000.31,3970.77,3975.18,9804.597,1639155599999,39062012.88543,11565,4096.403,16324658.89488,0
1639155600000,3975.18,3985.05,3961.61,3982.44,13832.432,1639155899999,54946129.39285,16367,7657.367,30427312.54917,0
1639155900000,3982.26,3986.30,3960.00,3964.39,8896.088,1639156199999,35330755.93650,12044,3224.695,12809810.57168,0
1639156200000,3964.40,3978.87,3960.92,3978.23,5464.303,1639156499999,21707995.25773,7786,3682.299,14629774.65647,0
1639156500000,3978.23,3980.51,3968.23,3970.74,3988.944,1639156799999,15852050.95448,6500,1892.372,7521715.12928,0
1639156800000,3970.81,3972.69,3956.71,3961.19,6899.904,1639157099999,27342977.33954,9323,3302.738,13086514.57196,0
1639157100000,3961.19,3966.95,3933.00,3939.17,19384.502,1639157399999,76476038.21074,22812,6903.260,27243159.55235,0
1639157400000,3938.90,3948.89,3928.88,3939.59,8790.509,1639157699999,34626059.03850,13930,4638.162,18276634.64306,0
1639157700000,3939.52,3951.65,3931.33,3934.84,6916.976,1639157999999,27287612.06122,10473,3367.359,13286973.01532,0
1639158000000,3934.62,3952.45,3932.00,3949.23,6418.951,1639158299999,25306695.18663,8953,3886.817,15325594.20878,0
1639158300000,3949.23,3951.05,3935.45,3939.40,3984.004,1639158599999,15711660.33190,6589,1826.801,7204966.74893,0
1639158600000,3939.40,3950.00,3934.02,3947.40,5463.072,1639158899999,21533572.37749,7882,2993.518,11801458.19370,0
1639158900000,3947.40,3972.61,3944.09,3969.17,12930.361,1639159199999,51237566.63660,13698,7525.181,29819193.55592,0
1639159200000,3969.50,3975.14,3959.38,3970.32,6029.462,1639159499999,23925484.99437,9452,3144.707,12478294.82374,0
1639159500000,3970.33,3984.71,3970.23,3978.84,7195.887,1639159799999,28624394.29770,11520,4048.468,16104863.78774,0
1639159800000,3978.84,3997.30,3977.76,3989.68,8702.938,1639160099999,34702007.95806,11399,4235.906,16891260.67281,0
1639160100000,3989.68,4020.99,3988.17,4001.61,20146.221,1639160399999,80724633.93409,23407,11073.625,44376234.93381,0
1639160400000,4000.97,4001.59,3979.13,3983.30,7982.378,1639160699999,31843868.78234,9563,3522.566,14049795.48060,0
1639160700000,3983.31,3993.47,3976.65,3987.17,6095.725,1639160999999,24289758.57413,7667,3080.966,12279967.42884,0
1639161000000,3987.14,3998.18,3981.80,3990.04,5078.051,1639161299999,20258289.55283,7585,2940.150,11730619.82078,0
1639161300000,3990.04,3998.20,3979.93,3996.62,3606.614,1639161599999,14383607.08178,6501,1898.035,7570654.91625,0
1639161600000,3996.61,4001.41,3991.20,3992.59,2463.447,1639161899999,9844255.07566,4743,1102.058,4404478.28156,0
1639161900000,3992.60,3992.94,3985.11,3989.10,2925.152,1639162199999,11664446.79648,4428,1853.184,7389113.42173,0
1639162200000,3989.09,3992.86,3981.92,3985.65,2885.644,1639162499999,11505304.01646,4361,1181.872,4713019.14523,0
1639162500000,3985.65,3989.63,3969.17,3981.16,8687.158,1639162799999,34540506.03635,9794,3672.671,14602276.89435,0
1639162800000,3981.16,3987.10,3966.26,3971.23,7021.222,1639163099999,27914594.43771,8907,2849.059,11328066.31696,0
1639163100000,3971.23,3980.57,3970.05,3970.58,2808.327,1639163399999,11164797.73090,5576,1341.242,5331790.69882,0
1639163400000,3970.58,3985.64,3970.58,3976.06,3495.724,1639163699999,13909225.51453,5000,1807.630,7191634.17028,0
1639163700000,3976.06,3992.26,3975.43,3990.99,3673.293,1639163999999,14641562.50286,5181,2676.127,10666369.28721,0
1639164000000,3990.99,3997.17,3984.39,3993.91,3604.300,1639164299999,14385141.63574,5123,1782.622,7115495.94284,0
1639164300000,3993.91,4006.55,3993.91,4002.73,5719.216,1639164599999,22880036.34851,7636,3236.625,12946309.80473,0
1639164600000,4002.72,4018.00,4002.01,4007.08,7481.317,1639164899999,30011633.11806,9187,3808.102,15276857.58346,0
1639164900000,4007.09,4022.25,4006.17,4020.06,6086.665,1639165199999,24442325.02916,8304,3746.929,15047513.02643,0
1639165200000,4020.07,4024.70,4011.16,4017.49,6499.474,1639165499999,26118866.87468,6949,3957.460,15906637.57155,0
1639165500000,4017.48,4032.28,4015.22,4023.91,6784.162,1639165799999,27318730.88317,8903,3545.997,14278634.36562,0
1639165800000,4023.91,4025.42,4016.01,4017.73,2428.123,1639166099999,9761850.46873,4470,895.626,3601202.40733,0
1639166100000,4017.64,4023.49,4013.60,4014.81,2592.901,1639166399999,10416526.48337,4280,877.591,3525810.52870,0
1639166400000,4014.81,4031.42,4012.47,4018.27,6382.228,1639166699999,25682571.40428,8023,2604.202,10478906.27201,0
1639166700000,4018.27,4025.71,4016.28,4023.19,1812.641,1639166999999,7288160.21489,4153,904.550,3636887.80947,0
1639167000000,4023.10,4037.89,4020.02,4022.02,4434.093,1639167299999,17866679.91257,7042,2518.097,10149350.69011,0
1639167300000,4022.02,4023.20,4011.67,4020.18,4423.367,1639167599999,17766111.93161,6276,1716.188,6893043.43826,0
1639167600000,4020.18,4028.58,4018.34,4020.71,2903.209,1639167899999,11680147.95476,4855,1277.555,5140168.36356,0
1639167900000,4020.72,4028.62,4019.86,4021.38,2275.662,1639168199999,9157389.51088,4200,1318.114,5304109.89862,0
1639168200000,4021.32,4031.24,4020.00,4028.86,2394.788,1639168499999,9639807.37452,4435,1282.923,5163590.22342,0
1639168500000,4028.86,4034.00,4020.36,4022.29,2161.723,1639168799999,8703800.90764,4112,930.874,3748299.67787,0
1639168800000,4022.30,4023.49,4015.88,4015.88,2769.266,1639169099999,11128106.82559,4513,1262.978,5075064.37076,0
1639169100000,4015.89,4030.00,4015.49,4028.81,2489.355,1639169399999,10019750.88093,4503,1270.564,5113890.89456,0
1639169400000,4028.81,4035.67,4028.29,4030.02,2471.867,1639169699999,9966459.51421,4572,1124.421,4533633.94524,0
1639169700000,4030.00,4049.87,4028.00,4049.71,5849.219,1639169999999,23641540.90058,8396,4143.994,16751320.01022,0
1639170000000,4049.70,4049.71,4038.00,4039.90,3375.117,1639170299999,13641405.06025,6756,1466.068,5925021.99467,0
1639170300000,4039.89,4045.32,4035.38,4035.38,2735.613,1639170599999,11051490.71571,4540,1237.130,4999034.61311,0
1639170600000,4035.38,4056.47,4034.19,4037.50,7040.525,1639170899999,28489083.73123,10384,3615.511,14633841.04956,0
1639170900000,4037.34,4045.79,4033.88,4041.49,3091.947,1639171199999,12489904.49238,5157,1165.884,4709290.68982,0
1639171200000,4041.50,4048.90,4041.35,4044.58,1778.813,1639171499999,7195058.89060,4042,767.265,3103503.53171,0
1639171500000,4044.58,4045.32,4028.62,4034.74,3893.991,1639171799999,15717900.80614,6780,1511.577,6101916.62392,0
1639171800000,4034.74,4044.99,4033.00,4041.65,1837.227,1639172099999,7420864.89965,5047,938.115,3789438.08445,0
1639172100000,4041.64,4045.67,4033.84,4035.48,1802.517,1639172399999,7283156.16304,3520,890.254,3597715.84672,0
1639172400000,4035.49,4036.59,4025.44,4028.19,2748.775,1639172699999,11080937.78973,4710,743.961,2999475.57476,0
1639172700000,4028.18,4032.58,3984.45,3991.21,15046.944,1639172999999,60268207.38620,17496,4249.409,17017936.31717,0
1639173000000,3991.22,4002.76,3986.04,3996.05,7432.345,1639173299999,29688686.00542,10018,3908.120,15612211.21218,0
1639173300000,3996.00,4011.11,3991.92,3993.06,5763.497,1639173599999,23068581.46762,8433,2832.511,11340160.58138,0
1639173600000,3993.01,4002.34,3974.00,3980.35,5317.445,1639173899999,21201675.34201,10297,1935.307,7717924.75023,0
1639173900000,3980.35,3994.35,3974.02,3993.42,4267.594,1639174199999,17007119.96306,7625,2506.997,9993811.04183,0
1639174200000,3993.43,3996.00,3990.62,3994.19,1391.886,1639174499999,5558428.30015,4231,735.924,2938925.88332,0
1639174500000,3993.82,4005.29,3993.80,3999.05,2818.071,1639174799999,11275667.04979,6268,1772.799,7092825.76992,0
1639174800000,3999.13,3999.50,3988.44,3988.86,3080.363,1639175099999,12298704.85838,6339,1377.742,5500781.56504,0
1639175100000,3988.85,3990.81,3982.87,3982.97,1835.285,1639175399999,7317724.36155,4543,885.275,3529960.89791,0
1639175400000,3983.24,3984.38,3955.01,3960.41,7758.308,1639175699999,30764523.00902,12748,2345.548,9296975.93123,0
1639175700000,3960.43,3972.19,3960.42,3972.19,2916.794,1639175999999,11573826.50524,4915,2149.497,8528806.24202,0
1639176000000,3972.19,3986.09,3972.18,3986.08,4273.040,1639176299999,17005808.97656,5775,3062.965,12190924.82349,0
1639176300000,3986.08,3986.84,3972.56,3982.50,3056.053,1639176599999,12155903.73840,4842,1121.753,4463216.44719,0
1639176600000,3982.50,3982.50,3950.00,3964.95,7994.516,1639176899999,31654991.20994,10335,3052.485,12082730.31994,0
1639176900000,3964.95,3972.76,3951.16,3958.57,3596.344,1639177199999,14250580.48892,6477,1885.199,7474584.86609,0
1639177200000,3958.56,3959.29,3933.12,3952.78,12352.318,1639177499999,48757909.21813,15897,5895.992,23283278.51992,0
1639177500000,3952.78,3962.56,3942.40,3962.56,4021.418,1639177799999,15893730.86059,7222,2240.300,8857546.93518,0
1639177800000,3962.55,3966.94,3945.49,3945.89,6735.850,1639178099999,26653775.86587,8817,3320.101,13141068.16039,0
1639178100000,3945.89,3960.57,3945.00,3960.53,3089.429,1639178399999,12210250.07702,5443,1950.241,7707628.74735,0
1639178400000,3960.56,3974.88,3960.56,3972.77,6041.993,1639178699999,23976216.69535,7881,3222.529,12791128.80460,0
1639178700000,3972.77,3978.00,3953.01,3955.00,4986.803,1639178999999,19766437.31592,7508,2158.642,8560049.77735,0
1639179000000,3955.01,3964.15,3944.66,3948.03,2915.350,1639179299999,11526015.39977,6367,1180.299,4668065.28620,0
1639179300000,3948.28,3948.98,3911.00,3932.94,26514.911,1639179599999,104200354.95765,30456,10904.870,42868647.43066,0
1639179600000,3932.94,3949.43,3918.34,3941.42,14462.910,1639179899999,56921970.63064,17943,8232.534,32407883.21632,0
1639179900000,3941.22,3941.46,3911.23,3914.50,14850.046,1639180199999,58269616.30798,18555,5728.451,22487110.79787,0
1639180200000,3914.51,3920.62,3882.84,3889.95,33567.869,1639180499999,130914849.55143,44163,13740.009,53606679.49581,0
1639180500000,3889.51,3914.01,3886.79,3895.95,13649.801,1639180799999,53224322.34270,18500,6850.755,26724525.92558,0
1639180800000,3895.85,3917.00,3890.63,3905.60,12133.395,1639181099999,47363289.87748,16853,6898.819,26932668.61965,0
1639181100000,3905.36,3905.98,3862.68,3877.85,26663.495,1639181399999,103520074.60580,34367,11269.145,43774321.26628,0
1639181400000,3877.90,3882.79,3850.00,3859.12,22732.534,1639181699999,87762999.57862,32056,9712.302,37504740.42945,0
1639181700000,3859.13,3874.59,3831.01,3852.54,28484.762,1639181999999,109614323.17334,34806,12506.346,48144693.18616,0
1639182000000,3852.54,3886.00,3840.00,3883.90,19517.713,1639182299999,75490804.92637,23055,12531.327,48468027.73195,0
1639182300000,3884.11,3950.00,3879.70,3943.98,41354.680,1639182599999,161932965.17117,46437,24893.897,97439166.49463,0
1639182600000,3943.78,3955.68,3923.89,3954.31,28000.472,1639182899999,110345390.18728,34905,13729.604,54122044.91436,0
1639182900000,3954.20,3991.09,3954.20,3968.42,29155.862,1639183199999,115809530.48284,40188,15141.015,60157431.41085,0
1639183200000,3968.37,3969.03,3932.72,3943.14,17554.801,1639183499999,69352892.84451,19995,7479.764,29558437.53762,0
1639183500000,3943.15,3960.04,3932.59,3955.30,13448.192,1639183799999,53056829.99135,18083,7573.729,29889769.72341,0
1639183800000,3955.53,3960.37,3936.16,3943.17,8089.273,1639184099999,31916562.82995,11307,3747.883,14792744.23500,0
1639184100000,3943.03,3943.80,3928.34,3937.75,6695.048,1639184399999,26351725.80108,9789,3074.755,12103903.86097,0
1639184400000,3937.75,3950.00,3926.80,3945.37,7449.737,1639184699999,29362971.63586,12570,4516.704,17807378.08033,0
1639184700000,3945.38,3958.18,3944.53,3957.79,7105.640,1639184999999,28090003.67510,10638,4135.304,16350874.54464,0
1639185000000,3957.78,3961.64,3948.24,3960.57,3404.286,1639185299999,13465482.99469,6853,1761.773,6970035.70409,0
1639185300000,3960.57,3975.41,3958.93,3972.33,7166.806,1639185599999,28446653.42130,10585,3927.967,15589987.74184,0
1639185600000,3972.34,3972.75,3954.88,3966.35,5937.543,1639185899999,23534594.01902,9457,2950.293,11694438.89069,0
1639185900000,3966.25,3975.00,3961.37,3973.65,4422.237,1639186199999,17556530.84631,7015,2706.799,10747118.35835,0
1639186200000,3973.66,3983.41,3966.54,3981.54,4397.606,1639186499999,17483830.08753,7586,2755.596,10956872.34424,0
1639186500000,3981.54,4002.35,3974.62,4000.23,9015.882,1639186799999,35975325.83922,13846,5017.636,20024260.67723,0
1639186800000,4000.06,4000.06,3980.47,3982.54,6616.117,1639187099999,26396443.60897,9680,2565.166,10234163.73422,0
1639187100000,3982.53,3982.92,3969.43,3970.88,4363.601,1639187399999,17354901.59025,6428,1357.317,5398876.78853,0
1639187400000,3970.88,3978.32,3967.96,3968.91,3611.290,1639187699999,14345369.89448,5947,1514.938,6018590.31242,0
1639187700000,3968.90,3980.00,3966.26,3967.23,3037.713,1639187999999,12066665.52381,4680,1788.636,7104935.18311,0
1639188000000,3967.22,3988.43,3965.36,3988.42,3569.867,1639188299999,14196342.40474,6122,2177.673,8662568.35488,0
1639188300000,3988.43,3992.80,3980.60,3987.15,5793.428,1639188599999,23092530.65485,7087,3312.592,13202585.04184,0
1639188600000,3986.90,3988.43,3976.09,3978.99,1818.882,1639188899999,7239971.95787,4299,732.562,2915622.68496,0
1639188900000,3978.56,3980.27,3960.00,3963.33,6386.434,1639189199999,25335843.64963,7397,2275.035,9025531.15703,0
1639189200000,3963.15,3968.69,3955.00,3961.38,5193.895,1639189499999,20572399.78022,6667,2075.829,8225058.69078,0
1639189500000,3961.37,3976.26,3960.33,3970.45,3276.208,1639189799999,13008130.24099,4740,2432.199,9657532.82331,0
1639189800000,3970.45,3972.70,3952.22,3963.16,5453.080,1639190099999,21596463.16515,6648,2034.078,8058294.63397,0
1639190100000,3963.15,3986.02,3958.98,3978.89,5358.458,1639190399999,21303166.35073,6950,3031.863,12049534.96904,0
1639190400000,3978.88,3988.82,3976.09,3985.00,3974.568,1639190699999,15828361.57655,4966,1494.678,5952936.90575,0
1639190700000,3984.83,3994.79,3978.89,3981.73,5013.784,1639190999999,19996416.98301,6700,2478.717,9887399.64990,0
1639191000000,3981.73,3989.15,3980.13,3981.71,1886.871,1639191299999,7517896.24195,3690,902.328,3595340.50809,0
1639191300000,3981.71,3988.99,3977.60,3988.18,2540.220,1639191599999,10118977.31334,4265,1098.733,4377505.99654,0
1639191600000,3988.18,3997.58,3979.68,3994.28,10091.121,1639191899999,40288438.29946,9538,4848.496,19353729.77687,0
1639191900000,3994.50,4013.01,3991.40,4005.78,10821.496,1639192199999,43341900.61831,12532,6607.425,26460034.30480,0
1639192200000,4005.79,4014.07,3999.18,4010.99,7548.954,1639192499999,30245750.43382,8870,4121.069,16511005.14187,0
1639192500000,4010.99,4042.20,4008.57,4031.79,20447.149,1639192799999,82376252.93471,25595,13081.577,52697961.71284,0
1639192800000,4031.78,4035.50,4020.66,4020.66,4112.699,1639193099999,16564638.18751,7004,1835.672,7394683.87117,0
1639193100000,4020.66,4031.88,4017.48,4018.18,6421.475,1639193399999,25834385.00331,8420,3238.579,13030999.41987,0
1639193400000,4018.15,4031.77,4017.48,4021.43,4187.940,1639193699999,16849740.58705,6583,2328.756,9370934.35099,0
1639193700000,4021.81,4024.99,4011.00,4012.30,5630.200,1639193999999,22609121.90937,5356,1718.099,6898897.36013,0
1639194000000,4012.30,4016.67,4008.49,4012.69,4812.278,1639194299999,19308969.12445,6272,2110.434,8467613.63813,0
1639194300000,4012.69,4016.00,4007.53,4008.00,3430.238,1639194599999,13759353.44610,4787,1259.962,5055383.79039,0
1639194600000,4008.00,4018.89,4007.13,4007.70,2542.016,1639194899999,10199774.97118,4424,1293.592,5191686.71875,0
1639194900000,4007.70,4015.87,4004.38,4007.43,3205.427,1639195199999,12849901.30763,4402,1352.499,5423067.36069,0
1639195200000,4007.43,4017.60,4007.43,4008.37,2585.544,1639195499999,10373824.35374,5223,1271.488,5102053.05727,0
1639195500000,4008.37,4038.00,4007.13,4031.76,15316.454,1639195799999,61690415.45698,13544,9459.236,38088217.13565,0
1639195800000,4031.81,4040.16,4030.00,4033.98,5012.023,1639196099999,20222276.74460,6488,2309.284,9318370.71823,0
1639196100000,4033.99,4037.60,4023.47,4024.09,2898.032,1639196399999,11675420.77891,5035,1161.666,4681290.81861,0
1639196400000,4024.03,4025.33,4017.15,4023.49,2575.877,1639196699999,10356017.31993,5117,987.268,3968860.24515,0
1639196700000,4023.44,4028.80,4021.06,4022.66,1317.370,1639196999999,5301740.50782,3237,555.754,2236653.84158,0
1639197000000,4022.67,4026.93,4015.22,4025.61,2314.807,1639197299999,9308534.20324,3989,1152.095,4633478.25452,0
1639197300000,4025.45,4034.93,4023.45,4027.92,3251.918,1639197599999,13103908.50044,4705,1447.362,5832598.01739,0
1639197600000,4027.91,4033.01,4021.69,4021.70,1633.228,1639197899999,6575238.44825,3397,864.742,3481845.78223,0
1639197900000,4021.50,4034.00,4021.46,4031.66,3571.189,1639198199999,14390276.02937,5072,1896.160,7640503.88956,0
1639198200000,4031.66,4046.94,4031.40,4042.85,6871.749,1639198499999,27762266.37648,9088,4166.420,16832376.30026,0
1639198500000,4042.86,4043.38,4031.01,4031.01,3922.118,1639198799999,15832320.27400,6083,1820.886,7350216.12543,0
1639198800000,4031.02,4035.10,4024.10,4029.04,3967.248,1639199099999,15985219.20396,7214,2059.881,8300598.82218,0
1639199100000,4029.24,4031.01,4023.88,4025.44,2807.475,1639199399999,11305979.47659,4303,1064.419,4287011.88688,0
1639199400000,4025.44,4027.67,4021.35,4024.64,2560.674,1639199699999,10306113.96792,4816,1297.522,5222511.15196,0
1639199700000,4024.29,4027.82,4017.48,4019.21,2523.740,1639199999999,10151705.27654,4688,846.187,3404662.58244,0
1639200000000,4019.22,4026.62,4018.68,4024.21,3360.841,1639200299999,13518495.50174,4807,1571.604,6321545.15435,0
1639200300000,4024.42,4034.19,4020.36,4034.18,2683.521,1639200599999,10804910.02407,4963,1732.347,6976965.81218,0
1639200600000,4034.18,4040.94,4029.82,4038.54,4178.466,1639200899999,16863532.61901,6062,2262.084,9130201.22219,0
1639200900000,4038.28,4038.78,4030.58,4032.62,3587.971,1639201199999,14475178.55075,4495,1705.797,6881995.07209,0
1639201200000,4032.62,4038.00,4029.90,4035.90,2077.023,1639201499999,8379029.99896,3373,1069.995,4316178.07393,0
1639201500000,4035.89,4047.61,4033.57,4044.93,3489.566,1639201799999,14101638.92253,5811,2189.427,8848572.97653,0
1639201800000,4044.92,4046.80,4018.00,4023.83,8926.697,1639202099999,35964145.15844,9858,3173.292,12781502.15492,0
1639202100000,4023.83,4029.81,4018.00,4029.08,3649.486,1639202399999,14684183.75666,5752,1950.413,7849258.48249,0
1639202400000,4029.08,4032.30,4013.96,4016.31,5272.498,1639202699999,21192918.15213,7983,1518.925,6107569.79314,0
1639202700000,4016.32,4033.92,4014.89,4031.46,5312.791,1639202999999,21395499.86203,6602,3008.675,12116021.32375,0
1639203000000,4031.46,4069.85,4031.45,4048.51,22015.283,1639203299999,89278378.30165,27341,12487.405,50628464.20389,0
1639203300000,4048.12,4052.99,4024.24,4026.88,10051.213,1639203599999,40581362.79668,11903,4040.878,16325440.38118,0
1639203600000,4026.88,4029.97,4003.95,4005.74,11543.421,1639203899999,46353341.15703,13620,4434.033,17809393.53826,0
1639203900000,4005.75,4015.88,3995.11,4006.45,11147.532,1639204199999,44625463.29679,14965,4595.779,18401871.12518,0
1639204200000,4006.42,4007.52,3986.84,3992.18,11128.275,1639204499999,44465592.84156,14985,4988.318,19935680.67564,0
1639204500000,3992.18,4000.78,3986.30,3999.52,5630.530,1639204799999,22484060.57413,8035,3294.981,13160038.13904,0
1639204800000,3999.32,4009.68,3995.19,3998.98,4262.953,1639205099999,17060639.53065,7155,2241.458,8971583.28061,0
1639205100000,3998.98,3999.22,3960.00,3964.04,22758.716,1639205399999,90454938.59536,28203,7028.004,27926582.08165,0
1639205400000,3964.04,3972.69,3955.50,3968.13,9377.452,1639205699999,37170525.15920,15675,5047.372,20008338.06143,0
1639205700000,3968.12,3973.25,3954.50,3960.72,7039.653,1639205999999,27925508.09803,11961,3391.283,13457973.69695,0
1639206000000,3960.54,3974.88,3958.11,3974.24,6519.333,1639206299999,25867771.26754,10608,4422.197,17547658.18112,0
1639206300000,3974.24,3976.18,3964.53,3972.64,3569.162,1639206599999,14172041.35728,6776,1625.594,6455885.15934,0
1639206600000,3972.64,3979.27,3967.54,3974.78,3540.227,1639206899999,14070685.13821,6851,1738.434,6910049.88094,0
1639206900000,3974.50,3983.65,3972.12,3972.92,3757.753,1639207199999,14953708.93296,7511,2107.912,8388928.93988,0
1639207200000,3973.35,3976.67,3966.47,3971.21,2904.334,1639207499999,11532872.64682,6369,1437.564,5709472.71986,0
1639207500000,3971.41,3978.48,3967.16,3967.50,2480.646,1639207799999,9853442.49762,5179,1216.099,4831377.96294,0
1639207800000,3967.25,3967.57,3929.96,3953.41,20581.501,1639208099999,81193351.19904,29115,7961.974,31401061.95197,0
1639208100000,3953.38,3969.60,3945.41,3967.25,9349.721,1639208399999,37018535.25310,10730,5113.121,20246103.07461,0
1639208400000,3967.15,3973.88,3964.88,3970.61,3823.571,1639208699999,15175633.32878,7039,2233.367,8865580.61658,0
1639208700000,3970.61,3982.21,3970.60,3977.55,5047.739,1639208999999,20079163.11301,7402,3241.399,12894079.67465,0
1639209000000,3977.55,3982.86,3970.12,3982.46,3866.680,1639209299999,15379085.91994,5829,2189.231,8709267.24306,0
1639209300000,3982.34,3989.59,3975.69,3976.68,4726.565,1639209599999,18823974.61436,7257,2318.026,9233867.64162,0
1639209600000,3976.68,3988.35,3974.10,3976.88,6630.823,1639209899999,26408532.47806,8751,4115.352,16394625.50770,0
1639209900000,3976.88,3979.74,3963.76,3966.83,5522.367,1639210199999,21932230.22203,7463,2229.287,8855949.31850,0
1639210200000,3966.64,3993.20,3966.64,3987.75,5691.406,1639210499999,22676351.93162,8295,3641.144,14505279.34990,0
1639210500000,3988.17,4002.35,3987.64,4001.16,7637.157,1639210799999,30523722.27520,9943,3951.007,15791091.51540,0
1639210800000,4001.16,4016.00,3996.12,4010.54,11015.131,1639211099999,44138135.04163,13208,5538.418,22190867.48467,0
1639211100000,4010.54,4062.50,4009.82,4057.41,37766.660,1639211399999,152378230.94939,38230,21824.851,88052084.16982,0
1639211400000,4057.75,4087.16,4053.63,4081.63,31821.011,1639211699999,129534379.77146,42127,17040.176,69376575.04386,0
1639211700000,4081.84,4083.22,4050.50,4051.91,19067.104,1639211999999,77509940.37834,24228,8248.061,33536680.60265,0
1639212000000,4051.90,4057.27,4045.33,4050.70,8111.888,1639212299999,32855812.07838,13352,4291.659,17385582.18503,0
1639212300000,4050.91,4052.13,4016.68,4023.83,27135.495,1639212599999,109365112.01860,25703,9141.040,36836203.12570,0
1639212600000,4023.44,4031.18,3999.57,4002.29,20354.400,1639212899999,81729220.66182,21041,8238.720,33095601.62791,0
1639212900000,4002.21,4023.63,4000.01,4019.83,19065.557,1639213199999,76519153.63157,20663,10891.577,43710274.67967,0
1639213200000,4019.86,4021.46,3993.00,3996.59,12228.335,1639213499999,49004581.50014,15682,5023.366,20135056.18142,0
1639213500000,3996.59,3999.61,3967.00,3989.70,18902.163,1639213799999,75299573.62217,26180,8627.878,34376266.49212,0
1639213800000,3989.71,3991.89,3983.25,3989.05,4326.322,1639214099999,17251368.14745,8131,2102.734,8384961.45799,0
1639214100000,3989.06,4006.06,3987.68,4005.67,7265.434,1639214399999,29061919.66166,9946,4942.903,19772347.74883,0
1639214400000,4005.67,4011.50,4000.37,4009.53,4533.540,1639214699999,18162534.94340,7599,2547.046,10205385.43890,0
1639214700000,4009.52,4014.26,4002.10,4007.90,4216.382,1639214999999,16907240.36375,6726,2181.547,8748679.82303,0
1639215000000,4007.89,4016.99,4004.68,4016.40,3922.763,1639215299999,15740931.91341,7284,2000.498,8027640.17696,0
1639215300000,4016.66,4017.76,4005.14,4009.25,4119.941,1639215599999,16524842.55121,6608,1822.443,7309628.38146,0
1639215600000,4009.25,4017.94,4005.55,4015.86,3687.939,1639215899999,14803738.61733,6606,2074.417,8326341.62605,0
1639215900000,4015.85,4016.00,3993.95,4002.14,7759.357,1639216199999,31046361.26804,10712,2821.065,11286479.57051,0
1639216200000,4002.34,4006.69,3998.08,4005.58,2020.935,1639216499999,8088318.28387,4609,1056.322,4227282.04657,0
1639216500000,4005.59,4021.00,4002.44,4012.14,4715.241,1639216799999,18928603.05170,7066,2979.606,11962952.96334,0
1639216800000,4012.15,4021.94,4004.74,4017.09,4622.740,1639217099999,18556900.86451,7922,2648.922,10635419.49492,0
1639217100000,4017.08,4026.85,4014.00,4020.59,8556.458,1639217399999,34415950.97287,9656,4953.110,19920634.10331,0
1639217400000,4020.59,4022.06,4005.00,4008.08,4959.838,1639217699999,19895512.45079,7755,1821.561,7305363.78008,0
1639217700000,4008.09,4014.61,3999.57,4007.35,3932.457,1639217999999,15755410.17123,7488,1776.222,7116938.40242,0
1639218000000,4007.22,4018.67,4006.13,4016.23,3028.307,1639218299999,12155221.28915,6092,1790.036,7185027.70877,0
1639218300000,4016.28,4025.43,4016.23,4024.28,3659.638,1639218599999,14714446.58663,6031,2332.830,9380448.98225,0
1639218600000,4024.27,4027.81,4019.13,4025.49,2752.996,1639218899999,11079621.34319,5920,1241.632,4997322.11743,0
1639218900000,4025.44,4029.35,4018.27,4019.38,2178.309,1639219199999,8765198.93121,4936,913.802,3677954.73608,0
1639219200000,4019.38,4034.59,4019.38,4029.17,2948.102,1639219499999,11878872.08764,6214,1865.460,7516089.44713,0
1639219500000,4029.04,4034.71,4024.35,4028.58,3341.088,1639219799999,13463691.14201,5553,1446.765,5830064.15864,0
1639219800000,4028.47,4035.38,4027.03,4029.38,1904.185,1639220099999,7677941.35281,4550,1117.675,4506821.12596,0
1639220100000,4029.37,4030.37,4016.53,4020.09,3975.930,1639220399999,15990172.02183,6510,1332.727,5359539.58482,0
1639220400000,4020.09,4022.25,4012.06,4022.25,3591.507,1639220699999,14424048.67146,6994,1729.004,6944441.43937,0
1639220700000,4022.25,4027.41,4014.86,4025.82,2549.030,1639220999999,10251795.80848,5330,1300.841,5232905.07580,0
1639221000000,4025.81,4032.14,4017.08,4027.62,2470.592,1639221299999,9940898.12922,5934,1142.218,4596622.04574,0
1639221300000,4027.62,4028.41,4017.48,4017.49,4155.546,1639221599999,16717441.77552,6504,1528.071,6146605.19557,0
1639221600000,4017.49,4022.09,4001.61,4005.10,8576.446,1639221899999,34387301.58741,10957,2598.028,10413609.22889,0
1639221900000,4005.09,4013.55,4004.58,4011.45,2486.332,1639222199999,9968559.82400,5703,1467.114,5882461.25560,0
1639222200000,4011.44,4016.57,4006.74,4010.71,2449.742,1639222499999,9829752.82407,4723,1199.659,4814037.66954,0
1639222500000,4010.72,4014.93,4003.95,4014.72,3699.720,1639222799999,14832271.38265,5200,1535.746,6157697.09106,0
1639222800000,4014.72,4020.00,4013.10,4016.28,1973.932,1639223099999,7930077.32030,4591,1049.734,4217030.03057,0
1639223100000,4016.28,4020.44,4010.63,4011.61,2032.836,1639223399999,8162865.80876,4665,938.240,3767913.22812,0
1639223400000,4011.60,4015.37,4004.36,4007.08,3507.201,1639223699999,14057332.84198,4997,1065.685,4272230.70670,0
1639223700000,4007.09,4016.34,4006.12,4012.36,2208.061,1639223999999,8857608.85485,4372,1167.305,4683401.95677,0
1639224000000,4012.39,4022.61,4006.38,4019.50,4333.980,1639224299999,17398510.90863,6969,2244.813,9013037.25605,0
1639224300000,4019.61,4023.44,4011.52,4023.06,3032.156,1639224599999,12184913.64343,5586,1732.918,6965255.14275,0
1639224600000,4023.06,4028.22,4020.00,4021.46,3184.832,1639224899999,12817793.76009,6516,1483.442,5971425.81011,0
1639224900000,4021.46,4027.00,4012.70,4026.45,4707.098,1639225199999,18923412.22351,6801,2840.702,11420103.84329,0
1639225200000,4026.45,4038.30,4024.75,4035.14,8165.701,1639225499999,32937745.35303,10450,4587.130,18505130.32883,0
1639225500000,4035.13,4041.75,4031.25,4032.27,4026.198,1639225799999,16254786.60538,7326,2230.830,9008375.21296,0
1639225800000,4032.27,4035.90,4026.06,4029.20,2840.533,1639226099999,11446226.66094,5438,1226.931,4944666.01596,0
1639226100000,4029.20,4039.90,4028.62,4036.01,2256.254,1639226399999,9103351.23040,5572,1241.622,5009246.95766,0
1639226400000,4036.00,4047.30,4035.50,4047.14,2898.822,1639226699999,11716680.49574,6769,1762.437,7123882.24760,0
1639226700000,4047.13,4047.13,4033.39,4033.55,2693.540,1639226999999,10880859.04850,5630,706.116,2851835.80380,0
1639227000000,4033.55,4040.64,4033.55,4034.83,2419.687,1639227299999,9766421.66896,4267,1399.179,5647179.10703,0
1639227300000,4034.83,4040.95,4029.50,4036.37,2500.851,1639227599999,10090678.47369,4742,815.578,3291134.97096,0
1639227600000,4036.37,4042.55,4022.92,4023.87,3790.060,1639227899999,15279223.56441,7393,1094.412,4414619.72010,0
1639227900000,4023.86,4032.82,4022.63,4030.35,3098.788,1639228199999,12479620.24272,6022,1805.557,7271467.80259,0
1639228200000,4030.21,4062.00,4006.33,4012.70,29486.340,1639228499999,119019314.18120,33410,12847.488,51918638.93872,0
1639228500000,4012.83,4021.49,3991.80,4014.79,14911.910,1639228799999,59774200.97090,20854,6178.301,24782677.78415,0
1639228800000,4014.79,4031.60,4014.79,4031.28,4962.769,1639229099999,19964997.58084,7991,3585.661,14424722.59157,0
1639229100000,4031.28,4032.60,4022.25,4023.98,2970.498,1639229399999,11966121.30357,6114,1478.719,5957010.19292,0
1639229400000,4023.98,4036.18,4023.14,4033.24,3682.422,1639229699999,14837763.65482,6388,2196.109,8849670.65898,0
1639229700000,4033.24,4039.75,4029.03,4031.01,3332.782,1639229999999,13446620.94908,6276,1591.068,6420602.27246,0
1639230000000,4031.03,4031.03,4014.20,4015.63,3544.046,1639230299999,14257372.72197,5906,950.263,3824049.76053,0
1639230300000,4015.63,4020.25,4000.87,4001.14,7228.685,1639230599999,28974949.51651,10428,2931.495,11752653.99466,0
1639230600000,4001.11,4009.92,3995.99,4005.76,7383.698,1639230899999,29559494.70326,10146,4354.530,17437433.36443,0
1639230900000,4005.75,4013.63,4003.40,4008.76,3396.794,1639231199999,13617425.10539,5698,1585.461,6357289.60324,0
1639231200000,4008.75,4014.29,4002.22,4002.23,3595.534,1639231499999,14416319.51798,6012,1412.074,5663003.37077,0
1639231500000,4002.25,4005.00,3988.83,4000.45,9006.109,1639231799999,35995172.00246,12036,3636.461,14537516.21563,0
1639231800000,4000.44,4008.59,3994.79,4005.64,2469.882,1639232099999,9886024.96845,6070,1444.245,5781106.98675,0
1639232100000,4005.40,4010.75,4000.77,4008.62,2433.893,1639232399999,9753654.71571,4989,1512.993,6064173.65994,0
1639232400000,4008.69,4020.44,4008.01,4015.25,4803.683,1639232699999,19287887.01319,6978,2954.102,11861044.32110,0
1639232700000,4015.25,4015.25,4003.15,4009.17,3966.712,1639232999999,15897444.92596,5853,1679.873,6732665.99390,0
1639233000000,4009.17,4015.40,3998.38,3999.14,4219.568,1639233299999,16907726.24827,6091,1559.037,6249380.87252,0
1639233300000,3999.13,4010.00,3998.83,4009.99,1946.300,1639233599999,7795222.89406,4538,1041.188,4170262.49362,0
1639233600000,4010.00,4022.63,4009.99,4022.62,3401.846,1639233899999,13660229.23472,5597,2305.715,9259193.23135,0
1639233900000,4022.63,4034.00,4018.33,4033.56,8570.502,1639234199999,34512856.44398,10309,4545.223,18302756.78132,0
1639234200000,4033.55,4033.55,4020.76,4023.54,3784.817,1639234499999,15243694.23711,6268,1488.639,5995009.99994,0
1639234500000,4023.55,4031.61,4020.00,4026.73,2551.928,1639234799999,10269731.66957,4788,1290.454,5193718.72133,0
1639234800000,4026.51,4049.32,4025.62,4037.77,7920.919,1639235099999,32002782.16296,12608,4113.121,16619025.29956,0
1639235100000,4037.77,4041.87,4028.16,4031.08,3327.566,1639235399999,13421038.86748,6573,1349.054,5442432.97572,0
1639235400000,4031.08,4034.08,4020.77,4023.72,3782.547,1639235699999,15228368.79748,6771,1731.614,6972366.13703,0
1639235700000,4023.35,4034.84,4023.19,4034.11,2198.416,1639235999999,8857973.09374,5086,1267.935,5108698.93491,0
1639236000000,4033.99,4041.99,4027.63,4039.06,2763.640,1639236299999,11154865.82480,5883,1676.191,6765618.81306,0
1639236300000,4039.06,4040.20,4033.09,4037.46,1912.125,1639236599999,7719669.34067,4954,929.886,3754368.01171,0
1639236600000,4037.51,4050.07,4036.52,4044.95,4292.034,1639236899999,17354803.08181,7450,2476.444,10014799.66600,0
1639236900000,4044.69,4051.09,4037.67,4044.75,4454.552,1639237199999,18017410.62394,7622,2216.933,8967117.88524,0
1639237200000,4044.80,4045.25,4037.00,4039.31,3102.072,1639237499999,12537524.94096,5073,1224.916,4950490.57979,0
1639237500000,4039.32,4041.80,4032.64,4036.14,2790.506,1639237799999,11263415.11220,5773,1534.373,6193346.70191,0
1639237800000,4035.78,4041.34,4031.57,4031.57,2056.360,1639238099999,8301300.06390,4390,926.938,3742072.63792,0
1639238100000,4031.57,4058.86,4031.16,4056.69,5689.612,1639238399999,23026231.52369,8342,4129.069,16711393.48827,0
1639238400000,4056.32,4065.89,4043.70,4059.13,13188.525,1639238699999,53499462.49407,15460,6620.425,26860160.94393,0
1639238700000,4059.13,4084.69,4056.28,4058.00,14735.099,1639238999999,59964443.47701,20305,8329.327,33900370.63767,0
1639239000000,4058.01,4072.00,4051.91,4070.28,9097.997,1639239299999,36934493.75631,11279,4600.191,18678410.76876,0
1639239300000,4070.28,4086.00,4060.14,4079.87,13684.067,1639239599999,55767809.00112,15963,7536.833,30727890.93361,0
1639239600000,4079.87,4093.45,4074.38,4076.19,11011.970,1639239899999,44959478.91107,15085,5597.581,22860560.42981,0
1639239900000,4076.19,4092.51,4074.54,4081.07,7328.259,1639240199999,29935699.41159,12336,3861.431,15773915.84697,0
1639240200000,4081.53,4089.34,4070.29,4072.74,5428.872,1639240499999,22144102.50071,10235,2227.935,9088109.81256,0
1639240500000,4072.88,4086.90,4072.88,4084.66,3593.522,1639240799999,14661041.99397,7490,1861.877,7595622.89110,0
1639240800000,4084.78,4094.82,4078.80,4088.33,5227.984,1639241099999,21373049.56042,9735,2709.452,11079774.90484,0
1639241100000,4088.33,4088.33,4071.04,4074.97,6433.654,1639241399999,26235813.41906,9736,2162.160,8817820.25744,0
1639241400000,4074.97,4076.67,4067.02,4074.49,4224.720,1639241699999,17200111.31602,7431,2087.607,8500375.26866,0
1639241700000,4074.50,4077.87,4068.40,4073.50,2178.950,1639241999999,8873802.51839,4784,1071.534,4364447.90916,0
1639242000000,4073.50,4077.71,4061.53,4062.90,4704.138,1639242299999,19129611.80023,8152,1883.104,7658067.53080,0
1639242300000,4062.74,4075.70,4058.84,4070.87,3794.233,1639242599999,15431543.35135,7634,2000.395,8138211.86666,0
1639242600000,4070.86,4074.08,4064.15,4064.27,1939.221,1639242899999,7893628.64373,4663,996.871,4058265.54897,0
1639242900000,4064.26,4071.60,4061.82,4065.26,1890.121,1639243199999,7686739.63373,4189,894.042,3636537.79019,0
1639243200000,4065.20,4068.65,4060.48,4060.83,2026.624,1639243499999,8236348.98468,4641,908.592,3692998.32067,0
1639243500000,4060.84,4067.81,4056.11,4065.12,3049.242,1639243799999,12381321.90765,5422,1273.580,5172733.09578,0
1639243800000,4065.12,4070.69,4056.46,4057.20,3116.544,1639244099999,12661821.48631,5300,1627.157,6612332.96174,0
1639244100000,4057.19,4061.97,4046.25,4050.93,7081.022,1639244399999,28692344.85546,8369,2922.218,11842034.66294,0
1639244400000,4050.88,4054.93,4048.53,4053.00,2551.087,1639244699999,10334810.02390,5228,1523.883,6173501.98276,0
1639244700000,4053.00,4053.79,4036.76,4043.30,6427.714,1639244999999,25991970.89893,8853,2512.382,10161686.98513,0
1639245000000,4043.31,4045.00,4033.24,4035.76,2580.755,1639245299999,10422847.94223,5969,1121.692,4531356.16505,0
1639245300000,4035.76,4046.68,4033.84,4043.97,2620.008,1639245599999,10585110.95518,5414,1401.619,5663087.08451,0
1639245600000,4043.98,4050.00,4042.48,4047.17,2768.600,1639245899999,11200839.55495,5380,1563.891,6327296.85379,0
1639245900000,4047.18,4052.52,4040.44,4040.84,3354.870,1639246199999,13578821.75589,4884,1680.649,6803411.45987,0
1639246200000,4040.85,4045.63,4025.01,4030.01,5871.853,1639246499999,23677124.98251,8683,2266.740,9140452.17950,0
1639246500000,4030.00,4035.00,4022.00,4029.27,4711.264,1639246799999,18973488.97281,7205,1820.238,7333781.59022,0
1639246800000,4029.28,4033.89,4022.88,4024.23,1875.956,1639247099999,7553216.80145,4190,916.234,3688670.84935,0
1639247100000,4024.22,4029.99,4023.67,4028.55,1492.145,1639247399999,6008328.69399,3399,970.233,3906909.64963,0
1639247400000,4028.55,4040.00,4028.55,4032.81,3685.724,1639247699999,14874672.98596,4568,2322.166,9372392.07650,0
1639247700000,4032.80,4043.50,4032.80,4042.09,2567.895,1639247999999,10374948.72604,4090,1974.922,7979025.43863,0
1639248000000,4042.09,4047.33,4037.59,4039.20,2494.477,1639248299999,10086366.30453,4134,1515.447,6127794.01497,0
1639248300000,4039.21,4047.23,4038.57,4046.41,1484.520,1639248599999,6001022.52635,3745,884.230,3574638.46384,0
1639248600000,4046.32,4046.77,4039.21,4041.15,787.630,1639248899999,3183748.41195,2401,343.566,1388713.63587,0
1639248900000,4041.15,4041.15,4032.93,4037.00,1191.208,1639249199999,4807736.56252,3159,315.384,1272821.09694,0
1639249200000,4036.99,4039.69,4030.63,4034.13,1278.552,1639249499999,5157770.55871,3441,410.853,1657654.63900,0
1639249500000,4034.29,4043.50,4033.08,4038.09,1662.754,1639249799999,6714198.38728,3574,1036.715,4186937.08164,0
1639249800000,4038.09,4041.99,4036.60,4037.21,1070.633,1639250099999,4324341.08899,2605,435.178,1757946.72869,0
1639250100000,4037.21,4044.90,4033.09,4041.29,2122.176,1639250399999,8573221.09985,3751,1263.743,5105162.54281,0
1639250400000,4041.29,4046.00,4039.21,4043.61,737.076,1639250699999,2979325.69225,2300,410.285,1658482.68505,0
1639250700000,4043.61,4045.75,4034.31,4034.32,1904.394,1639250999999,7691967.62788,3503,757.151,3058764.86587,0
1639251000000,4034.31,4039.57,4024.20,4027.27,3006.037,1639251299999,12112335.12708,4754,799.482,3221714.49505,0
1639251300000,4027.28,4027.28,4015.03,4021.52,4914.409,1639251599999,19752148.23884,7295,1459.277,5865606.75424,0
1639251600000,4021.40,4026.27,4010.01,4012.84,5135.921,1639251899999,20633117.46795,7110,1572.750,6319407.47103,0
1639251900000,4012.57,4019.87,4012.34,4016.73,1200.488,1639252199999,4822994.63390,3399,584.146,2346698.85707,0
1639252200000,4016.74,4022.59,4005.01,4006.79,3858.372,1639252499999,15480529.07257,7067,1619.071,6497914.30061,0
1639252500000,4006.89,4009.00,3997.17,4002.41,6000.271,1639252799999,24019386.93030,9797,2385.716,9551145.94272,0
1639252800000,4002.61,4011.80,4000.30,4008.89,1672.735,1639253099999,6703068.53578,5062,995.915,3991223.69567,0
1639253100000,4008.89,4016.73,4008.41,4013.81,1764.014,1639253399999,7080182.88425,4290,1162.359,4665438.45658,0
1639253400000,4013.81,4017.51,4008.28,4012.36,1115.977,1639253699999,4478237.90790,4145,572.040,2295875.46354,0
1639253700000,4012.36,4015.50,4004.50,4014.86,1194.249,1639253999999,4790105.04516,3953,530.352,2127684.94540,0
1639254000000,4014.89,4014.90,4008.11,4013.44,1135.904,1639254299999,4557033.53447,3326,619.405,2485047.36593,0
1639254300000,4013.07,4020.81,4006.44,4019.17,2946.106,1639254599999,11829032.41101,5101,1905.487,7651782.71536,0
1639254600000,4019.17,4028.56,4010.45,4025.07,3356.139,1639254899999,13500449.24366,5659,2165.941,8713529.00011,0
1639254900000,4025.06,4029.65,4024.08,4028.07,1720.359,1639255199999,6927488.12031,3889,1089.168,4385753.49598,0
1639255200000,4028.07,4034.50,4026.54,4033.65,2403.729,1639255499999,9690230.72420,4623,1649.783,6651348.30854,0
1639255500000,4033.64,4033.64,4023.45,4024.52,1264.992,1639255799999,5093575.09978,3426,434.309,1748776.65910,0
1639255800000,4024.51,4027.31,4021.40,4027.31,1006.605,1639256099999,4050510.48792,2760,598.070,2406693.95404,0
1639256100000,4026.89,4028.55,4013.04,4013.04,1647.722,1639256399999,6623226.69308,3651,435.521,1750976.10740,0
1639256400000,4013.09,4017.47,4008.00,4008.56,2203.046,1639256699999,8838512.24377,4524,836.214,3355574.91666,0
1639256700000,4008.56,4009.54,4000.00,4006.28,3321.341,1639256999999,13297223.38228,6263,917.771,3675394.79166,0
1639257000000,4006.27,4009.67,4002.92,4006.93,1242.283,1639257299999,4976368.61773,3703,584.023,2339540.97459,0
1639257300000,4006.93,4014.16,4005.91,4012.90,1398.133,1639257599999,5608721.26050,3908,988.272,3964693.39244,0
1639257600000,4012.90,4019.82,4011.70,4019.76,1212.185,1639257899999,4868191.85613,3653,752.349,3021910.87522,0
1639257900000,4019.76,4021.00,4006.50,4007.50,1630.305,1639258199999,6543170.27443,4049,897.797,3603156.44141,0
1639258200000,4007.51,4010.49,3975.00,3980.26,6788.745,1639258499999,27111054.33615,11125,1563.129,6248554.48350,0
1639258500000,3980.26,3996.51,3976.10,3996.04,6843.207,1639258799999,27270738.97780,10118,3727.663,14857478.26962,0
1639258800000,3996.05,3996.98,3985.85,3995.25,2342.317,1639259099999,9345249.78339,4756,853.396,3405382.70390,0
1639259100000,3995.25,4007.28,3991.01,4003.23,3323.642,1639259399999,13295680.42737,5919,1892.199,7569410.24900,0
1639259400000,4003.22,4020.00,4001.36,4020.00,4113.159,1639259699999,16493569.41685,6315,2663.386,10683226.97499,0
1639259700000,4019.99,4028.96,4017.54,4026.18,6420.842,1639259999999,25835920.68618,8982,4083.789,16432516.35217,0
1639260000000,4026.37,4030.00,4021.36,4024.43,2778.845,1639260299999,11189188.73523,6099,1316.367,5300917.89048,0
1639260300000,4024.51,4026.13,4009.36,4016.63,3349.118,1639260599999,13452732.57270,5644,1160.631,4663586.55088,0
1639260600000,4016.64,4018.17,4012.04,4017.85,1607.401,1639260899999,6452767.70031,3567,1018.136,4087342.42292,0
1639260900000,4017.85,4022.18,4016.87,4019.29,1406.579,1639261199999,5654409.88955,3895,780.149,3136216.26202,0
1639261200000,4019.29,4019.29,4008.19,4015.84,1948.896,1639261499999,7819803.09111,4417,1042.218,4181005.32894,0
1639261500000,4015.84,4020.00,4013.20,4019.24,1625.764,1639261799999,6529696.33364,2971,922.772,3706511.57459,0
1639261800000,4019.23,4025.56,4018.03,4025.23,607.503,1639262099999,2442812.10600,3022,369.736,1486923.43933,0
1639262100000,4025.23,4040.72,4024.81,4038.45,4808.610,1639262399999,19405878.60555,7805,3450.734,13925205.87819,0
1639262400000,4038.47,4068.91,4038.47,4061.42,16068.646,1639262699999,65213993.63972,15117,10780.417,43748800.58470,0
1639262700000,4061.41,4061.41,4036.35,4038.83,6475.421,1639262999999,26193786.12591,7947,1778.372,7189421.67948,0
1639263000000,4038.83,4039.99,4032.26,4034.51,1572.861,1639263299999,6347750.34741,3029,470.570,1899003.98481,0
1639263300000,4034.51,4035.26,4023.00,4023.25,2956.265,1639263599999,11908357.65294,4105,740.086,2981384.40929,0
1639263600000,4023.26,4032.83,4016.32,4029.11,5093.444,1639263899999,20489996.59198,6605,2281.361,9180924.40207,0
1639263900000,4029.11,4048.00,4028.36,4044.70,4871.992,1639264199999,19682624.46396,5500,3780.223,15269850.35954,0
1639264200000,4044.70,4056.79,4033.90,4044.00,8947.004,1639264499999,36192266.39427,10389,4383.112,17739242.85769,0
1639264500000,4043.79,4060.00,4037.17,4052.11,7431.569,1639264799999,30107514.46190,8976,4519.251,18308067.41717,0
1639264800000,4052.38,4078.89,4047.28,4078.50,12228.164,1639265099999,49691847.46969,13926,7178.498,29168554.68898,0
1639265100000,4078.24,4084.60,4067.75,4080.00,10280.286,1639265399999,41904537.97441,13658,6023.714,24560622.30190,0
1639265400000,4080.00,4088.45,4070.69,4085.32,10692.471,1639265699999,43638929.85934,15086,5383.546,21975336.99923,0
1639265700000,4085.33,4093.12,4078.46,4078.46,6860.998,1639265999999,28039490.86838,11491,3180.231,12999224.67030,0
1639266000000,4078.47,4088.49,4066.61,4084.59,8284.316,1639266299999,33765093.89191,11272,3904.646,15919359.91052,0
1639266300000,4084.60,4087.87,4070.66,4077.62,3656.563,1639266599999,14917953.73805,6767,1576.998,6435246.87316,0
1639266600000,4077.62,4088.56,4074.70,4085.75,3248.872,1639266899999,13259255.33682,5813,1654.909,6755758.97136,0
1639266900000,4085.75,4090.32,4073.15,4089.81,4160.200,1639267199999,16987179.63826,6806,2464.489,10067632.23868,0
1639267200000,4088.86,4093.59,4080.10,4082.80,5164.065,1639267499999,21101430.47018,8697,2446.494,9997806.03665,0
1639267500000,4082.80,4098.09,4076.95,4085.21,5804.870,1639267799999,23731504.82118,9074,3413.201,13958183.01881,0
1639267800000,4085.03,4090.01,4078.41,4082.55,5453.063,1639268099999,22266082.09489,7682,2383.205,9732924.29573,0
1639268100000,4082.55,4092.36,4079.28,4089.00,2840.275,1639268399999,11602195.18648,5528,1738.535,7102919.99639,0
1639268400000,4088.99,4096.04,4082.55,4082.68,3367.705,1639268699999,13774022.54762,6375,1730.024,7077777.86834,0
1639268700000,4082.67,4085.82,4073.64,4082.31,3122.706,1639268999999,12744212.48270,5838,1643.068,6706269.86084,0
1639269000000,4082.30,4083.18,4066.61,4068.24,4763.293,1639269299999,19401000.79943,7408,1733.324,7059901.77677,0
1639269300000,4068.83,4074.75,4059.62,4062.37,5753.267,1639269599999,23387852.88920,9440,2613.146,10624721.76017,0
1639269600000,4062.38,4067.11,4056.02,4063.61,3176.407,1639269899999,12899880.33749,6536,1495.627,6075424.94399,0
1639269900000,4064.02,4067.05,4056.38,4057.15,2496.887,1639270199999,10141836.17957,5282,981.126,3985109.27420,0
1639270200000,4057.15,4059.14,4051.09,4056.78,3567.614,1639270499999,14467344.58880,5884,1798.699,7294444.61143,0
1639270500000,4056.78,4064.64,4056.06,4059.37,2286.868,1639270799999,9284358.20534,4610,1216.385,4939140.77643,0
1639270800000,4059.37,4071.68,4057.92,4064.15,3737.018,1639271099999,15188764.11885,6597,1933.189,7857664.13979,0
1639271100000,4064.07,4073.14,4063.36,4070.39,2014.660,1639271399999,8198639.60494,3959,1289.234,5246414.86957,0
1639271400000,4070.40,4070.40,4055.00,4060.60,1771.498,1639271699999,7194851.44019,5322,666.051,2704854.03595,0
1639271700000,4060.61,4070.00,4059.44,4065.70,2259.081,1639271999999,9183978.83330,4354,1325.418,5387564.08360,0
1639272000000,4065.70,4067.76,4030.10,4036.67,9917.203,1639272299999,40131474.13950,14250,3999.069,16180617.78239,0
1639272300000,4036.67,4044.58,4030.03,4043.61,3101.110,1639272599999,12518737.92892,6396,2084.845,8417220.90733,0
1639272600000,4043.44,4049.43,4036.40,4046.22,3819.857,1639272899999,15448360.92976,5270,2655.568,10742304.67947,0
1639272900000,4046.26,4048.62,4040.85,4044.71,1495.202,1639273199999,6049610.41617,3657,813.042,3289947.79273,0
1639273200000,4044.72,4049.80,4042.26,4048.15,1454.883,1639273499999,5887974.59350,3342,788.649,3191985.02244,0
1639273500000,4048.16,4049.04,4041.56,4047.20,1269.131,1639273799999,5134637.10367,3329,685.843,2774737.90480,0
1639273800000,4047.59,4048.22,4040.97,4044.26,1072.302,1639274099999,4337528.62001,2690,548.690,2219667.56014,0
1639274100000,4044.26,4045.60,4035.23,4035.77,4039.963,1639274399999,16318047.13276,4329,1605.450,6485395.30316,0
1639274400000,4035.80,4040.59,4030.00,4033.30,3652.164,1639274699999,14730298.91177,5714,1959.567,7902934.77140,0
1639274700000,4033.29,4044.64,4033.29,4038.16,1590.295,1639274999999,6425442.86164,3540,853.973,3450525.29602,0
1639275000000,4038.17,4039.87,4026.03,4029.60,3022.814,1639275299999,12185192.80079,5399,773.090,3117671.49308,0
1639275300000,4029.59,4045.33,4029.59,4037.97,4739.447,1639275599999,19149873.31989,6052,3297.197,13321314.65601,0
1639275600000,4037.97,4045.32,4035.38,4042.54,1877.227,1639275899999,7586084.65294,3269,1057.696,4274757.10211,0
1639275900000,4042.54,4050.31,4041.42,4044.53,1683.842,1639276199999,6813950.57962,3735,1087.259,4399894.37503,0
1639276200000,4044.53,4048.62,4040.03,4044.13,1678.989,1639276499999,6789127.04923,3133,944.055,3817301.39141,0
1639276500000,4044.12,4045.46,4037.39,4042.50,1201.962,1639276799999,4857530.39976,2680,403.380,1630034.55042,0
1639276800000,4042.47,4051.48,4040.98,4051.47,1455.869,1639277099999,5891562.63265,3316,769.030,3112023.80753,0
1639277100000,4051.43,4053.11,4042.60,4044.37,1424.323,1639277399999,5764761.04694,3340,701.773,2840308.32869,0
1639277400000,4044.36,4045.74,4030.22,4035.63,2946.629,1639277699999,11891133.26013,4442,932.837,3764529.86814,0
1639277700000,4035.62,4037.86,4030.00,4032.98,1303.626,1639277999999,5257194.22139,2780,400.336,1614826.54776,0
1639278000000,4032.93,4038.91,4031.03,4036.21,1557.853,1639278299999,6285983.63638,3252,1067.018,4306006.84299,0
1639278300000,4036.21,4039.98,4032.29,4035.93,1293.324,1639278599999,5220716.12402,2715,839.583,3389500.43019,0
1639278600000,4035.93,4037.19,4032.00,4035.89,862.001,1639278899999,3477509.76664,2567,462.714,1866696.25248,0
1639278900000,4035.89,4036.96,4033.00,4036.41,1201.016,1639279199999,4845742.84126,2342,534.273,2155643.30612,0
1639279200000,4036.41,4044.19,4036.03,4041.59,1542.713,1639279499999,6234187.38349,2933,911.341,3682840.68729,0
1639279500000,4041.59,4048.00,4039.89,4044.10,1160.474,1639279799999,4692992.15854,2512,664.315,2686480.71425,0
1639279800000,4044.09,4048.62,4040.45,4045.21,1604.029,1639280099999,6489146.27566,3000,889.098,3597156.76994,0
1639280100000,4045.20,4048.26,4043.71,4047.40,906.042,1639280399999,3665572.60148,2252,517.843,2095121.14321,0
1639280400000,4047.40,4054.72,4044.77,4051.49,1813.219,1639280699999,7345962.32845,3467,1172.220,4748575.99099,0
1639280700000,4051.48,4053.00,4043.20,4043.67,1905.386,1639280999999,7709843.13706,3307,632.223,2558805.02081,0
1639281000000,4043.85,4046.39,4041.47,4043.10,970.903,1639281299999,3925698.32978,2879,565.728,2287435.44001,0
1639281300000,4043.10,4046.65,4040.44,4041.67,1134.219,1639281599999,4586150.45879,2525,570.209,2305979.83306,0
1639281600000,4041.67,4045.46,4031.03,4031.86,2273.799,1639281899999,9181781.71006,4523,691.194,2792035.31971,0
1639281900000,4031.86,4037.06,4029.00,4031.51,3328.228,1639282199999,13419854.26162,5461,1245.321,5022035.48518,0
1639282200000,4031.51,4039.00,4031.51,4031.85,1423.531,1639282499999,5744109.49818,3161,746.432,3012071.98345,0
1639282500000,4031.86,4040.94,4027.99,4039.75,2917.850,1639282799999,11765292.82739,4271,1461.131,5892566.69282,0
1639282800000,4039.75,4046.18,4036.70,4039.30,3382.187,1639283099999,13670084.20105,3918,2063.579,8340874.42243,0
1639283100000,4039.41,4042.79,4036.20,4040.37,786.525,1639283399999,3177256.77925,2566,461.343,1863684.88974,0
1639283400000,4040.37,4044.87,4034.09,4040.44,1446.690,1639283699999,5845422.65251,3032,685.364,2769902.42865,0
1639283700000,4040.44,4041.78,4033.50,4037.40,1556.994,1639283999999,6285012.18144,3034,984.667,3974746.50396,0
1639284000000,4037.41,4043.38,4028.55,4029.85,2835.057,1639284299999,11439518.66100,4930,766.848,3095924.35690,0
1639284300000,4029.84,4032.50,4008.00,4012.00,10333.899,1639284599999,41522206.62366,14381,3527.217,14173419.92915,0
1639284600000,4012.00,4016.46,4001.79,4014.74,5890.504,1639284899999,23612956.13490,9411,1882.976,7552546.36968,0
1639284900000,4014.99,4017.95,4008.66,4012.98,3801.331,1639285199999,15258248.29727,5666,2109.237,8467563.38832,0
1639285200000,4012.98,4027.45,4010.82,4025.69,4065.590,1639285499999,16347616.05704,6200,2673.939,10752401.81781,0
1639285500000,4025.70,4030.22,4022.57,4028.80,2945.717,1639285799999,11861716.10487,4113,1359.342,5474498.36822,0
1639285800000,4028.80,4032.34,4026.80,4027.75,2209.437,1639286099999,8904542.66715,3836,1024.568,4129487.75067,0
1639286100000,4027.76,4034.26,4025.60,4032.51,1540.154,1639286399999,6206730.89336,3428,977.468,3939576.67537,0
1639286400000,4032.83,4044.92,4029.81,4041.56,6641.929,1639286699999,26832755.31264,7012,4885.938,19739268.54414,0
1639286700000,4041.56,4041.93,4031.44,4035.13,3649.275,1639286999999,14729756.24173,5106,1697.371,6852141.16757,0
1639287000000,4035.12,4043.84,4031.67,4042.67,2753.916,1639287299999,11126614.89456,4450,1746.145,7054386.40539,0
1639287300000,4042.49,4043.00,4035.90,4038.70,1123.263,1639287599999,4537472.41097,3029,631.220,2550091.91755,0
1639287600000,4038.96,4047.38,4036.05,4037.99,4757.262,1639287899999,19228109.98255,5790,2187.040,8841649.37143,0
1639287900000,4038.00,4041.50,4033.00,4035.31,1348.777,1639288199999,5444111.64376,3376,530.489,2141495.15738,0
1639288200000,4035.32,4037.77,4030.28,4032.04,1156.633,1639288499999,4664843.25465,2904,563.985,2274788.01852,0
1639288500000,4032.03,4036.34,4025.76,4035.95,2049.502,1639288799999,8260238.78690,3766,1060.140,4273472.50601,0
1639288800000,4035.48,4047.72,4032.01,4037.90,4901.979,1639289099999,19811444.89407,6538,2778.036,11227074.17601,0
1639289100000,4037.89,4046.98,4037.89,4042.96,2026.673,1639289399999,8194455.57538,3986,1371.415,5544367.31154,0
1639289400000,4042.96,4049.24,4040.85,4047.61,1557.403,1639289699999,6301238.02348,3679,776.485,3141902.28405,0
1639289700000,4047.16,4057.61,4042.43,4045.00,4221.703,1639289999999,17095375.49311,5811,2183.434,8844597.85017,0
1639290000000,4045.00,4050.14,4041.26,4046.65,1658.448,1639290299999,6709866.43858,3377,919.993,3722519.35318,0
1639290300000,4046.65,4046.80,4040.71,4041.56,1546.635,1639290599999,6254217.69430,3044,577.453,2335160.22642,0
1639290600000,4041.65,4046.64,4041.29,4044.94,837.714,1639290899999,3387802.44307,2618,491.615,1988138.64253,0
1639290900000,4044.95,4047.80,4042.89,4043.50,662.973,1639291199999,2681542.47652,2257,350.953,1419574.87595,0
1639291200000,4043.50,4056.44,4043.50,4055.53,3834.887,1639291499999,15543228.36198,5002,2894.176,11730538.82078,0
1639291500000,4055.52,4056.86,4047.52,4050.87,1479.104,1639291799999,5993917.53088,3795,822.850,3334604.09514,0
1639291800000,4050.87,4054.95,4049.64,4051.14,717.030,1639292099999,2905260.50840,2932,439.286,1779999.88704,0
1639292100000,4051.08,4057.65,4047.14,4053.52,1550.512,1639292399999,6281446.52656,3445,776.749,3147713.61271,0
1639292400000,4053.51,4056.00,4046.00,4047.13,1777.372,1639292699999,7200864.44279,4438,628.795,2548233.84708,0
1639292700000,4047.13,4050.00,4042.22,4048.38,1912.080,1639292999999,7733937.51192,4035,526.036,2128272.23308,0
1639293000000,4048.37,4049.79,4043.62,4043.76,722.094,1639293299999,2922247.46780,3513,369.953,1497412.19316,0
1639293300000,4043.77,4052.05,4043.70,4051.15,1336.713,1639293599999,5410976.17957,3166,820.533,3321571.63440,0
1639293600000,4051.16,4052.75,4046.30,4052.21,858.540,1639293899999,3477212.83633,2853,405.529,1642547.10314,0
1639293900000,4052.22,4061.70,4051.24,4057.96,3968.347,1639294199999,16102283.21744,5719,2678.089,10866738.00982,0
1639294200000,4058.23,4058.35,4050.80,4052.81,1960.974,1639294499999,7949646.01465,4059,986.991,4001133.58393,0
1639294500000,4052.80,4057.61,4052.80,4057.61,695.454,1639294799999,2820073.67496,2622,446.096,1808912.91407,0
1639294800000,4057.61,4058.36,4048.62,4054.75,1855.096,1639295099999,7517236.64255,3594,600.106,2431664.05806,0
1639295100000,4054.88,4059.66,4051.36,4052.17,1638.140,1639295399999,6642279.34304,3590,892.610,3619326.03681,0
1639295400000,4052.17,4052.60,4047.39,4050.01,2096.625,1639295699999,8490256.53776,3909,724.720,2935068.29447,0
1639295700000,4050.48,4055.96,4050.01,4054.70,1066.598,1639295999999,4323434.34995,3043,598.704,2426907.68538,0
1639296000000,4054.69,4059.60,4047.50,4049.49,2903.951,1639296299999,11769462.96958,4435,1356.561,5499537.22439,0
1639296300000,4049.50,4052.49,4045.12,4050.00,2966.755,1639296599999,12010543.94644,4390,853.620,3456009.46824,0
1639296600000,4049.99,4055.39,4048.30,4053.97,1617.981,1639296899999,6558433.10902,3288,1137.849,4612557.29729,0
1639296900000,4053.97,4055.90,4047.77,4048.60,1536.063,1639297199999,6224488.97699,3109,361.470,1465414.00114,0
1639297200000,4048.60,4050.88,4043.44,4044.23,1559.684,1639297499999,6312716.42778,2947,524.276,2122453.58469,0
1639297500000,4044.22,4044.30,4036.68,4037.12,3264.118,1639297799999,13187999.75500,5418,1217.760,4920550.69024,0
1639297800000,4037.13,4037.53,4028.29,4031.42,3897.540,1639298099999,15713961.04034,6630,1505.692,6070275.01530,0
1639298100000,4031.66,4032.10,4017.54,4017.59,6116.202,1639298399999,24610261.61830,8403,1888.193,7600050.92731,0
1639298400000,4017.59,4018.76,4005.00,4012.61,11373.533,1639298699999,45625669.83747,12744,4956.651,19887963.90743,0
1639298700000,4012.64,4015.00,3994.51,4008.49,13494.991,1639298999999,54023091.46024,16158,5683.419,22755348.12639,0
1639299000000,4008.49,4015.50,4007.11,4010.71,3647.016,1639299299999,14630142.81819,5754,2521.606,10115709.57496,0
1639299300000,4010.71,4015.91,4007.90,4009.78,4163.287,1639299599999,16706647.65530,5031,2430.414,9755506.45153,0
1639299600000,4009.40,4016.90,4007.07,4016.90,2599.788,1639299899999,10431609.94489,5351,1545.241,6200794.38711,0
1639299900000,4016.90,4022.80,4016.25,4016.53,3234.259,1639300199999,13000342.83489,5799,2155.961,8666121.28494,0
1639300200000,4016.52,4017.12,4002.43,4008.12,4893.877,1639300499999,19621240.67035,6869,1192.900,4785298.90838,0
1639300500000,4008.11,4017.13,4002.00,4015.81,3683.249,1639300799999,14763642.43894,7184,2016.462,8084988.50264,0
1639300800000,4015.81,4026.54,4013.39,4021.34,4000.229,1639301099999,16082617.39034,6525,2707.318,10886149.71113,0
1639301100000,4021.33,4021.33,4013.78,4017.10,2114.949,1639301399999,8495110.90271,4467,703.866,2827279.05117,0
1639301400000,4017.10,4017.10,4010.90,4013.44,2343.453,1639301699999,9406440.20044,4262,945.545,3795471.20886,0
1639301700000,4013.44,4015.40,4005.76,4007.71,1513.483,1639301999999,6068546.48815,4141,484.962,1944521.84145,0
1639302000000,4007.70,4008.03,4003.32,4006.76,1800.379,1639302299999,7212267.17760,4728,806.011,3228958.90547,0
1639302300000,4006.76,4009.50,3990.72,4008.23,10580.744,1639302599999,42318099.99908,12599,4390.761,17564642.31396,0
1639302600000,4008.24,4017.95,4004.89,4005.13,5251.014,1639302899999,21068699.27210,6699,2448.745,9826427.32009,0
1639302900000,4005.32,4007.70,4000.00,4002.31,2871.981,1639303199999,11495639.84625,4907,1343.204,5376424.51398,0
1639303200000,4002.31,4009.91,3999.33,3999.59,2838.376,1639303499999,11367348.03263,5220,1307.485,5237600.81088,0
1639303500000,3999.59,4002.71,3990.01,3992.12,5431.125,1639303799999,21695852.43186,8404,2617.746,10456347.39400,0
1639303800000,3992.13,3998.21,3985.00,3994.62,5976.708,1639304099999,23847732.31905,10561,2364.065,9434464.34424,0
1639304100000,3994.61,4002.04,3991.60,4002.04,3074.458,1639304399999,12287663.72210,5679,2072.008,8282683.85544,0
1639304400000,4002.03,4008.96,4000.00,4006.94,3186.948,1639304699999,12764782.14695,6529,1789.716,7168738.74315,0
1639304700000,4006.93,4013.04,4006.67,4009.04,3011.224,1639304999999,12073821.38869,5730,1454.027,5830598.35066,0
1639305000000,4009.03,4015.00,4005.24,4005.29,2538.105,1639305299999,10180148.83550,5464,1126.150,4517502.22509,0
1639305300000,4005.28,4009.77,3997.52,4003.44,2923.623,1639305599999,11702706.23900,5549,1043.467,4176910.17502,0
1639305600000,4003.43,4008.52,4002.14,4008.40,1374.712,1639305899999,5506001.20052,3431,836.512,3350427.83186,0
1639305900000,4008.47,4009.77,4001.37,4007.89,1248.733,1639306199999,5001935.37554,3434,660.088,2644124.00211,0
1639306200000,4007.96,4007.96,3998.02,4001.65,1663.474,1639306499999,6657973.74007,3268,605.749,2424097.04681,0
1639306500000,4001.65,4012.21,4001.31,4010.99,2249.342,1639306799999,9015388.69902,3451,1644.179,6591149.59252,0
1639306800000,4010.99,4019.79,4006.65,4008.55,5698.244,1639307099999,22876658.95574,8472,3024.154,12144387.73563,0
1639307100000,4008.55,4011.82,4003.48,4010.89,2249.931,1639307399999,9015140.14371,4036,993.544,3981396.67319,0
1639307400000,4010.85,4016.09,4008.55,4012.05,1859.584,1639307699999,7462234.21327,4097,1074.570,4312045.36862,0
1639307700000,4012.04,4023.98,4010.59,4020.94,4709.091,1639307999999,18930682.42744,6457,2936.344,11804622.10663,0
1639308000000,4021.30,4028.58,4020.81,4024.48,3847.577,1639308299999,15488908.37735,6384,1882.812,7579895.29220,0
1639308300000,4024.49,4026.21,4018.15,4021.62,2724.249,1639308599999,10956288.97565,4468,962.866,3872773.66363,0
1639308600000,4021.62,4027.50,4017.50,4023.27,2388.821,1639308899999,9608774.81509,4654,1034.575,4161294.65783,0
1639308900000,4023.27,4024.89,4018.52,4024.41,923.260,1639309199999,3713527.02925,3212,433.299,1742803.63261,0
1639309200000,4024.42,4048.78,4023.08,4043.26,13838.823,1639309499999,55865060.14839,13872,9787.350,39508634.35847,0
1639309500000,4043.09,4058.54,4040.46,4041.26,18780.097,1639309799999,76063418.11530,17410,10515.700,42602264.02179,0
1639309800000,4041.27,4042.11,4030.22,4033.95,5295.585,1639310099999,21372638.87021,7644,2203.011,8892290.01449,0
1639310100000,4033.95,4037.80,4028.58,4035.13,3893.435,1639310399999,15704788.00974,5512,2168.462,8749244.51142,0
1639310400000,4035.13,4041.90,4033.08,4035.43,3504.719,1639310699999,14150429.83973,6847,1856.561,7496421.90613,0
1639310700000,4035.43,4036.96,4025.00,4030.02,4056.705,1639310999999,16340113.99000,7069,1850.292,7453281.84385,0
1639311000000,4030.00,4046.98,4029.80,4037.99,5320.025,1639311299999,21480579.97134,9222,2939.409,11870455.61701,0
1639311300000,4037.98,4048.62,4030.69,4043.72,4595.924,1639311599999,18570298.70998,7314,2795.160,11294567.28428,0
1639311600000,4043.73,4051.00,4043.52,4047.50,3909.087,1639311899999,15823244.40731,7204,1586.673,6422882.33426,0
1639311900000,4047.50,4057.61,4043.45,4053.84,4453.739,1639312199999,18039802.08269,7972,2562.931,10382584.20355,0
1639312200000,4053.84,4057.46,4045.02,4047.17,3961.140,1639312499999,16042597.94960,7704,1748.517,7082980.25662,0
1639312500000,4047.17,4048.00,4037.02,4038.26,4115.158,1639312799999,16629411.26753,6913,1421.005,5742311.21100,0
1639312800000,4038.26,4040.20,4033.90,4038.33,3873.034,1639313099999,15634764.74995,6203,1390.889,5615089.70147,0
1639313100000,4038.05,4041.61,4033.59,4038.40,3436.779,1639313399999,13878680.51030,5930,1396.186,5638726.86175,0
1639313400000,4038.40,4039.99,4031.21,4031.84,2323.647,1639313699999,9376289.61200,4709,1011.503,4081956.79860,0
1639313700000,4031.84,4035.16,4030.00,4033.47,2534.800,1639313999999,10219837.45039,4335,1093.176,4407991.38663,0
1639314000000,4033.48,4041.52,4030.82,4039.48,2860.977,1639314299999,11551502.35938,4859,1723.068,6957592.77295,0
1639314300000,4039.48,4053.11,4038.80,4046.75,4965.001,1639314599999,20092125.11043,7316,2949.398,11937197.09102,0
1639314600000,4046.76,4049.43,4043.00,4045.02,2657.038,1639314899999,10751766.88624,5227,1309.161,5297610.24964,0
1639314900000,4045.02,4049.49,4038.80,4040.84,2975.168,1639315199999,12029639.06171,5007,1542.070,6235725.67110,0
1639315200000,4040.84,4042.00,4035.12,4035.91,1372.884,1639315499999,5543802.11340,4006,633.645,2558750.66194,0
1639315500000,4035.91,4036.76,4031.00,4034.07,2766.707,1639315799999,11158567.17476,5202,1153.574,4652529.34611,0
1639315800000,4034.07,4037.99,4030.23,4036.38,2338.111,1639316099999,9433266.66768,5312,1307.485,5275820.32822,0
1639316100000,4036.38,4040.00,4024.60,4028.45,5317.714,1639316399999,21429581.62140,8575,2114.753,8522338.42541,0
1639316400000,4028.46,4035.94,4026.73,4033.24,2538.070,1639316699999,10230100.06755,4783,1530.734,6170309.59490,0
1639316700000,4033.23,4033.24,4025.89,4027.21,2007.568,1639316999999,8087693.67468,4552,740.848,2984970.22898,0
1639317000000,4027.31,4029.73,4025.04,4028.05,1718.643,1639317299999,6920470.54001,3754,707.137,2847577.02261,0
1639317300000,4028.05,4047.78,4026.07,4043.35,6635.526,1639317599999,26794715.52732,7177,4437.142,17916908.08588,0
1639317600000,4043.35,4049.00,4034.90,4039.73,5462.154,1639317899999,22067933.84886,7372,2019.182,8159674.72666,0
1639317900000,4039.73,4048.99,4037.94,4047.86,7049.786,1639318199999,28504632.34169,6791,3988.408,16126773.89327,0
1639318200000,4047.86,4054.63,4044.74,4051.38,4882.619,1639318499999,19774325.85987,8168,2806.679,11367902.46523,0
1639318500000,4051.41,4053.00,4040.14,4041.76,3504.221,1639318799999,14179925.40440,6296,1122.555,4543708.74175,0
1639318800000,4041.82,4046.98,4035.57,4038.07,3453.940,1639319099999,13960189.29675,5405,1573.590,6361293.99285,0
1639319100000,4038.08,4040.12,4033.31,4035.48,2986.893,1639319399999,12057367.08637,5233,1503.264,6068857.43394,0
1639319400000,4035.30,4036.01,4028.79,4029.46,2669.864,1639319699999,10763774.73328,5269,905.203,3649819.25546,0
1639319700000,4029.46,4034.50,4024.08,4034.49,3796.743,1639319999999,15296917.97990,6123,1691.694,6817553.48422,0
1639320000000,4034.50,4041.30,4032.14,4039.99,2745.341,1639320299999,11082874.57942,4566,1525.708,6158556.07036,0
1639320300000,4040.00,4043.76,4035.30,4041.74,2868.474,1639320599999,11587488.66013,4445,1672.005,6755424.89092,0
1639320600000,4041.74,4050.20,4041.18,4042.11,3676.566,1639320899999,14877431.80220,5901,1844.930,7465538.14456,0
1639320900000,4042.11,4046.46,4041.42,4045.81,1335.032,1639321199999,5398260.11218,3288,801.330,3240393.82366,0
1639321200000,4045.81,4049.80,4036.00,4037.12,2662.881,1639321499999,10764425.53796,5575,1136.684,4596750.54620,0
1639321500000,4037.13,4040.00,4033.63,4035.74,2659.709,1639321799999,10734825.00150,4064,1372.735,5540931.50427,0
1639321800000,4035.73,4037.50,4031.71,4036.82,1893.537,1639322099999,7639458.70053,3987,906.973,3659496.08137,0
1639322100000,4036.81,4037.49,4030.11,4033.34,2817.249,1639322399999,11362047.01877,4355,1566.719,6318510.64671,0
1639322400000,4033.35,4042.32,4033.11,4038.58,1751.493,1639322699999,7074794.20520,4315,986.720,3985761.88303,0
1639322700000,4038.59,4039.72,4034.00,4034.96,1666.104,1639322999999,6725248.16246,3315,497.971,2010386.04608,0
1639323000000,4034.97,4036.78,4022.42,4023.37,4958.551,1639323299999,19976737.12774,6165,1302.083,5248146.92711,0
1639323300000,4023.27,4032.00,4022.58,4028.08,2590.262,1639323599999,10431726.04760,4389,1567.850,6314668.46605,0
1639323600000,4028.07,4031.71,4027.15,4027.23,1341.303,1639323899999,5404190.96998,2610,826.807,3331527.01838,0
1639323900000,4027.23,4027.81,4015.17,4019.00,7556.462,1639324199999,30377886.07280,8158,1459.176,5868068.21088,0
1639324200000,4018.99,4025.18,4013.66,4022.41,4773.824,1639324499999,19183569.26228,5598,1671.084,6718265.33388,0
1639324500000,4022.40,4025.93,4020.80,4022.75,1417.746,1639324799999,5704601.56310,3334,710.950,2860919.91049,0
1639324800000,4022.77,4032.52,4015.22,4032.10,4719.966,1639325099999,18994052.24748,6101,3249.894,13081373.23382,0
1639325100000,4032.30,4032.92,4020.23,4024.12,3037.019,1639325399999,12226917.44816,4706,1491.725,6006076.75392,0
1639325400000,4023.63,4026.41,4016.63,4018.73,3529.277,1639325699999,14187520.23274,5104,1589.069,6387701.52897,0
1639325700000,4018.79,4021.20,4016.00,4019.88,1728.463,1639325999999,6945452.52463,3559,780.159,3135089.99548,0
1639326000000,4019.88,4029.82,4018.51,4020.77,3520.034,1639326299999,14167044.92833,4937,2092.506,8422596.86907,0
1639326300000,4020.80,4029.84,4020.80,4026.33,1985.544,1639326599999,7995222.61870,3700,1299.377,5232081.99127,0
1639326600000,4026.33,4034.00,4026.09,4028.87,2485.190,1639326899999,10015955.49674,4540,1492.682,6015855.64450,0
1639326900000,4028.88,4035.92,4026.80,4035.91,2198.475,1639327199999,8867239.81075,3881,1374.640,5544638.76245,0
1639327200000,4035.91,4036.00,4030.24,4031.19,1363.883,1639327499999,5501672.87590,3210,615.200,2481761.96240,0
1639327500000,4031.19,4032.66,4025.02,4028.67,2412.785,1639327799999,9719488.08201,3675,1401.773,5646991.13309,0
1639327800000,4028.67,4035.55,4026.91,4035.21,1140.450,1639328099999,4596922.47615,3043,748.637,3017914.57572,0
1639328100000,4035.12,4042.75,4032.83,4041.72,4113.788,1639328399999,16613945.88165,5875,2456.471,9922290.02451,0
1639328400000,4041.71,4078.48,4041.50,4067.46,30339.500,1639328699999,123272386.39000,27566,18497.206,75144154.67350,0
1639328700000,4067.47,4077.96,4061.20,4072.47,14053.064,1639328999999,57197643.05904,16609,6747.466,27465107.71942,0
1639329000000,4072.47,4081.31,4070.94,4072.96,7880.808,1639329299999,32125788.61138,12558,3594.218,14654378.93187,0
1639329300000,4072.96,4085.70,4072.41,4075.93,6156.143,1639329599999,25107159.43984,11333,3152.488,12858694.00440,0
1639329600000,4075.92,4081.17,4068.44,4068.67,4055.923,1639329899999,16526145.14020,7445,1108.033,4516438.86008,0
1639329900000,4068.66,4072.60,4066.00,4066.78,3374.593,1639330199999,13728696.09414,6682,1525.640,6206803.10659,0
1639330200000,4066.79,4068.87,4055.57,4063.43,9133.254,1639330499999,37090168.02168,11132,3968.082,16117895.24676,0
1639330500000,4063.44,4070.41,4057.25,4070.14,4581.702,1639330799999,18619651.49352,7056,2668.997,10849864.82686,0
1639330800000,4070.26,4074.92,4066.03,4068.87,3716.563,1639331099999,15126724.26251,6417,1632.259,6644279.81794,0
1639331100000,4068.64,4079.42,4067.26,4075.37,4097.919,1639331399999,16694593.06359,7398,2510.011,10225567.72530,0
1639331400000,4075.25,4079.10,4072.08,4078.89,3070.595,1639331699999,12514664.90481,5428,1429.087,5825241.18791,0
1639331700000,4078.89,4087.70,4076.48,4082.98,5069.663,1639331999999,20695753.11323,8584,2962.105,12093881.84021,0
1639332000000,4082.98,4109.13,4082.98,4104.25,17988.073,1639332299999,73706699.96407,22562,12657.049,51865476.27880,0
1639332300000,4104.25,4124.14,4103.59,4122.29,14386.413,1639332599999,59214248.08195,21797,8113.585,33396855.21460,0
1639332600000,4122.28,4140.00,4120.31,4135.23,15822.291,1639332899999,65358342.84036,23980,8864.361,36618472.90761,0
1639332900000,4135.23,4155.00,4135.03,4138.77,20935.348,1639333199999,86792714.52374,26898,9801.165,40641493.37618,0
1639333200000,4138.81,4146.66,4135.18,4138.93,6477.108,1639333499999,26812986.05664,11232,3284.384,13596755.79364,0
1639333500000,4138.93,4147.65,4129.55,4142.43,10540.220,1639333799999,43610088.09368,12087,4884.699,20218229.20973,0
1639333800000,4142.42,4157.00,4142.42,4146.89,8610.323,1639334099999,35733862.92207,12866,3979.966,16520529.15929,0
1639334100000,4146.88,4148.57,4136.13,4144.15,7457.553,1639334399999,30894196.73255,8745,3566.288,14776571.51819,0
1639334400000,4144.14,4148.05,4140.41,4147.00,2762.273,1639334699999,11445719.93595,5431,1099.204,4555377.67323,0
1639334700000,4146.80,4147.39,4138.26,4141.20,3578.456,1639334999999,14817147.85153,6963,1294.897,5361988.35923,0
1639335000000,4141.21,4148.78,4140.10,4145.75,1874.941,1639335299999,7772196.53397,4787,1040.872,4314564.35891,0
1639335300000,4145.75,4157.30,4140.82,4148.51,7935.631,1639335599999,32933773.67954,9354,5322.454,22088426.97462,0
1639335600000,4148.52,4171.22,4148.52,4162.51,13014.340,1639335899999,54154057.17210,18465,8519.443,35456515.86250,0
1639335900000,4162.51,4162.53,4154.08,4157.23,3440.289,1639336199999,14304566.57708,6714,1244.977,5177427.93794,0
1639336200000,4157.22,4162.31,4153.12,4154.30,4737.623,1639336499999,19696021.64863,6694,3363.594,13984828.71590,0
1639336500000,4154.29,4161.34,4154.21,4155.01,2170.270,1639336799999,9021466.60638,6001,1093.026,4543839.87693,0
1639336800000,4155.01,4159.74,4150.00,4150.74,2138.095,1639337099999,8883047.54217,5207,767.376,3188783.74261,0
1639337100000,4150.74,4152.31,4138.17,4140.26,7412.943,1639337399999,30714019.34637,11007,3062.596,12689182.77636,0
1639337400000,4140.27,4148.67,4139.79,4143.92,3195.799,1639337699999,13247194.06552,5999,1802.585,7471918.71327,0
1639337700000,4143.92,4157.00,4143.50,4153.29,2969.571,1639337999999,12328157.96124,5596,1700.149,7058534.18882,0
1639338000000,4153.28,4155.75,4146.49,4150.14,2754.458,1639338299999,11434423.78248,4642,1428.454,5930421.74073,0
1639338300000,4150.14,4150.47,4140.00,4141.50,3218.105,1639338599999,13334233.86334,5232,1385.891,5742569.00897,0
1639338600000,4141.50,4146.20,4141.50,4143.57,1309.144,1639338899999,5424842.82175,3413,824.266,3415607.32048,0
1639338900000,4143.99,4147.24,4137.26,4139.60,2364.179,1639339199999,9788996.17241,4114,994.819,4119445.55634,0
1639339200000,4139.61,4149.80,4137.59,4146.92,4546.626,1639339499999,18837786.48235,6525,2885.981,11956451.96207,0
1639339500000,4146.92,4160.91,4145.59,4155.03,4957.375,1639339799999,20595843.49710,7145,3588.894,14911136.66127,0
1639339800000,4155.05,4161.64,4152.00,4154.74,2990.495,1639340099999,12432518.00981,5118,1223.251,5085821.59977,0
1639340100000,4154.67,4158.50,4154.04,4156.42,996.835,1639340399999,4143043.20820,3882,585.377,2432988.80451,0
1639340400000,4156.42,4167.97,4155.63,4167.96,3562.958,1639340699999,14835058.35843,6135,2648.661,11028132.29607,0
1639340700000,4167.96,4168.81,4161.58,4164.23,1995.983,1639340999999,8313913.67654,4350,853.083,3553564.37669,0
1639341000000,4164.23,4173.37,4163.00,4168.56,3845.103,1639341299999,16032505.01524,7395,2239.580,9339461.57014,0
1639341300000,4168.57,4169.54,4157.53,4158.01,2966.676,1639341599999,12348572.12185,4722,751.788,3129469.01204,0
1639341600000,4158.42,4161.86,4154.49,4155.86,1804.586,1639341899999,7503040.74871,3757,818.178,3402160.90542,0
1639341900000,4155.86,4155.91,4147.70,4153.39,2654.597,1639342199999,11022675.48810,4804,952.340,3955099.11028,0
1639342200000,4153.39,4155.15,4147.24,4148.38,2052.919,1639342499999,8520882.81320,4006,918.245,3811819.71865,0
1639342500000,4148.38,4150.88,4144.83,4148.02,2207.423,1639342799999,9155445.25913,3859,1000.961,4151383.25181,0
1639342800000,4148.02,4149.06,4137.53,4140.02,3970.959,1639343099999,16449891.52179,6237,1240.950,5141236.32402,0
1639343100000,4140.02,4144.13,4138.80,4142.52,1559.520,1639343399999,6459016.58228,4264,848.843,3515591.47963,0
1639343400000,4142.51,4151.26,4142.02,4149.41,3316.510,1639343699999,13756489.63412,4887,1886.042,7823981.27062,0
1639343700000,4149.41,4155.00,4148.11,4153.60,1858.176,1639343999999,7715451.25583,3823,1069.813,4442406.61743,0
1639344000000,4153.60,4154.48,4145.01,4150.45,1618.403,1639344299999,6714775.97185,3399,809.546,3358681.92991,0
1639344300000,4150.46,4150.46,4145.01,4149.26,928.814,1639344599999,3853175.75203,2820,459.666,1906825.17353,0
1639344600000,4149.26,4149.51,4138.40,4144.54,2135.536,1639344899999,8848367.64483,4221,976.654,4046613.45312,0
1639344900000,4144.61,4147.64,4135.00,4137.01,3471.037,1639345199999,14367911.65651,5212,1703.831,7054257.80004,0
1639345200000,4137.01,4137.01,4122.53,4132.52,5983.778,1639345499999,24715524.37063,8856,2023.955,8358846.12307,0
1639345500000,4132.52,4137.42,4128.03,4129.01,2413.705,1639345799999,9977980.25095,4313,1479.143,6114842.88079,0
1639345800000,4129.01,4130.81,4115.88,4121.19,5182.849,1639346099999,21360798.32816,7717,1747.600,7203522.92293,0
1639346100000,4121.20,4129.08,4120.15,4123.15,2346.069,1639346399999,9678502.57230,4499,1467.495,6054377.04440,0
1639346400000,4123.37,4127.99,4120.14,4121.92,2348.735,1639346699999,9684761.35261,3886,1391.606,5738441.27109,0
1639346700000,4121.92,4125.90,4114.83,4125.13,3187.215,1639346999999,13132840.31893,4709,1468.128,6051234.24085,0
1639347000000,4125.33,4134.35,4124.77,4131.01,1795.775,1639347299999,7415929.45341,4617,1028.614,4247791.80834,0
1639347300000,4131.02,4133.87,4126.14,4133.56,1904.958,1639347599999,7868132.48392,3829,1159.654,4790010.63767,0
1639347600000,4133.57,4133.57,4124.74,4131.56,2143.513,1639347899999,8848130.90209,3257,617.580,2549266.79407,0
1639347900000,4131.56,4135.99,4126.59,4127.56,1500.021,1639348199999,6197072.31989,3174,717.551,2964531.30289,0
1639348200000,4127.56,4132.41,4127.15,4131.57,708.070,1639348499999,2924473.42481,2503,479.391,1980165.44773,0
1639348500000,4131.56,4136.20,4130.76,4136.08,723.433,1639348799999,2990091.76396,2268,527.406,2179993.76248,0
1639348800000,4136.09,4144.08,4136.08,4140.88,1967.552,1639349099999,8147349.24016,4027,1293.657,5356640.76308,0
1639349100000,4140.87,4149.25,4138.85,4145.35,2389.942,1639349399999,9907338.29164,3930,1679.757,6962998.62150,0
1639349400000,4145.35,4151.43,4144.61,4145.01,2728.659,1639349699999,11318568.86058,3743,1605.291,6658134.27951,0
1639349700000,4145.01,4153.85,4142.02,4152.87,2221.002,1639349999999,9211569.25312,3802,1287.245,5339784.29830,0
1639350000000,4152.88,4160.91,4138.53,4148.43,6128.049,1639350299999,25432979.97141,8644,2922.320,12134501.65141,0
1639350300000,4148.42,4166.14,4147.88,4163.05,6713.364,1639350599999,27920357.63855,8861,4165.780,17322788.21233,0
1639350600000,4163.05,4165.73,4153.00,4153.84,2493.126,1639350899999,10369188.06228,4890,786.966,3274883.01438,0
1639350900000,4153.84,4154.15,4146.84,4149.52,2379.743,1639351199999,9876472.29969,4664,860.440,3570797.41089,0
1639351200000,4149.53,4151.18,4143.63,4143.64,2653.460,1639351499999,11002178.22586,4188,771.778,3201133.62693,0
1639351500000,4143.65,4153.16,4142.82,4150.07,2138.762,1639351799999,8870284.10096,3743,1532.251,6355303.88172,0
1639351800000,4150.07,4153.57,4134.39,4138.00,3695.626,1639352099999,15305196.02222,5292,1009.540,4184048.98192,0
1639352100000,4138.16,4141.04,4123.87,4131.68,5138.520,1639352399999,21232071.69445,6987,1297.933,5364538.32430,0
1639352400000,4131.68,4137.17,4124.85,4132.82,5236.859,1639352699999,21633674.91443,5270,1627.750,6726633.28836,0
1639352700000,4132.82,4136.79,4122.32,4127.88,3595.104,1639352999999,14839865.11470,5328,1760.339,7269333.65938,0
1639353000000,4127.88,4135.98,4127.62,4133.85,2109.764,1639353299999,8719533.97243,3879,1119.860,4628404.81524,0
1639353300000,4133.85,4135.99,4127.54,4129.00,1273.563,1639353599999,5261133.85872,3202,548.452,2265755.65690,0
1639353600000,4129.16,4140.01,4125.13,4138.81,5257.587,1639353899999,21732538.78379,7801,3085.931,12753644.21948,0
1639353900000,4138.80,4142.00,4127.66,4130.33,2784.198,1639354199999,11511156.02897,4600,1062.572,4394598.64342,0
1639354200000,4130.32,4138.39,4129.55,4136.49,1684.443,1639354499999,6964945.59999,3569,903.146,3734239.98549,0
1639354500000,4136.49,4139.58,4123.85,4128.93,2227.534,1639354799999,9199069.49960,5103,814.629,3365114.20790,0
1639354800000,4128.93,4131.30,4110.34,4121.09,7197.421,1639355099999,29660947.18949,10526,3362.368,13858133.31479,0
1639355100000,4120.89,4121.91,4100.00,4117.25,12370.579,1639355399999,50823680.45101,13537,5961.586,24492939.18632,0
1639355400000,4117.24,4117.24,4105.43,4110.80,2804.029,1639355699999,11524007.07319,5760,1311.104,5388875.76722,0
1639355700000,4110.79,4110.80,4091.05,4101.85,10617.853,1639355999999,43519389.64258,12490,4090.149,16771255.91403,0
1639356000000,4101.78,4106.96,4096.18,4103.87,3396.384,1639356299999,13929503.55216,5680,2302.543,9444058.39156,0
1639356300000,4103.87,4107.43,4091.01,4095.66,3139.081,1639356599999,12862034.13571,5744,1552.448,6361133.51783,0
1639356600000,4095.67,4096.58,4073.60,4076.48,10234.121,1639356899999,41804114.02110,13146,3934.687,16073993.59687,0
1639356900000,4076.40,4081.92,4051.17,4066.66,26292.078,1639357199999,106864374.18755,27078,12838.569,52179719.54100,0
1639357200000,4066.83,4067.11,4032.00,4048.85,26098.648,1639357499999,105566408.61929,31907,9678.770,39149869.60535,0
1639357500000,4048.85,4050.70,4019.60,4019.64,23406.234,1639357799999,94342433.11826,27694,10870.100,43810446.07247,0
1639357800000,4019.63,4022.54,3994.19,4009.09,24678.538,1639358099999,98897915.05263,36318,10920.774,43765568.33802,0
1639358100000,4009.08,4018.24,3994.60,4017.20,11906.089,1639358399999,47721962.30794,18542,7053.747,28280761.51480,0
1639358400000,4017.20,4017.45,4004.01,4012.43,6518.849,1639358699999,26148575.27263,10646,3085.501,12376201.40484,0
1639358700000,4012.47,4015.77,3980.12,3995.75,18359.253,1639358999999,73314818.42936,26870,5636.540,22506473.66061,0
1639359000000,3995.67,4011.00,3988.09,3999.03,14555.116,1639359299999,58211076.64815,14839,6144.752,24581471.32622,0
1639359300000,3999.03,4006.92,3988.83,3988.83,5959.123,1639359599999,23831525.74948,8658,1988.591,7958537.05751,0
1639359600000,3988.82,3989.13,3960.00,3982.76,22680.466,1639359899999,90165466.78039,33152,9575.873,38073335.74491,0
1639359900000,3982.76,3992.45,3980.01,3983.65,7352.573,1639360199999,29309571.39208,10841,3316.334,13221639.40635,0
1639360200000,3983.66,3990.04,3971.00,3971.00,6651.524,1639360499999,26472623.58859,10158,2267.937,9029086.39897,0
1639360500000,3971.01,3982.48,3963.10,3966.83,8214.357,1639360799999,32651126.96254,11881,4127.003,16411382.62463,0
1639360800000,3966.83,3983.61,3959.88,3978.00,12099.456,1639361099999,48057330.00729,18088,6354.640,25247080.59313,0
1639361100000,3978.01,3993.30,3978.00,3992.45,8203.645,1639361399999,32721533.62918,12020,4750.444,18945999.84891,0
1639361400000,3992.45,3992.63,3979.18,3985.00,4588.222,1639361699999,18285084.69093,8419,2374.811,9465194.62283,0
1639361700000,3984.99,3987.05,3974.01,3986.78,4317.454,1639361999999,17187485.77176,8224,2295.015,9138041.42900,0
1639362000000,3986.81,3992.05,3979.73,3980.00,3393.621,1639362299999,13532284.14144,7252,1933.494,7712213.78727,0
1639362300000,3979.93,3980.79,3974.03,3976.42,4657.257,1639362599999,18520611.35476,7240,2360.660,9387386.94738,0
1639362600000,3976.42,3981.50,3965.51,3965.67,6622.677,1639362899999,26308166.13561,9917,2666.636,10595086.98781,0
1639362900000,3966.15,3976.00,3950.17,3975.15,12633.776,1639363199999,50055112.62030,15603,5684.476,22532195.36232,0
1639363200000,3975.15,3981.00,3970.34,3972.67,4251.329,1639363499999,16903954.16287,6899,1944.672,7732399.91609,0
1639363500000,3972.48,3979.18,3970.82,3972.22,2669.364,1639363799999,10612009.83027,4889,1451.532,5770439.17347,0
1639363800000,3972.22,3978.48,3967.70,3978.48,2345.397,1639364099999,9318434.30012,4714,1380.762,5487030.88507,0
1639364100000,3978.47,3984.41,3975.18,3979.19,4675.509,1639364399999,18612084.63400,6540,2552.744,10161969.48318,0
1639364400000,3979.18,3979.18,3968.21,3974.21,3622.555,1639364699999,14394322.34421,5690,1558.100,6190919.81221,0
1639364700000,3974.21,3982.84,3974.20,3982.45,2516.762,1639364999999,10015632.35749,4723,1521.233,6053980.29194,0
1639365000000,3982.46,3990.78,3978.98,3988.84,4046.774,1639365299999,16128574.42896,5901,2842.525,11329937.64196,0
1639365300000,3988.83,3991.98,3977.23,3980.00,5192.072,1639365599999,20688110.33298,7347,1972.399,7859772.91319,0
1639365600000,3980.00,3983.30,3977.29,3982.81,1833.125,1639365899999,7295542.94455,4067,915.964,3645721.15087,0
1639365900000,3982.81,3992.00,3977.58,3991.76,4377.602,1639366199999,17449120.64755,6077,2741.159,10925930.28582,0
1639366200000,3991.76,4001.54,3988.28,3999.30,5631.991,1639366499999,22508366.57261,9349,3455.437,13809203.72210,0
1639366500000,3999.30,3999.61,3988.43,3999.39,5010.873,1639366799999,20012075.98412,6155,1467.438,5861283.52559,0
1639366800000,3999.18,4005.90,3997.10,4004.84,3184.562,1639367099999,12740864.75638,5846,1835.728,7345232.60381,0
1639367100000,4005.10,4005.32,3998.21,4002.89,2841.343,1639367399999,11370518.47087,4627,1199.092,4798730.53224,0
1639367400000,4002.90,4002.90,3990.86,3997.06,2106.218,1639367699999,8415561.74897,3785,770.828,3079568.99142,0
1639367700000,3997.06,3998.00,3990.96,3992.70,1757.212,1639367999999,7019948.26591,3940,771.314,3081488.13976,0
1639368000000,3992.87,3994.83,3985.21,3991.60,6701.441,1639368299999,26734723.39867,9723,2961.607,11816443.15317,0
1639368300000,3991.59,3996.00,3991.24,3994.99,1624.946,1639368599999,6490102.79662,4007,935.571,3736699.02994,0
1639368600000,3994.99,4008.88,3993.25,4008.87,2815.869,1639368899999,11266184.55799,5565,1803.915,7218855.63029,0
1639368900000,4008.87,4012.55,3998.49,3999.97,4786.086,1639369199999,19178526.19173,6695,2399.757,9619780.32902,0
1639369200000,3999.97,4010.77,3999.86,4005.44,2765.538,1639369499999,11082950.27130,4446,1924.297,7712139.34707,0
1639369500000,4005.44,4009.03,4002.11,4006.29,1405.533,1639369799999,5629874.37322,3945,613.011,2455342.90157,0
1639369800000,4006.29,4009.33,4002.60,4007.10,1478.125,1639370099999,5921711.97174,3743,836.456,3351214.92932,0
1639370100000,4007.10,4014.16,4003.32,4007.00,3100.984,1639370399999,12433238.63574,5310,1856.903,7446248.59146,0
1639370400000,4007.00,4015.77,4003.71,4014.03,3614.658,1639370699999,14497838.38080,5585,2513.680,10083411.46001,0
1639370700000,4014.03,4014.03,4006.92,4010.25,1441.980,1639370999999,5782219.29371,3886,535.795,2148426.97518,0
1639371000000,4010.25,4016.98,4005.91,4015.92,2330.309,1639371299999,9344043.56120,4285,1500.384,6017236.14130,0
1639371300000,4016.15,4018.81,4009.34,4015.03,5505.774,1639371599999,22103099.25691,7595,2597.803,10430374.29309,0
1639371600000,4014.98,4016.50,4007.73,4010.38,3341.117,1639371899999,13404219.79017,5391,1760.560,7064022.89402,0
1639371900000,4010.38,4012.00,4005.78,4011.74,1994.469,1639372199999,7994446.84736,3969,910.997,3651645.57845,0
1639372200000,4011.75,4011.75,4003.56,4007.51,1716.793,1639372499999,6878357.73126,4049,576.424,2309776.26467,0
1639372500000,4007.51,4013.85,4002.00,4013.77,1798.361,1639372799999,7206076.39035,4610,1036.658,4155076.66456,0
1639372800000,4013.76,4013.77,3996.87,3998.91,3456.130,1639373099999,13836330.53170,6146,841.259,3367399.85566,0
1639373100000,3998.92,3998.92,3989.50,3991.91,5267.139,1639373399999,21035291.16213,7386,2205.974,8810249.72854,0
1639373400000,3991.90,3997.05,3987.25,3994.04,3976.962,1639373699999,15870812.81541,6132,2302.718,9189836.10488,0
1639373700000,3994.02,3996.87,3990.45,3996.87,1401.096,1639373999999,5596556.39726,3636,625.983,2500557.78871,0
1639374000000,3996.87,4004.24,3996.87,4001.99,1665.190,1639374299999,6662194.68833,4336,994.521,3978772.64380,0
1639374300000,4002.00,4040.18,4002.00,4030.75,19383.906,1639374599999,78015330.14837,21494,12373.436,49780937.91605,0
1639374600000,4030.75,4043.91,4029.91,4034.23,12511.855,1639374899999,50516353.15594,15275,5938.990,23976474.98761,0
1639374900000,4034.22,4037.63,4030.69,4036.40,4032.108,1639375199999,16266671.02795,7035,2387.471,9632264.11629,0
1639375200000,4036.38,4036.38,4022.70,4025.92,5947.319,1639375499999,23961382.92776,8030,1603.662,6462378.44240,0
1639375500000,4025.93,4025.98,4021.01,4021.41,3423.377,1639375799999,13772050.58133,5257,2002.021,8053969.59243,0
1639375800000,4021.40,4024.00,4018.00,4023.05,3095.670,1639376099999,12448132.83945,5427,1557.402,6263367.57533,0
1639376100000,4023.05,4029.04,4020.19,4020.66,1687.583,1639376399999,6791811.38148,4605,821.250,3305628.47305,0
1639376400000,4020.66,4020.66,4007.00,4013.01,11728.010,1639376699999,47051966.42827,10378,4756.689,19080150.15594,0
1639376700000,4013.01,4016.17,3992.00,3998.00,11818.943,1639376999999,47276619.55571,13337,4691.779,18767713.65647,0
1639377000000,3998.08,3999.44,3980.00,3991.18,17909.542,1639377299999,71420143.34418,18921,7575.024,30205671.93117,0
1639377300000,3991.19,4003.72,3991.18,4001.18,4504.176,1639377599999,18006275.52804,6697,3051.802,12199187.87087,0
1639377600000,4001.18,4003.00,3990.84,3993.62,3281.294,1639377899999,13108445.83623,5636,1511.013,6036616.37227,0
1639377900000,3993.63,3995.21,3988.88,3990.83,2047.823,1639378199999,8173432.20982,5241,880.994,3516563.79748,0
1639378200000,3990.84,3993.48,3986.02,3986.62,2412.404,1639378499999,9623235.34209,4881,1169.454,4665394.49163,0
1639378500000,3986.62,3989.98,3980.48,3987.57,3232.808,1639378799999,12882896.12527,6082,1411.086,5623630.47192,0
1639378800000,3987.56,3997.25,3984.51,3991.01,4528.729,1639379099999,18073144.21522,6632,2017.464,8053063.49305,0
1639379100000,3991.00,3992.05,3980.30,3984.82,4999.050,1639379399999,19923725.70452,6529,2353.368,9379583.55719,0
1639379400000,3984.82,3992.85,3977.14,3985.00,6634.098,1639379699999,26436301.03777,8859,2807.883,11193389.69537,0
1639379700000,3985.00,4001.68,3984.20,3996.54,5744.668,1639379999999,22949227.73375,7569,2885.685,11526690.65540,0
1639380000000,3996.55,4005.00,3995.27,3995.66,4546.744,1639380299999,18188232.53450,5763,2364.454,9459294.38268,0
1639380300000,3995.66,4003.31,3991.70,4000.03,4007.558,1639380599999,16017779.36307,5129,2528.805,10108144.09777,0
1639380600000,4000.12,4006.60,3996.07,4002.44,2798.930,1639380899999,11204028.49109,5709,1694.174,6782251.71774,0
1639380900000,4002.44,4003.37,3989.25,3991.08,2379.838,1639381199999,9508216.50361,4547,766.391,3061756.03903,0
1639381200000,3991.09,3992.44,3970.35,3975.51,9140.270,1639381499999,36368357.67124,11959,3028.536,12050309.25347,0
1639381500000,3975.51,3982.60,3973.96,3976.97,4009.538,1639381799999,15953563.89198,6960,2363.696,9405239.85826,0
1639381800000,3976.97,3983.74,3974.37,3980.01,2496.052,1639382099999,9934861.45005,5670,1343.528,5348181.60327,0
1639382100000,3980.00,3987.22,3975.79,3985.03,2933.378,1639382399999,11684125.72486,5137,1371.864,5464982.08122,0
1639382400000,3985.21,3995.19,3983.03,3989.40,4346.879,1639382699999,17345193.79539,6862,2531.500,10101737.68338,0
1639382700000,3989.40,3996.28,3947.02,3990.00,24480.433,1639382999999,97236476.78102,27894,11297.965,44902772.71501,0
1639383000000,3989.99,4014.56,3989.64,4004.39,20802.381,1639383299999,83246714.37315,22096,10974.594,43927819.14241,0
1639383300000,4004.39,4015.80,3996.87,4010.47,12577.384,1639383599999,50414799.34065,13812,6673.497,26751238.48803,0
1639383600000,4010.46,4013.75,4003.36,4003.83,5197.242,1639383899999,20836715.27542,7337,2777.652,11136862.43321,0
1639383900000,4003.83,4006.44,3996.07,4001.73,5708.147,1639384199999,22835626.54389,6339,2339.503,9359115.90106,0
1639384200000,4001.98,4014.24,4001.72,4011.67,4663.688,1639384499999,18691166.51226,7120,2737.206,10970920.93040,0
1639384500000,4011.68,4014.41,4003.71,4008.48,3375.514,1639384799999,13532018.12944,5554,1344.575,5390534.19161,0
1639384800000,4008.48,4022.64,4008.48,4021.80,4692.079,1639385099999,18846491.62472,8187,2769.473,11125289.72144,0
1639385100000,4021.80,4021.81,4013.76,4019.26,2871.855,1639385399999,11538518.28083,6928,1348.977,5420287.60115,0
1639385400000,4019.27,4029.84,4014.89,4023.68,5619.676,1639385699999,22616085.63899,8090,3331.372,13408550.09910,0
1639385700000,4023.70,4026.70,4015.77,4017.94,3058.507,1639385999999,12297192.26226,4793,1133.666,4558991.74898,0
1639386000000,4017.94,4018.77,4010.54,4011.78,3345.716,1639386299999,13430178.58959,5646,1115.943,4480367.71876,0
1639386300000,4011.54,4011.99,3998.88,3998.89,6218.537,1639386599999,24908520.72197,7950,2143.682,8588675.50114,0
1639386600000,3998.89,4003.65,3995.67,3996.79,5594.004,1639386899999,22371721.22278,6860,2329.519,9317314.36212,0
1639386900000,3996.60,3997.97,3990.00,3995.30,3945.118,1639387199999,15752769.53180,7039,1478.556,5904119.97284,0
1639387200000,3995.30,4003.96,3995.02,4001.54,2800.306,1639387499999,11198368.57538,5074,1742.301,6967608.21898,0
1639387500000,4001.52,4001.52,3994.06,4000.49,1861.472,1639387799999,7441978.74713,3910,821.842,3286068.03742,0
1639387800000,4000.50,4000.79,3985.01,3989.24,5357.498,1639388099999,21378327.81073,7334,1871.300,7467065.75193,0
1639388100000,3989.24,3994.46,3986.82,3991.79,3106.418,1639388399999,12395122.16197,4697,1765.457,7045285.13688,0
1639388400000,3991.80,3996.41,3987.03,3993.95,2387.344,1639388699999,9526421.25731,4345,1495.632,5968414.83374,0
1639388700000,3993.96,3998.93,3990.72,3997.62,2464.134,1639388999999,9843960.10847,4513,1490.664,5955042.48077,0
1639389000000,3997.62,4000.09,3994.72,3998.59,1824.930,1639389299999,7295892.51940,3462,746.295,2983772.49856,0
1639389300000,3998.58,3999.83,3993.81,3997.78,1396.417,1639389599999,5581057.39762,3115,598.408,2391653.82897,0
1639389600000,3997.77,4007.72,3995.27,4001.86,4434.224,1639389899999,17745496.45137,5713,3138.536,12561287.82359,0
1639389900000,4001.84,4001.86,3981.99,3994.06,5758.147,1639390199999,22976009.52955,7757,1740.737,6947846.87882,0
1639390200000,3994.05,3998.48,3989.23,3991.80,2493.923,1639390499999,9962580.80941,4677,842.726,3366868.43840,0
1639390500000,3991.80,3995.89,3985.19,3988.62,2660.414,1639390799999,10614318.81326,4886,1120.459,4470737.02227,0
1639390800000,3988.61,3988.85,3977.00,3982.56,6908.397,1639391099999,27502313.41333,9673,2819.226,11222941.08430,0
1639391100000,3982.56,3985.99,3978.29,3982.40,2240.124,1639391399999,8920673.12075,4869,1157.031,4607844.46694,0
1639391400000,3982.41,3994.86,3980.86,3988.44,3882.795,1639391699999,15490650.96647,6287,2007.853,8010668.24743,0
1639391700000,3988.44,3992.99,3980.56,3991.50,4714.319,1639391999999,18798492.50158,6759,2333.589,9307045.38869,0
1639392000000,3991.51,3995.00,3990.11,3993.69,1707.983,1639392299999,6820112.41099,4283,1013.307,4046213.25470,0
1639392300000,3993.70,4002.07,3992.06,3993.66,3591.507,1639392599999,14360424.80815,5763,2039.480,8154779.04737,0
1639392600000,3993.67,3996.58,3986.56,3990.43,2115.412,1639392899999,8442262.30155,4141,624.517,2492786.04827,0
1639392900000,3990.43,3996.46,3988.83,3992.86,1582.999,1639393199999,6321050.33060,2926,968.250,3866793.72288,0
1639393200000,3992.85,4000.00,3985.62,3996.99,3291.637,1639393499999,13141249.54716,5463,1694.351,6766215.23880,0
1639393500000,3997.18,4006.92,3994.06,4003.10,3512.791,1639393799999,14054136.88787,5770,2018.862,8077479.91286,0
1639393800000,4003.11,4006.52,3997.68,4004.37,2342.659,1639394099999,9375986.30968,4634,1311.828,5250846.07224,0
1639394100000,4004.38,4011.35,4000.73,4008.53,3322.289,1639394399999,13311273.57001,7236,1856.066,7437139.80068,0
1639394400000,4008.52,4009.70,4004.92,4007.28,2036.194,1639394699999,8159746.07485,4902,930.265,3728192.85590,0
1639394700000,4006.98,4007.46,3996.87,3998.32,3071.290,1639394999999,12289731.34476,5538,921.529,3688096.61666,0
1639395000000,3998.32,4008.53,3997.61,4007.73,2689.396,1639395299999,10770175.51970,5578,1746.490,6994111.44786,0
1639395300000,4007.73,4008.53,4004.51,4007.73,1236.919,1639395599999,4956224.37430,4115,696.425,2790658.99543,0
1639395600000,4007.73,4008.00,4001.00,4004.53,1424.448,1639395899999,5703317.73800,3693,709.742,2841913.27079,0
1639395900000,4004.51,4008.53,3999.31,4001.99,1889.061,1639396199999,7560920.53951,4815,930.931,3726693.47685,0
1639396200000,4002.00,4004.85,3998.08,4002.07,1368.483,1639396499999,5475195.38849,3753,650.375,2602365.86535,0
1639396500000,4002.10,4013.00,4001.39,4009.46,3389.404,1639396799999,13589921.36632,6402,1943.838,7793933.19991,0
1639396800000,4009.45,4010.95,4005.00,4005.71,2465.738,1639397099999,9881831.19922,5067,1102.154,4416957.44899,0
1639397100000,4005.72,4014.97,4005.00,4010.91,2110.605,1639397399999,8465167.03892,5268,1249.813,5012579.04585,0
1639397400000,4010.90,4015.32,4005.72,4014.87,3508.817,1639397699999,14074179.55686,5999,1841.600,7386050.72863,0
1639397700000,4014.87,4018.69,4010.00,4010.53,4869.049,1639397999999,19549701.38170,7474,1970.698,7914020.51429,0
1639398000000,4010.52,4016.49,4006.41,4013.19,2835.185,1639398299999,11373180.20390,6262,1467.423,5887131.35437,0
1639398300000,4013.20,4013.20,4000.00,4000.16,3813.343,1639398599999,15272406.10913,7190,1379.334,5524787.51257,0
1639398600000,4000.14,4001.94,3994.38,3995.21,4308.251,1639398899999,17225177.01070,7402,1652.751,6608499.07747,0
1639398900000,3995.22,3997.15,3988.13,3988.86,3824.876,1639399199999,15269714.70320,6494,1645.915,6572150.32605,0
1639399200000,3988.87,3994.70,3986.00,3990.65,3745.431,1639399499999,14945455.54440,6222,2075.868,8284056.21307,0
1639399500000,3990.65,3993.41,3982.68,3990.68,5180.491,1639399799999,20654505.02447,8148,2011.922,8022647.33093,0
1639399800000,3990.68,3995.58,3984.75,3987.65,3851.244,1639400099999,15370459.38617,5910,1889.058,7541457.19229,0
1639400100000,3987.64,3990.99,3984.54,3987.37,2462.319,1639400399999,9818783.58194,5438,1033.212,4120627.07676,0
1639400400000,3987.38,3995.86,3981.14,3993.38,4820.792,1639400699999,19227676.69634,7913,3026.473,12073816.61451,0
1639400700000,3993.43,3995.75,3982.78,3984.92,4501.434,1639400999999,17960650.24757,6942,1570.328,6267847.44052,0
1639401000000,3984.92,3990.95,3978.34,3982.79,6886.460,1639401299999,27432742.38385,10151,2983.619,11887464.06972,0
1639401300000,3982.79,3986.36,3970.00,3973.35,9059.419,1639401599999,36022488.40201,12674,3833.368,15242832.56316,0
1639401600000,3972.82,3984.53,3957.48,3984.53,20060.435,1639401899999,79586961.33132,22055,10876.998,43167519.46307,0
1639401900000,3984.53,3990.00,3977.25,3977.82,6205.624,1639402199999,24729872.46627,10586,3059.535,12194013.87964,0
1639402200000,3977.67,3986.41,3972.72,3982.09,4271.653,1639402499999,16997224.17873,8457,2421.110,9635149.84198,0
1639402500000,3982.09,3985.12,3967.07,3969.46,4713.830,1639402799999,18733004.01468,8873,2130.655,8469743.35425,0
1639402800000,3969.46,3983.95,3969.46,3978.47,3279.495,1639403099999,13043006.58880,6548,2370.063,9425612.93371,0
1639403100000,3978.47,3978.96,3967.49,3971.03,2710.753,1639403399999,10763602.42085,6118,1147.307,4555403.71416,0
1639403400000,3971.02,3976.60,3970.29,3974.45,1715.429,1639403699999,6817792.82266,4829,1016.617,4040703.79752,0
1639403700000,3974.45,3983.03,3971.53,3972.26,2472.688,1639403999999,9833582.95775,5772,1291.102,5135041.87563,0
1639404000000,3972.27,3973.05,3966.58,3968.21,3277.578,1639404299999,13010310.34227,6843,1357.633,5389375.84427,0
1639404300000,3968.22,3969.06,3950.00,3956.93,10683.144,1639404599999,42302513.53170,14536,4516.376,17891427.40404,0
1639404600000,3956.93,3962.73,3933.02,3942.63,19518.411,1639404899999,77030924.04555,24899,8120.997,32059491.85416,0
1639404900000,3942.63,3947.85,3912.00,3917.84,25325.311,1639405199999,99442980.70235,34338,10076.613,39571276.97265,0
1639405200000,3918.01,3926.69,3902.73,3903.77,21304.189,1639405499999,83391804.15311,28145,11168.736,43732771.95249,0
1639405500000,3903.77,3918.47,3901.00,3914.03,11205.572,1639405799999,43823532.45096,17672,6563.647,25671434.77869,0
1639405800000,3914.02,3920.64,3898.12,3905.68,13595.993,1639406099999,53143508.49635,21759,6711.089,26239544.36346,0
1639406100000,3906.27,3915.84,3899.95,3903.62,8586.482,1639406399999,33552167.02583,13419,4817.120,18824859.32210,0
1639406400000,3903.61,3916.36,3902.84,3914.00,6073.097,1639406699999,23750302.95332,10190,3930.240,15371353.71012,0
1639406700000,3914.00,3921.09,3909.23,3916.62,6746.053,1639406999999,26423983.86366,10775,3992.762,15641163.01963,0
1639407000000,3916.61,3921.60,3906.48,3907.41,6846.374,1639407299999,26798708.40198,10573,2524.571,9884412.93399,0
1639407300000,3907.50,3921.79,3905.12,3918.78,5131.552,1639407599999,20090275.29769,8793,2762.383,10817022.71773,0
1639407600000,3918.60,3918.60,3903.82,3904.93,5056.489,1639407899999,19768371.82740,9221,1894.904,7408565.13029,0
1639407900000,3904.93,3912.66,3900.00,3908.05,6019.225,1639408199999,23509628.66109,9703,2987.535,11670860.15228,0
1639408200000,3908.04,3908.56,3872.00,3877.86,29127.326,1639408499999,113194894.60187,34017,10975.077,42643150.02022,0
1639408500000,3877.86,3880.00,3860.00,3861.56,17933.092,1639408799999,69392783.81525,24921,8228.559,31846663.98861,0
1639408800000,3861.56,3878.48,3851.00,3853.18,26400.906,1639409099999,101997324.87061,30896,13980.722,54023924.64731,0
1639409100000,3853.18,3865.07,3838.15,3863.41,24442.836,1639409399999,94094497.67919,30358,11775.927,45352814.44675,0
1639409400000,3863.40,3864.05,3843.19,3843.96,11526.420,1639409699999,44433498.51042,16912,5609.518,21627469.04322,0
1639409700000,3843.96,3867.21,3834.74,3856.93,18918.649,1639409999999,72892980.68212,22981,9865.454,38020914.43424,0
1639410000000,3856.86,3867.55,3842.32,3848.79,15563.285,1639410299999,60026512.26553,19399,7079.440,27311150.55827,0
1639410300000,3848.78,3852.75,3803.00,3803.90,43966.516,1639410599999,168110133.87942,49847,14210.346,54372994.31336,0
1639410600000,3803.90,3811.62,3780.00,3791.66,36084.727,1639410899999,137059758.02275,47259,14839.191,56375089.54690,0
1639410900000,3791.80,3806.29,3760.00,3806.29,43349.160,1639411199999,163939460.67526,54415,23239.840,87930807.72689,0
1639411200000,3806.28,3819.81,3766.38,3796.57,45373.094,1639411499999,172132698.08718,50623,22427.522,85112910.79626,0
1639411500000,3796.57,3827.55,3794.14,3821.13,27092.274,1639411799999,103380440.28759,33779,15623.872,59616335.53129,0
1639411800000,3821.32,3827.36,3795.07,3812.48,21140.122,1639412099999,80491578.80002,25345,10733.036,40873325.61645,0
1639412100000,3812.48,3817.21,3790.73,3798.79,12011.392,1639412399999,45654063.80707,17201,5958.669,22650133.44475,0
1639412400000,3798.73,3800.79,3765.44,3766.32,12058.950,1639412699999,45634206.80524,20098,4700.678,17797170.00183,0
1639412700000,3767.10,3806.47,3753.73,3787.09,31234.214,1639412999999,118055990.55088,37223,16655.347,62990838.48231,0
1639413000000,3787.09,3804.45,3770.51,3779.39,13965.551,1639413299999,52932135.23808,19078,6670.546,25285504.76480,0
1639413300000,3779.58,3805.51,3774.95,3795.12,15336.170,1639413599999,58192467.30345,19004,8408.970,31913082.30674,0
1639413600000,3795.52,3802.00,3783.37,3798.03,7285.237,1639413899999,27643583.36565,11392,3867.486,14675119.29551,0
1639413900000,3798.03,3818.00,3798.03,3806.23,14535.799,1639414199999,55383124.43142,18910,7336.139,27954382.58442,0
1639414200000,3806.25,3816.02,3798.00,3798.53,7554.916,1639414499999,28768144.32401,11152,3164.686,12054674.73301,0
1639414500000,3798.52,3809.40,3783.09,3806.31,10064.028,1639414799999,38183220.24001,13741,4841.763,18376264.59665,0
1639414800000,3806.31,3812.07,3798.10,3812.06,7399.264,1639415099999,28156724.33632,11079,3865.022,14709411.31386,0
1639415100000,3811.82,3881.19,3810.30,3856.76,29093.702,1639415399999,111709272.62346,29161,20591.897,79065056.77399,0
1639415400000,3856.76,3873.73,3841.05,3848.90,34278.398,1639415699999,132156204.74418,34421,15431.816,59510074.84671,0
1639415700000,3848.91,3851.50,3828.48,3831.40,11718.626,1639415999999,44992333.66471,14345,4481.435,17206891.62787,0
1639416000000,3831.40,3842.57,3825.42,3834.01,5930.693,1639416299999,22735773.12578,10017,3600.046,13801861.75238,0
1639416300000,3834.01,3836.88,3822.47,3829.05,6274.022,1639416599999,24007969.96026,9274,3027.559,11586010.68332,0
1639416600000,3829.01,3832.59,3822.47,3828.26,3612.697,1639416899999,13826684.88837,7147,1765.130,6755760.15389,0
1639416900000,3828.11,3837.58,3825.25,3826.27,3084.711,1639417199999,11818443.81344,6673,1634.366,6261835.04639,0
1639417200000,3826.25,3826.25,3810.00,3812.81,8814.656,1639417499999,33632465.11061,10054,2837.228,10825900.12759,0
1639417500000,3812.81,3819.22,3807.13,3819.00,6539.796,1639417799999,24939826.17855,8651,3377.050,12880226.51479,0
1639417800000,3819.00,3830.38,3816.85,3823.10,5877.075,1639418099999,22468790.96613,8196,3092.017,11822391.40797,0
1639418100000,3823.11,3827.55,3817.03,3825.69,3089.715,1639418399999,11811776.61514,5166,1336.933,5111220.99266,0
1639418400000,3825.69,3833.04,3817.03,3833.03,4269.191,1639418699999,16334429.87932,6705,2460.296,9414780.31490,0
1639418700000,3832.92,3834.95,3821.89,3831.98,3062.169,1639418999999,11720798.87067,5910,1568.197,6003458.42701,0
1639419000000,3831.97,3835.00,3825.29,3827.97,2755.248,1639419299999,10551024.41049,6064,1082.438,4145109.21575,0
1639419300000,3827.96,3829.14,3815.12,3820.74,3944.761,1639419599999,15077809.75726,7278,1808.869,6914103.45831,0
1639419600000,3820.91,3831.11,3820.21,3821.68,2173.174,1639419899999,8313409.17648,4661,1045.384,3998419.37356,0
1639419900000,3821.60,3823.19,3812.72,3818.09,3072.188,1639420199999,11728520.00563,6140,1704.518,6507143.95976,0
1639420200000,3818.00,3819.46,3811.02,3814.10,2830.723,1639420499999,10797811.46634,6129,1183.203,4513873.18780,0
1639420500000,3814.11,3820.52,3812.50,3817.91,1875.394,1639420799999,7158297.65597,4613,864.097,3298421.21292,0
1639420800000,3817.92,3821.99,3810.33,3812.07,3132.536,1639421099999,11951756.29981,5528,1408.581,5373167.52747,0
1639421100000,3812.07,3821.95,3810.86,3819.38,2674.084,1639421399999,10204135.53299,5118,1641.366,6264267.11688,0
1639421400000,3819.39,3828.85,3816.66,3827.59,3145.505,1639421699999,12027602.70488,5379,1937.454,7408183.69049,0
1639421700000,3827.60,3827.60,3812.83,3821.35,3141.737,1639421999999,11997816.84921,5519,1615.573,6169176.59725,0
1639422000000,3821.28,3821.35,3788.05,3790.46,13736.446,1639422299999,52179926.83534,16524,4359.283,16562790.80899,0
1639422300000,3790.46,3800.42,3785.01,3795.16,8716.525,1639422599999,33041902.95811,10719,4855.378,18405729.78905,0
1639422600000,3795.17,3804.07,3781.20,3781.40,6168.414,1639422899999,23405186.71356,9426,3128.496,11875786.81648,0
1639422900000,3781.40,3787.67,3765.00,3772.41,13313.591,1639423199999,50238474.11493,16567,5912.670,22307748.51765,0
1639423200000,3772.45,3785.00,3758.02,3758.02,8499.075,1639423499999,32039410.84050,13225,3567.514,13457956.77395,0
1639423500000,3758.24,3758.24,3702.00,3723.61,67158.888,1639423799999,250544808.21383,75696,27078.896,101021385.99281,0
1639423800000,3723.60,3727.05,3682.64,3707.23,40095.070,1639424099999,148490058.12023,53531,18702.454,69294042.82825,0
1639424100000,3707.23,3708.24,3683.60,3691.90,18361.898,1639424399999,67806910.33355,27377,9250.928,34166986.28888,0
1639424400000,3692.47,3700.91,3668.34,3691.29,24099.939,1639424699999,88708685.17824,33878,11257.480,41449557.05407,0
1639424700000,3691.58,3743.55,3686.07,3740.71,27240.484,1639424999999,101159505.72668,34663,16096.107,59780615.14363,0
1639425000000,3740.71,3763.65,3724.16,3751.75,22687.655,1639425299999,84952496.49052,29323,11713.242,43869099.67468,0
1639425300000,3751.74,3772.80,3750.31,3761.89,17708.391,1639425599999,66627989.56832,23331,8778.824,33033920.90427,0
1639425600000,3761.89,3776.25,3753.74,3760.34,15511.271,1639425899999,58372170.23709,20872,6673.257,25114420.71633,0
1639425900000,3760.34,3779.99,3751.01,3778.59,12003.605,1639426199999,45202125.73265,17093,6576.271,24773365.63953,0
1639426200000,3778.59,3782.94,3766.32,3778.98,6898.694,1639426499999,26049760.54055,12115,3226.330,12185057.02734,0
1639426500000,3778.69,3782.00,3751.87,3755.44,9280.124,1639426799999,34952710.45453,14155,3835.620,14450064.32761,0
1639426800000,3755.08,3769.68,3742.00,3760.98,10157.396,1639427099999,38143138.38864,16938,4982.877,18721339.93295,0
1639427100000,3760.97,3764.07,3751.45,3756.64,3858.823,1639427399999,14496994.40931,7860,2006.636,7539700.27891,0
1639427400000,3756.64,3763.49,3742.62,3743.66,5430.126,1639427699999,20377509.80934,9320,1840.280,6910620.70673,0
1639427700000,3743.29,3744.89,3729.27,3731.05,7515.870,1639427999999,28086046.76740,12065,2715.921,10150796.60514,0
1639428000000,3731.05,3736.89,3721.00,3728.95,6968.756,1639428299999,25977626.28853,10961,3603.485,13435343.66949,0
1639428300000,3728.95,3746.11,3728.95,3743.99,5107.059,1639428599999,19094094.44253,8637,3039.003,11361867.15269,0
1639428600000,3744.00,3751.83,3723.37,3748.65,9338.388,1639428899999,34889683.76569,10522,6352.720,23730403.28919,0
1639428900000,3748.65,3754.00,3737.72,3754.00,4203.653,1639429199999,15752590.73039,8249,2123.630,7958858.84215,0
1639429200000,3753.71,3764.28,3747.36,3756.83,6323.478,1639429499999,23762178.65453,10479,2808.925,10557337.32851,0
1639429500000,3757.24,3758.18,3726.28,3726.56,5816.816,1639429799999,21754369.70449,8947,1793.908,6708019.67009,0
1639429800000,3726.57,3738.50,3712.57,3731.03,8403.518,1639430099999,31315041.55080,13723,3710.893,13835086.13093,0
1639430100000,3731.05,3738.87,3717.13,3726.72,4476.659,1639430399999,16686584.03511,8582,2323.887,8662478.90689,0
1639430400000,3726.83,3739.63,3720.60,3738.04,3769.647,1639430699999,14061753.92462,8048,2024.031,7550445.67767,0
1639430700000,3738.03,3741.92,3732.85,3738.73,2677.195,1639430999999,10008418.09498,5869,1377.794,5150551.95855,0
1639431000000,3738.87,3762.88,3738.22,3746.55,10562.011,1639431299999,39617781.01313,12782,5374.066,20156689.22013,0
1639431300000,3746.16,3746.16,3723.44,3736.54,5618.188,1639431599999,20963747.55381,8256,2166.016,8083076.50987,0
1639431600000,3736.54,3742.55,3716.37,3728.33,6273.828,1639431899999,23375111.61325,8970,2899.880,10807754.95975,0
1639431900000,3728.33,3767.84,3728.33,3755.50,9160.774,1639432199999,34365547.07036,13012,5766.405,21629891.81052,0
1639432200000,3755.32,3760.94,3748.70,3759.03,3226.856,1639432499999,12119547.05516,7124,1536.107,5770144.17411,0
1639432500000,3758.79,3778.09,3757.11,3766.58,6420.047,1639432799999,24205030.53936,10899,3771.001,14216817.27797,0
1639432800000,3766.59,3767.70,3753.74,3757.00,3402.914,1639433099999,12793949.50364,7176,1468.714,5522353.04963,0
1639433100000,3757.00,3794.91,3757.00,3788.69,10753.291,1639433399999,40664054.96457,16387,6484.438,24521869.66204,0
1639433400000,3788.70,3794.00,3776.72,3793.10,9180.845,1639433699999,34761762.63035,13517,4536.758,17179815.51868,0
1639433700000,3793.10,3793.46,3779.29,3789.58,3495.868,1639433999999,13232975.36569,8199,1672.319,6330258.48221,0
1639434000000,3789.59,3795.90,3783.25,3793.28,3883.989,1639434299999,14719736.53532,8004,1907.289,7229608.19596,0
1639434300000,3793.28,3795.71,3781.56,3792.42,2560.873,1639434599999,9700900.37642,6064,1045.184,3960353.94819,0
1639434600000,3792.42,3809.17,3791.54,3808.38,4878.927,1639434899999,18549957.92300,10123,3209.122,12201143.63162,0
1639434900000,3808.38,3808.52,3790.71,3798.30,3791.704,1639435199999,14408572.23646,5642,1178.975,4475581.39678,0
1639435200000,3798.26,3799.00,3790.37,3797.20,2486.263,1639435499999,9434108.85899,5407,933.320,3541775.27160,0
1639435500000,3797.20,3807.46,3795.05,3803.12,2449.826,1639435799999,9316522.39556,5532,1409.573,5361088.19648,0
1639435800000,3803.12,3803.16,3795.16,3803.00,2151.810,1639436099999,8171974.60652,4487,993.994,3774802.67352,0
1639436100000,3803.04,3803.14,3789.82,3790.21,2612.161,1639436399999,9916232.90563,5109,924.815,3510966.85317,0
1639436400000,3790.21,3799.52,3775.35,3787.49,8898.176,1639436699999,33663806.96386,12091,3467.574,13119349.47750,0
1639436700000,3787.49,3795.91,3782.14,3793.25,3588.727,1639436999999,13599042.61928,6800,1911.119,7242042.72642,0
1639437000000,3793.24,3799.13,3786.95,3799.13,2737.027,1639437299999,10385681.59405,6440,1416.445,5375164.82845,0
1639437300000,3799.22,3800.00,3790.99,3798.99,2627.003,1639437599999,9972431.16778,5159,1238.170,4699995.35778,0
1639437600000,3798.99,3803.00,3790.69,3796.67,2668.311,1639437899999,10129519.96219,5260,1136.743,4316667.87073,0
1639437900000,3796.67,3798.99,3785.00,3787.81,3314.490,1639438199999,12560956.65047,5878,1642.003,6222566.97713,0
1639438200000,3787.91,3792.34,3775.11,3776.65,4856.600,1639438499999,18374837.04758,7267,1762.908,6672877.83295,0
1639438500000,3776.66,3787.53,3772.31,3782.35,3995.603,1639438799999,15103023.74374,6690,2165.362,8185269.46110,0
1639438800000,3782.44,3788.18,3778.05,3782.60,2263.786,1639439099999,8564892.80613,4533,985.959,3730155.00222,0
1639439100000,3782.61,3784.92,3770.78,3780.69,3248.956,1639439399999,12273857.69909,6030,1657.301,6261122.47663,0
1639439400000,3780.69,3789.59,3775.36,3788.30,3407.139,1639439699999,12885939.29842,5773,2175.292,8227341.10490,0
1639439700000,3788.29,3789.74,3777.02,3780.63,2706.368,1639439999999,10234897.35115,4826,1257.303,4754389.08126,0
1639440000000,3780.33,3782.09,3761.65,3764.17,9339.071,1639440299999,35202550.74380,13577,3878.504,14621248.52605,0
1639440300000,3764.05,3797.05,3764.04,3793.29,8932.169,1639440599999,33810236.09501,11247,5771.672,21842695.20817,0
1639440600000,3793.64,3797.02,3770.02,3775.11,8856.827,1639440899999,33517491.18627,10098,3484.785,13193621.55556,0
1639440900000,3775.34,3776.76,3762.43,3772.25,7436.565,1639441199999,28026555.79465,9101,3887.006,14651101.69417,0
1639441200000,3772.25,3793.61,3769.72,3791.91,5698.044,1639441499999,21557595.59292,7641,3740.400,14148922.48931,0
1639441500000,3791.90,3814.94,3790.52,3812.28,8773.173,1639441799999,33381906.73789,11517,5217.709,19854100.48992,0
1639441800000,3812.27,3820.77,3804.66,3816.99,7296.436,1639442099999,27833087.54319,11228,3682.909,14051433.71885,0
1639442100000,3816.99,3830.55,3806.18,3808.91,10853.416,1639442399999,41452496.69676,12549,4858.107,18566473.62212,0
1639442400000,3808.91,3825.60,3807.54,3825.59,5519.528,1639442699999,21072038.51626,8073,3144.718,12005465.59427,0
1639442700000,3825.59,3825.59,3810.37,3814.57,3734.211,1639442999999,14248311.88200,7029,1681.349,6414539.33885,0
1639443000000,3814.57,3820.51,3808.48,3817.75,3406.595,1639443299999,12992805.74233,5382,1510.300,5761498.24181,0
1639443300000,3817.90,3821.40,3812.27,3812.28,2621.938,1639443599999,10008772.86654,5637,1114.450,4254603.21419,0
1639443600000,3812.27,3817.91,3800.09,3800.65,5493.050,1639443899999,20910818.57387,8278,2436.433,9276074.22207,0
1639443900000,3800.66,3806.56,3793.24,3801.30,5039.238,1639444199999,19142801.66722,7651,2655.438,10088733.55948,0
1639444200000,3801.45,3808.85,3795.91,3808.49,3746.883,1639444499999,14245541.90340,5640,2871.797,10919623.34648,0
1639444500000,3808.21,3814.18,3804.87,3809.23,4604.513,1639444799999,17537443.84095,7112,1853.538,7060828.97680,0
1639444800000,3809.23,3812.00,3791.72,3792.67,4332.156,1639445099999,16460724.04380,6427,1445.380,5490268.09004,0
1639445100000,3792.67,3798.00,3788.02,3789.06,3544.997,1639445399999,13446195.64836,6106,1998.657,7582104.74758,0
1639445400000,3789.05,3790.97,3771.16,3781.71,7862.405,1639445699999,29718285.05167,10962,3080.710,11645726.57476,0
1639445700000,3781.71,3782.51,3772.77,3775.10,3092.086,1639445999999,11678211.50242,5253,1795.248,6780506.37690,0
1639446000000,3775.06,3780.95,3765.45,3773.54,4163.470,1639446299999,15702145.61724,6969,2158.270,8141741.54756,0
1639446300000,3773.61,3776.00,3762.84,3768.87,5066.420,1639446599999,19100274.12563,7367,2016.949,7605570.19998,0
1639446600000,3768.87,3783.73,3766.00,3783.31,4804.048,1639446899999,18141490.25566,7400,3143.655,11873736.32953,0
1639446900000,3783.35,3789.82,3776.72,3780.69,3620.785,1639447199999,13705411.49770,6701,2037.270,7711699.20552,0
1639447200000,3780.70,3787.71,3772.69,3786.26,3155.086,1639447499999,11927138.27514,6416,1706.514,6451820.54098,0
1639447500000,3786.26,3786.76,3777.19,3783.64,2113.891,1639447799999,7994613.08200,4672,721.431,2729656.62498,0
1639447800000,3783.64,3787.76,3781.10,3784.69,1879.640,1639448099999,7113553.64805,4516,909.473,3442316.71821,0
1639448100000,3784.69,3785.00,3751.12,3753.53,6484.322,1639448399999,24409238.46031,10855,1758.479,6621391.98472,0
1639448400000,3753.59,3759.11,3745.66,3755.67,9460.735,1639448699999,35496040.78378,11546,3863.173,14498192.44064,0
1639448700000,3755.66,3761.88,3750.46,3755.71,3156.817,1639448999999,11858296.92902,6229,1282.766,4819350.53885,0
1639449000000,3755.57,3762.79,3749.66,3761.29,3653.121,1639449299999,13717893.19804,6328,1908.494,7169008.56776,0
1639449300000,3761.18,3782.97,3761.08,3779.75,5880.568,1639449599999,22179840.41244,8333,4036.595,15228024.35359,0
1639449600000,3779.58,3780.64,3770.77,3776.53,4211.746,1639449899999,15906170.02570,6694,2399.655,9062738.64517,0
1639449900000,3776.53,3777.13,3760.18,3760.37,2427.830,1639450199999,9146468.12451,5328,854.362,3218484.70900,0
1639450200000,3760.36,3775.98,3760.14,3775.62,2513.879,1639450499999,9473100.51291,5379,1462.635,5510344.78851,0
1639450500000,3775.62,3781.88,3770.55,3779.48,2330.841,1639450799999,8805453.21737,5163,1538.803,5813410.02408,0
1639450800000,3779.48,3793.19,3776.96,3792.93,6373.831,1639451099999,24129402.93752,9199,4416.779,16725174.75052,0
1639451100000,3792.95,3795.91,3789.02,3793.60,4928.971,1639451399999,18695584.25564,9047,2649.466,10050134.71347,0
1639451400000,3793.59,3796.42,3781.00,3781.84,4229.689,1639451699999,16021656.45592,7872,1376.670,5215206.79594,0
1639451700000,3781.87,3790.58,3775.46,3775.47,3094.009,1639451999999,11703092.09058,5394,1362.631,5155290.93249,0
1639452000000,3775.46,3778.13,3770.02,3771.58,2658.861,1639452299999,10034354.97965,5358,1252.583,4727397.85280,0
1639452300000,3771.41,3787.53,3770.68,3784.22,2485.423,1639452599999,9392957.59482,5085,1623.426,6135820.26928,0
1639452600000,3784.21,3787.12,3774.21,3776.96,3000.238,1639452899999,11344678.95566,4721,1160.265,4388822.84801,0
1639452900000,3776.97,3777.61,3770.00,3770.89,2757.762,1639453199999,10405722.17916,4622,1561.276,5891885.41797,0
1639453200000,3770.88,3770.89,3762.35,3764.05,4781.225,1639453499999,18008093.23557,6472,1636.275,6161351.33916,0
1639453500000,3764.04,3777.72,3761.00,3770.69,2929.455,1639453799999,11043652.97426,5768,1696.693,6395877.61456,0
1639453800000,3770.56,3770.56,3755.11,3756.44,3225.336,1639454099999,12136358.39657,5888,1520.777,5723039.35688,0
1639454100000,3756.80,3773.83,3756.20,3773.34,2852.467,1639454399999,10738681.04937,5450,1778.459,6694879.46797,0
1639454400000,3773.33,3782.58,3766.98,3781.81,5235.056,1639454699999,19777416.32397,6788,3353.744,12669261.45559,0
1639454700000,3781.82,3785.65,3773.80,3784.78,3440.516,1639454999999,13004125.25453,5086,1384.336,5234193.66141,0
1639455000000,3784.56,3789.93,3778.02,3789.08,6737.160,1639455299999,25502257.84354,7187,3886.509,14712112.74337,0
1639455300000,3789.31,3793.57,3778.78,3781.98,4222.809,1639455599999,15991740.13701,6504,2225.319,8427341.50378,0
1639455600000,3782.05,3784.11,3777.29,3780.07,1751.462,1639455899999,6622327.07811,3371,1031.102,3898452.03026,0
1639455900000,3780.06,3783.87,3774.59,3779.25,4304.682,1639456199999,16263608.21542,4465,1426.325,5389788.14170,0
1639456200000,3779.25,3790.00,3779.25,3789.52,3011.664,1639456499999,11400275.94523,4326,1974.096,7472721.02578,0
1639456500000,3789.52,3789.74,3773.83,3773.91,2930.848,1639456799999,11080221.06668,4705,1003.944,3796688.08417,0
1639456800000,3773.91,3780.39,3767.36,3779.16,3017.562,1639457099999,11383407.15301,4919,1639.680,6185760.51139,0
1639457100000,3779.17,3781.44,3769.52,3770.70,1842.387,1639457399999,6953800.33344,4176,864.150,3261387.78166,0
1639457400000,3770.70,3771.54,3761.46,3762.80,4378.215,1639457699999,16488697.20068,5725,2395.866,9023562.42870,0
1639457700000,3762.81,3771.85,3762.17,3769.22,2252.489,1639457999999,8485399.18288,4546,1180.479,4446359.18325,0
1639458000000,3769.22,3776.32,3766.60,3775.80,1795.496,1639458299999,6773082.68584,4634,1007.174,3799606.40452,0
1639458300000,3775.80,3778.55,3767.07,3767.24,1579.593,1639458599999,5956774.32999,3978,624.287,2354211.33168,0
1639458600000,3767.23,3772.50,3752.99,3755.53,2756.833,1639458899999,10370117.45781,6221,935.853,3521596.31704,0
1639458900000,3755.53,3764.99,3754.50,3763.16,2015.491,1639459199999,7579224.25917,5587,1134.861,4267633.68442,0
1639459200000,3763.16,3770.04,3756.32,3757.16,2734.302,1639459499999,10291938.13165,6345,1272.975,4792447.55343,0
1639459500000,3756.75,3771.46,3756.57,3770.78,3027.805,1639459799999,11404590.18983,5848,1826.935,6881160.20351,0
1639459800000,3770.78,3784.49,3770.20,3781.38,4502.178,1639460099999,17004119.68553,7727,2702.068,10205615.29965,0
1639460100000,3781.37,3782.29,3769.34,3772.14,3325.138,1639460399999,12553538.56010,5335,1378.784,5203802.95507,0
1639460400000,3772.14,3778.84,3768.60,3772.66,1598.745,1639460699999,6033496.40647,4592,757.885,2860516.86818,0
1639460700000,3772.38,3774.97,3760.89,3764.31,2528.235,1639460999999,9520223.65296,4892,988.377,3721079.52151,0
1639461000000,3764.30,3764.31,3740.00,3748.00,8646.699,1639461299999,32416450.67615,12118,2891.109,10838369.18183,0
1639461300000,3748.02,3748.62,3730.05,3733.95,11590.751,1639461599999,43316940.33105,12926,5008.931,18714834.45521,0
1639461600000,3733.76,3754.41,3733.00,3753.69,7604.669,1639461899999,28478935.84072,11660,4820.380,18050708.75156,0
1639461900000,3753.70,3753.95,3736.90,3736.91,3580.433,1639462199999,13397577.58682,7507,1235.840,4623478.55263,0
1639462200000,3736.91,3743.70,3733.24,3736.83,3314.438,1639462499999,12387882.92242,7004,1379.910,5158289.51554,0
1639462500000,3736.95,3738.89,3703.03,3714.07,15052.668,1639462799999,55961473.59073,21099,4705.921,17487805.14606,0
1639462800000,3714.07,3721.99,3700.00,3720.80,10120.399,1639463099999,37539105.69172,16029,5194.262,19277066.42814,0
1639463100000,3720.80,3722.15,3690.08,3696.52,8292.414,1639463399999,30724785.91684,15713,3029.269,11227106.33290,0
1639463400000,3696.52,3713.36,3694.65,3711.19,6719.555,1639463699999,24895770.98891,13635,4219.580,15633985.18985,0
1639463700000,3711.20,3714.00,3705.01,3705.01,3436.285,1639463999999,12746290.43757,7339,1418.338,5261300.13996,0
1639464000000,3705.00,3705.84,3682.00,3694.74,9448.618,1639464299999,34889329.49934,15207,4500.434,16620661.52342,0
1639464300000,3694.90,3708.74,3693.35,3708.74,7478.705,1639464599999,27677591.06641,12262,4489.218,16615930.11315,0
1639464600000,3708.73,3725.43,3707.23,3723.71,7153.678,1639464899999,26591510.96229,11738,4248.097,15792279.45431,0
1639464900000,3723.44,3725.35,3714.53,3724.25,5042.846,1639465199999,18758869.18851,8543,2694.591,10022916.28084,0
1639465200000,3724.51,3757.45,3723.55,3742.25,26742.685,1639465499999,100146472.18267,27932,15196.391,56897071.62220,0
1639465500000,3742.24,3743.76,3725.66,3731.29,7099.065,1639465799999,26504767.46822,9622,2023.127,7551048.16707,0
1639465800000,3731.23,3736.90,3726.00,3727.14,3947.287,1639466099999,14729988.53771,6874,1958.784,7309733.29146,0
1639466100000,3727.14,3750.46,3725.10,3747.53,4066.298,1639466399999,15208590.17549,7834,2537.103,9489464.37879,0
1639466400000,3747.52,3750.46,3738.05,3742.71,3751.388,1639466699999,14046665.91976,6999,1548.947,5800354.73642,0
1639466700000,3742.71,3742.71,3734.80,3738.83,2693.590,1639466999999,10069144.96979,5659,1344.541,5025911.21338,0
1639467000000,3738.83,3764.75,3738.49,3761.11,9959.162,1639467299999,37415899.70777,12985,6174.887,23195498.24358,0
1639467300000,3761.10,3763.93,3752.16,3761.69,6521.818,1639467599999,24516080.30140,7776,3373.507,12681876.94355,0
1639467600000,3761.69,3769.18,3755.04,3757.85,7725.949,1639467899999,29072666.41861,10276,3393.871,12769979.18852,0
1639467900000,3757.85,3774.24,3757.85,3769.85,6638.824,1639468199999,25010139.37540,9552,3600.544,13564603.30095,0
1639468200000,3769.85,3784.99,3767.23,3780.42,8634.884,1639468499999,32604757.25747,11323,5648.129,21327202.62544,0
1639468500000,3780.42,3780.65,3771.57,3780.29,4674.567,1639468799999,17652842.04402,8118,1900.142,7176573.25523,0
1639468800000,3780.29,3805.04,3780.00,3801.93,18892.642,1639469099999,71634133.53685,23271,9980.886,37848626.62297,0
1639469100000,3801.92,3802.62,3785.59,3789.88,11185.670,1639469399999,42424789.21922,13404,4571.821,17336869.06427,0
1639469400000,3789.98,3804.75,3782.81,3803.06,10377.502,1639469699999,39371535.38739,15590,5621.130,21323621.61151,0
1639469700000,3803.06,3804.74,3787.86,3792.79,8467.250,1639469999999,32135385.50626,12560,3656.669,13878583.57915,0
1639470000000,3792.79,3817.32,3789.14,3798.70,14508.047,1639470299999,55208000.81386,19980,8104.372,30836608.60782,0
1639470300000,3798.50,3802.04,3791.02,3794.81,3500.068,1639470599999,13286504.34586,8044,1697.645,6445005.06212,0
1639470600000,3795.18,3799.22,3789.38,3798.39,4381.542,1639470899999,16617957.37876,8207,1752.310,6646890.51472,0
1639470900000,3798.13,3813.40,3796.00,3806.23,7759.630,1639471199999,29528816.06310,12222,4013.638,15275540.16976,0
1639471200000,3806.24,3819.39,3803.52,3816.93,7722.762,1639471499999,29435838.24823,10345,5341.320,20363231.58780,0
1639471500000,3816.93,3818.10,3802.00,3803.56,5445.179,1639471799999,20745754.60687,9789,1775.869,6768612.87193,0
1639471800000,3803.56,3814.19,3798.70,3808.28,4920.595,1639472099999,18723713.09399,8118,2464.021,9379129.05187,0
1639472100000,3808.28,3822.93,3805.41,3816.13,5546.202,1639472399999,21161221.95434,10110,3222.596,12297131.06585,0
1639472400000,3816.18,3821.33,3805.80,3807.23,6240.505,1639472699999,23798158.73059,10737,2935.279,11196829.15385,0
1639472700000,3807.23,3811.29,3798.01,3800.96,6951.935,1639472999999,26440894.92803,9627,2443.957,9296481.56937,0
1639473000000,3800.97,3805.42,3797.81,3798.13,4030.148,1639473299999,15316875.07387,7612,1528.052,5808945.25713,0
1639473300000,3798.13,3803.30,3795.03,3798.47,3274.889,1639473599999,12442517.48655,6991,1706.666,6484562.31453,0
1639473600000,3798.47,3804.43,3792.86,3801.93,4708.103,1639473899999,17882550.76395,6943,2685.288,10200840.58249,0
1639473900000,3801.92,3808.09,3797.09,3797.69,2830.609,1639474199999,10766064.43274,5823,1241.974,4724806.92290,0
1639474200000,3797.68,3803.64,3795.15,3797.79,2972.225,1639474499999,11290305.70668,5543,1286.804,4888071.77963,0
1639474500000,3797.80,3798.84,3775.91,3781.44,11348.512,1639474799999,42961174.51358,13070,2977.372,11274566.43059,0
1639474800000,3781.44,3788.87,3776.87,3776.88,10037.938,1639475099999,37978955.43096,11197,5132.526,19419870.70078,0
1639475100000,3776.87,3785.99,3770.40,3782.74,7305.494,1639475399999,27598883.68473,10941,3533.802,13355244.73903,0
1639475400000,3782.74,3787.05,3772.93,3775.10,4198.801,1639475699999,15873262.22892,7454,2067.825,7819306.30706,0
1639475700000,3775.00,3776.59,3764.00,3767.18,6249.572,1639475999999,23557622.61320,10853,2842.353,10715568.53113,0
1639476000000,3767.15,3776.35,3761.45,3774.02,7111.620,1639476299999,26812688.51101,10020,4644.893,17516503.73700,0
1639476300000,3774.02,3781.97,3773.87,3777.77,3355.116,1639476599999,12676025.29496,6956,2032.159,7678322.38353,0
1639476600000,3777.77,3786.63,3776.55,3784.84,4255.742,1639476899999,16099280.81255,6658,2939.265,11119415.06188,0
1639476900000,3784.83,3789.05,3777.77,3781.92,2392.542,1639477199999,9052707.72587,6044,1202.933,4552612.82614,0
1639477200000,3781.92,3797.15,3776.61,3779.53,5699.734,1639477499999,21585423.30985,9161,3056.794,11578115.45574,0
1639477500000,3779.12,3788.00,3777.78,3784.46,2058.552,1639477799999,7785585.03667,5329,1187.258,4490124.54292,0
1639477800000,3784.67,3811.16,3782.47,3806.17,6513.913,1639478099999,24750609.12328,10499,4099.958,15579331.65285,0
1639478100000,3806.01,3812.66,3793.05,3794.38,12819.580,1639478399999,48777107.75256,12202,5652.230,21510376.85235,0
1639478400000,3794.39,3795.31,3785.01,3788.57,5463.707,1639478699999,20706359.29348,8086,2559.565,9701002.25337,0
1639478700000,3788.26,3802.75,3788.26,3799.97,3600.303,1639478999999,13671260.92672,7025,2236.346,8490826.84701,0
1639479000000,3799.97,3810.75,3794.00,3808.81,5590.507,1639479299999,21260400.48562,8078,3401.429,12935497.06202,0
1639479300000,3809.10,3816.93,3808.21,3814.85,4363.197,1639479599999,16638525.24838,8891,2320.870,8851188.68896,0
1639479600000,3815.23,3819.51,3808.47,3811.95,5057.271,1639479899999,19285748.59754,8299,2510.398,9574920.70771,0
1639479900000,3812.51,3812.52,3802.02,3804.14,3706.790,1639480199999,14103814.92612,6293,1805.927,6870646.01839,0
1639480200000,3804.14,3812.00,3803.71,3806.12,2970.880,1639480499999,11316899.72860,5339,2071.030,7889161.19586,0
1639480500000,3806.11,3812.55,3803.14,3812.34,2692.698,1639480799999,10252192.33451,5514,1046.462,3985063.70001,0
1639480800000,3812.64,3819.89,3810.75,3816.58,3775.684,1639481099999,14408865.20515,7056,2168.492,8275492.66280,0
1639481100000,3816.35,3818.57,3806.23,3809.92,3393.105,1639481399999,12927943.95691,5689,903.364,3441774.24780,0
1639481400000,3809.92,3809.92,3794.00,3794.12,5551.173,1639481699999,21099331.63875,7782,1969.816,7485832.06057,0
1639481700000,3794.49,3802.79,3793.49,3798.95,3715.777,1639481999999,14113060.45742,5862,1918.739,7288864.68570,0
1639482000000,3798.96,3809.64,3797.83,3809.64,2787.091,1639482299999,10604234.93805,4727,1845.091,7020220.40100,0
1639482300000,3809.65,3811.70,3798.00,3798.32,3920.904,1639482599999,14910381.45496,6140,2012.664,7655048.26574,0
1639482600000,3798.03,3850.00,3795.54,3838.54,22453.765,1639482899999,86032057.82418,23371,14722.995,56418531.49441,0
1639482900000,3838.88,3844.00,3831.51,3837.99,14004.070,1639483199999,53746305.66028,14798,6946.313,26661131.32100,0
1639483200000,3837.79,3860.00,3834.97,3859.04,16941.419,1639483499999,65202297.23098,22522,9839.378,37871446.93659,0
1639483500000,3859.30,3859.85,3846.53,3859.33,10422.409,1639483799999,40160324.79099,13453,4334.037,16702395.23743,0
1639483800000,3859.32,3865.44,3846.55,3848.45,11566.256,1639484099999,44611088.42141,15154,5034.326,19425615.70296,0
1639484100000,3848.44,3858.57,3843.11,3856.42,6792.207,1639484399999,26155110.96186,11259,3636.890,14009333.61721,0
1639484400000,3856.43,3861.38,3848.45,3859.93,5631.085,1639484699999,21713485.51520,10056,2955.857,11400851.67081,0
1639484700000,3859.93,3861.60,3840.72,3841.98,7311.945,1639484999999,28145232.25552,10099,1581.702,6089776.08454,0
1639485000000,3842.26,3846.71,3833.27,3835.82,7890.590,1639485299999,30290537.77704,11238,2544.155,9768683.48532,0
1639485300000,3835.79,3836.23,3828.65,3829.01,6219.268,1639485599999,23834490.93549,9452,2527.145,9686348.40691,0
1639485600000,3828.96,3832.62,3822.93,3828.22,6976.822,1639485899999,26707176.75991,9351,3957.678,15153682.68313,0
1639485900000,3828.22,3839.70,3825.29,3825.29,5289.242,1639486199999,20273177.07658,8271,3246.794,12447482.17409,0
1639486200000,3825.29,3833.57,3823.41,3828.80,3927.427,1639486499999,15029881.52928,6565,2330.303,8917931.60464,0
1639486500000,3828.52,3833.16,3823.01,3823.02,2054.054,1639486799999,7862795.87246,5747,863.125,3304908.00113,0
1639486800000,3823.01,3841.20,3823.01,3833.64,4428.126,1639487099999,16981141.70418,8790,2836.574,10877768.18211,0
1639487100000,3833.64,3836.64,3826.67,3834.38,3268.071,1639487399999,12522739.50156,5974,1575.741,6038854.71112,0
1639487400000,3834.37,3839.15,3833.59,3835.00,2403.393,1639487699999,9220475.85096,4798,1677.575,6436096.91311,0
1639487700000,3835.01,3835.01,3825.22,3825.57,2885.106,1639487999999,11051295.87084,5632,926.374,3549192.30182,0
1639488000000,3825.50,3825.63,3808.09,3808.47,11993.481,1639488299999,45742443.48994,15264,4682.906,17855680.44923,0
1639488300000,3808.48,3815.22,3806.84,3813.49,3830.408,1639488599999,14598365.42528,7277,2074.291,7906166.76898,0
1639488600000,3813.51,3813.52,3785.95,3792.03,17987.175,1639488899999,68311064.77272,20353,7660.220,29087842.85711,0
1639488900000,3792.03,3796.77,3777.27,3778.74,12803.353,1639489199999,48457436.10983,15788,5454.055,20646181.40074,0
1639489200000,3778.74,3787.86,3770.61,3776.31,9305.148,1639489499999,35176264.89128,13075,3925.514,14846125.59144,0
1639489500000,3776.31,3782.58,3768.36,3781.26,8070.547,1639489799999,30472260.12299,11508,4336.629,16376065.62692,0
1639489800000,3781.26,3795.15,3779.26,3793.62,7577.337,1639490099999,28698268.97414,9887,5169.320,19580943.67609,0
1639490100000,3793.62,3797.15,3789.07,3793.10,4492.429,1639490399999,17044731.17585,7323,2711.039,10286245.94867,0
1639490400000,3792.95,3799.44,3782.23,3799.44,5337.633,1639490699999,20230072.44185,8430,3104.107,11766143.52757,0
1639490700000,3799.44,3809.60,3788.49,3790.88,7595.384,1639490999999,28871250.68177,9795,3645.569,13860142.38288,0
1639491000000,3790.88,3790.88,3768.88,3778.86,10113.233,1639491299999,38214792.32514,12479,3616.420,13667170.25856,0
1639491300000,3778.86,3780.30,3763.00,3772.46,13088.150,1639491599999,49325709.35163,13286,4945.341,18639419.15621,0
1639491600000,3772.47,3782.96,3766.98,3769.14,6238.305,1639491899999,23558840.87021,8693,3120.941,11790156.08688,0
1639491900000,3769.49,3777.99,3766.98,3773.57,3299.115,1639492199999,12443930.00607,6484,1861.543,7021689.34140,0
1639492200000,3773.57,3791.49,3769.57,3788.51,7900.855,1639492499999,29897171.48993,11240,4415.959,16709519.76569,0
1639492500000,3788.68,3798.19,3781.06,3793.94,7975.495,1639492799999,30234025.53792,9656,5075.500,19242492.81785,0
1639492800000,3793.94,3808.47,3793.05,3803.85,7593.034,1639493099999,28871266.75345,9650,4124.921,15683802.60554,0
1639493100000,3804.12,3812.40,3802.76,3806.44,4957.789,1639493399999,18879364.27069,8718,2686.095,10229704.13473,0
1639493400000,3806.46,3808.04,3792.10,3802.00,3913.576,1639493699999,14871249.60900,6589,1464.540,5565287.18436,0
1639493700000,3801.99,3819.99,3800.52,3816.29,8289.919,1639493999999,31606124.26246,9840,5415.918,20649147.76594,0
1639494000000,3816.29,3821.79,3796.07,3799.56,7398.844,1639494299999,28186231.58471,10360,2625.345,10004726.01134,0
1639494300000,3799.56,3817.21,3796.67,3812.17,5483.074,1639494599999,20873744.75366,7717,3359.766,12790740.33056,0
1639494600000,3812.17,3813.32,3788.67,3789.06,6478.529,1639494899999,24609711.65582,8224,1741.281,6615396.84124,0
1639494900000,3789.06,3802.78,3786.53,3798.86,5069.564,1639495199999,19241694.61773,7939,2810.321,10668942.47402,0
1639495200000,3798.87,3829.02,3791.70,3827.91,10374.770,1639495499999,39570240.35735,12034,7674.730,29279606.41438,0
1639495500000,3828.02,3832.39,3824.61,3829.72,12847.217,1639495799999,49191910.92631,12655,7324.591,28046890.77655,0
1639495800000,3829.72,3832.98,3817.38,3820.41,7304.187,1639496099999,27944318.36112,9383,2491.777,9536729.02598,0
1639496100000,3820.56,3825.98,3813.56,3822.21,3347.925,1639496399999,12788760.31993,7004,1804.126,6893355.62783,0
1639496400000,3822.20,3824.01,3804.28,3809.95,6717.255,1639496699999,25609118.70684,8283,2261.029,8617342.20386,0
1639496700000,3809.96,3814.94,3786.78,3793.61,14716.010,1639496999999,55942090.07299,16401,6365.411,24200291.40899,0
1639497000000,3793.39,3793.59,3780.00,3783.94,10093.194,1639497299999,38208337.71273,13031,4888.336,18506593.06926,0
1639497300000,3783.94,3786.76,3767.88,3784.30,11034.193,1639497599999,41676910.24206,14756,4939.879,18663310.22047,0
1639497600000,3784.30,3784.84,3768.33,3782.50,9008.302,1639497899999,34010682.09688,10591,4258.387,16083766.96338,0
1639497900000,3782.50,3800.24,3782.10,3792.45,9994.289,1639498199999,37891076.19782,13178,6299.131,23881973.89993,0
1639498200000,3792.45,3797.04,3776.75,3781.94,5625.317,1639498499999,21293803.07855,8479,2260.931,8557549.89748,0
1639498500000,3781.93,3788.53,3762.41,3767.13,7548.448,1639498799999,28505332.50120,11128,2701.014,10206743.49908,0
1639498800000,3767.13,3773.12,3745.35,3758.68,17459.830,1639499099999,65588013.10693,20137,7456.627,28012505.23230,0
1639499100000,3758.04,3795.95,3757.62,3795.74,16023.575,1639499399999,60563755.78395,16933,10599.894,40054515.43347,0
1639499400000,3795.73,3798.00,3780.80,3788.44,7462.411,1639499699999,28271357.12767,10280,3747.893,14201377.10323,0
1639499700000,3788.44,3797.79,3788.44,3793.27,5330.868,1639499999999,20220216.81102,8160,2787.390,10573175.72272,0
1639500000000,3793.27,3801.99,3786.22,3787.13,5204.966,1639500299999,19751270.47352,8930,2466.612,9363034.07640,0
1639500300000,3787.05,3800.42,3784.59,3785.99,4449.954,1639500599999,16880930.14485,6992,2153.356,8170616.12238,0
1639500600000,3785.98,3787.59,3767.91,3770.32,6673.830,1639500899999,25210037.70568,9760,2459.862,9295224.36717,0
1639500900000,3770.32,3777.19,3762.28,3764.42,5312.216,1639501199999,20026133.20779,7711,2709.499,10215672.50964,0
1639501200000,3764.41,3772.08,3762.61,3765.26,3681.588,1639501499999,13869996.22817,6729,2189.183,8248190.55113,0
1639501500000,3765.25,3789.14,3761.12,3786.91,7510.539,1639501799999,28377038.77444,9496,4835.587,18270107.32576,0
1639501800000,3786.95,3788.68,3775.87,3778.53,3282.762,1639502099999,12415775.85655,5561,1510.937,5713764.65132,0
1639502100000,3778.53,3794.44,3777.01,3789.51,4413.000,1639502399999,16710432.88968,6628,2629.676,9956501.72756,0
1639502400000,3789.52,3799.75,3785.16,3797.54,4819.922,1639502699999,18277087.34495,7535,2689.976,10203353.43017,0
1639502700000,3797.54,3799.00,3792.93,3796.50,3126.084,1639502999999,11866568.89421,5174,1221.664,4638275.96430,0
1639503000000,3796.50,3796.50,3787.01,3791.41,2557.118,1639503299999,9693475.57594,4768,881.375,3340938.23175,0
1639503300000,3791.40,3797.85,3778.56,3779.39,3388.352,1639503599999,12838202.53408,5208,1466.046,5558208.30638,0
1639503600000,3779.39,3787.63,3777.01,3777.30,2881.453,1639503899999,10896026.62232,4482,1620.447,6128161.12153,0
1639503900000,3777.30,3779.35,3769.43,3772.83,3607.898,1639504199999,13616067.97499,5622,1658.280,6258181.25398,0
1639504200000,3772.84,3777.39,3765.00,3776.32,3599.186,1639504499999,13571884.44039,6055,2097.364,7910332.60553,0
1639504500000,3776.33,3778.90,3755.15,3759.45,6346.780,1639504799999,23888069.46410,7526,2279.718,8580870.55178,0
1639504800000,3759.45,3767.54,3750.10,3767.45,10890.412,1639505099999,40924076.42110,10486,5778.061,21722483.45123,0
1639505100000,3767.35,3779.66,3765.70,3778.18,4959.588,1639505399999,18712414.66423,6488,3108.340,11728059.93038,0
1639505400000,3778.15,3782.31,3770.19,3776.86,3667.408,1639505699999,13852741.40735,5273,1946.412,7354363.38777,0
1639505700000,3776.87,3778.53,3765.69,3773.00,3397.312,1639505999999,12810692.47426,5366,1593.444,6008004.28236,0
1639506000000,3772.99,3775.81,3754.36,3755.49,7273.415,1639506299999,27374585.77941,8168,2156.659,8115697.73334,0
1639506300000,3755.49,3772.45,3755.03,3767.36,3269.746,1639506599999,12311722.47847,5743,1690.498,6365185.47655,0
1639506600000,3767.36,3767.54,3724.21,3736.24,21718.713,1639506899999,81207888.79149,20037,9702.098,36266885.90994,0
1639506900000,3736.25,3745.70,3723.52,3734.74,11004.351,1639507199999,41101819.88309,13895,5934.079,22167647.84478,0
1639507200000,3734.74,3744.85,3729.17,3732.04,4711.779,1639507499999,17617028.23292,7256,2640.762,9874238.58903,0
1639507500000,3732.05,3747.96,3732.05,3747.95,3405.092,1639507799999,12739582.96883,5938,2012.076,7528906.92256,0
1639507800000,3747.96,3747.98,3741.86,3745.92,1442.154,1639508099999,5402112.70893,3905,640.232,2398347.66007,0
1639508100000,3745.93,3751.13,3738.00,3747.52,2834.350,1639508399999,10613299.25026,5338,1525.818,5714279.37159,0
1639508400000,3747.55,3762.98,3746.27,3758.79,5372.855,1639508699999,20175683.14521,7937,3442.346,12925571.43549,0
1639508700000,3758.80,3762.27,3753.62,3758.73,3360.732,1639508999999,12633048.09517,6309,1882.364,7076254.99163,0
1639509000000,3758.99,3769.06,3758.00,3759.15,5977.086,1639509299999,22503007.50859,6791,3483.023,13115331.66226,0
1639509300000,3758.90,3772.54,3758.60,3762.31,6607.421,1639509599999,24892580.36307,5898,4259.242,16046913.25517,0
1639509600000,3762.53,3764.89,3758.15,3760.80,1422.971,1639509899999,5351989.77042,3343,507.572,1909159.24429,0
1639509900000,3760.80,3772.03,3760.59,3770.59,2102.356,1639510199999,7921335.02564,4266,1282.063,4830564.92635,0
1639510200000,3770.59,3782.00,3768.68,3778.55,4589.972,1639510499999,17342192.68322,7667,2419.794,9142355.18514,0
1639510500000,3778.56,3779.24,3766.43,3769.80,2268.034,1639510799999,8551888.38865,4451,868.560,3275775.26173,0
1639510800000,3769.81,3775.46,3764.72,3768.30,2580.118,1639511099999,9725167.51229,4252,1288.725,4859482.60647,0
1639511100000,3768.30,3775.08,3760.50,3761.65,2428.481,1639511399999,9149653.49414,4396,796.355,3001226.20004,0
1639511400000,3761.65,3769.75,3757.75,3768.49,3497.853,1639511699999,13159948.94391,4615,2010.453,7565244.64402,0
1639511700000,3768.49,3778.10,3765.34,3767.74,2857.203,1639511999999,10775994.98141,4576,1218.621,4596009.96791,0
1639512000000,3767.73,3792.41,3766.59,3787.21,6783.225,1639512299999,25669660.75825,9677,4251.492,16085392.81297,0
1639512300000,3787.21,3794.00,3784.45,3787.46,3257.541,1639512599999,12343552.37796,6120,1537.040,5825170.36539,0
1639512600000,3787.39,3790.94,3780.28,3785.08,2522.674,1639512899999,9548429.01962,4556,876.139,3315762.57308,0
1639512900000,3785.08,3799.65,3783.37,3798.43,5068.100,1639513199999,19208385.48895,7450,3041.125,11527718.26751,0
1639513200000,3798.43,3798.81,3787.51,3795.70,4797.822,1639513499999,18200354.50177,5691,1500.233,5691525.17222,0
1639513500000,3795.82,3798.70,3787.14,3798.70,2318.713,1639513799999,8793072.61201,4262,1128.138,4278008.86646,0
1639513800000,3798.72,3810.74,3793.71,3808.16,5985.862,1639514099999,22776746.17299,9224,3888.504,14797347.32824,0
1639514100000,3808.29,3858.89,3806.89,3849.55,34029.721,1639514399999,130553343.73512,32824,20388.542,78205659.41928,0
1639514400000,3849.55,3854.34,3843.00,3844.29,8287.313,1639514699999,31889462.57246,11668,3277.015,12609489.11050,0
1639514700000,3844.30,3846.25,3827.06,3828.56,9404.297,1639514999999,36081364.56929,10277,2519.161,9663497.39615,0
1639515000000,3828.56,3834.99,3813.96,3817.21,6069.844,1639515299999,23220272.95224,8913,2614.728,10006862.29630,0
1639515300000,3817.21,3833.09,3817.21,3833.09,5030.670,1639515599999,19246581.42199,6602,3158.280,12083293.36401,0
1639515600000,3832.92,3838.00,3828.19,3836.87,5696.693,1639515899999,21839766.23298,8158,3174.912,12172744.79601,0
1639515900000,3836.87,3864.77,3835.35,3853.81,11860.102,1639516199999,45638367.23059,12469,8220.771,31634002.39429,0
1639516200000,3853.84,3861.10,3844.19,3853.75,10332.335,1639516499999,39817183.44440,13000,5078.770,19576253.95988,0
1639516500000,3853.76,3857.99,3840.10,3842.83,6622.447,1639516799999,25482460.00903,9044,2802.434,10785663.91352,0
1639516800000,3842.96,3855.31,3840.83,3851.51,3434.481,1639517099999,13221117.80177,6630,2104.771,8103101.59963,0
1639517100000,3851.50,3863.34,3845.95,3856.71,4618.337,1639517399999,17805032.08441,7250,2573.392,9924854.13777,0
1639517400000,3856.82,3862.02,3842.24,3846.65,4867.968,1639517699999,18738339.55728,8466,1623.387,6252143.02584,0
1639517700000,3846.65,3875.00,3846.65,3868.79,9808.917,1639517999999,37923488.21158,14527,6443.945,24913420.17585,0
1639518000000,3868.91,3879.13,3866.35,3867.72,9062.094,1639518299999,35103026.95128,11589,4549.321,17627744.61075,0
1639518300000,3867.88,3876.23,3860.21,3871.01,5941.240,1639518599999,22983814.72552,9232,2906.219,11245166.44991,0
1639518600000,3870.88,3877.54,3858.70,3859.26,4811.844,1639518899999,18612900.75436,6826,2074.120,8027151.82910,0
1639518900000,3859.26,3860.85,3845.51,3850.60,9874.241,1639519199999,38024431.91594,10945,3223.587,12415061.04622,0
1639519200000,3850.61,3855.69,3842.95,3845.17,4436.251,1639519499999,17075247.21669,7279,1642.190,6323974.90099,0
1639519500000,3845.17,3860.00,3844.06,3857.59,4268.804,1639519799999,16449145.48671,6505,2859.009,11016752.43124,0
1639519800000,3857.58,3860.21,3848.32,3850.48,2315.443,1639520099999,8922770.02252,5729,911.518,3513338.65337,0
1639520100000,3850.02,3857.57,3848.16,3853.86,1634.169,1639520399999,6297310.83530,4848,769.738,2966575.32168,0
1639520400000,3853.86,3857.78,3837.25,3838.71,6130.552,1639520699999,23575799.55335,9463,2292.378,8817770.17507,0
1639520700000,3838.71,3842.30,3828.20,3829.04,4843.265,1639520999999,18566121.97997,8105,1286.741,4932507.13408,0
1639521000000,3829.24,3829.84,3820.00,3821.39,3436.061,1639521299999,13144732.57632,6247,1099.831,4206935.86552,0
1639521300000,3820.55,3834.97,3820.55,3834.00,2387.067,1639521599999,9139160.79256,5278,1770.686,6779223.35405,0
1639521600000,3833.99,3837.96,3822.54,3837.95,2674.801,1639521899999,10244754.92597,5133,1268.446,4859972.88937,0
1639521900000,3837.95,3838.98,3830.50,3831.01,1443.511,1639522199999,5535404.88004,3671,549.489,2107396.20763,0
1639522200000,3831.02,3841.44,3830.50,3840.00,2185.277,1639522499999,8387681.21303,3371,1343.900,5158104.51126,0
1639522500000,3840.01,3845.14,3834.38,3836.20,2999.126,1639522799999,11520040.97022,3636,1685.269,6475207.98177,0
1639522800000,3836.20,3836.43,3817.77,3824.93,6428.717,1639523099999,24595707.95481,6886,2456.592,9396343.70089,0
1639523100000,3824.93,3835.73,3824.55,3832.15,3559.596,1639523399999,13633361.48049,4701,2428.667,9302042.83475,0
1639523400000,3832.14,3848.53,3830.34,3838.55,6915.301,1639523699999,26564229.56804,7388,5083.599,19527509.74735,0
1639523700000,3838.55,3840.43,3830.10,3837.55,2333.769,1639523999999,8950040.00331,3912,1018.176,3904730.26920,0
1639524000000,3837.56,3844.77,3832.00,3844.47,1721.023,1639524299999,6606320.61439,3492,1212.577,4655125.39306,0
1639524300000,3844.48,3847.40,3833.84,3835.38,2713.634,1639524599999,10420317.36883,3851,960.700,3689988.66044,0
1639524600000,3835.38,3839.20,3833.10,3836.92,1529.962,1639524899999,5868471.29989,3436,767.137,2942755.05312,0
1639524900000,3836.92,3846.20,3833.84,3841.86,2696.106,1639525199999,10359338.30289,3832,1613.769,6201034.41887,0
1639525200000,3841.86,3854.88,3840.71,3849.20,3975.302,1639525499999,15305710.73069,6066,2543.296,9791884.57991,0
1639525500000,3849.20,3853.00,3841.90,3847.13,2371.621,1639525799999,9121479.91053,4504,835.651,3214060.43825,0
1639525800000,3847.28,3868.88,3840.01,3859.58,15168.710,1639526099999,58526165.24243,14078,9272.079,35768654.17500,0
1639526100000,3859.57,3860.20,3853.05,3856.66,3704.574,1639526399999,14287368.36865,5208,1762.004,6795522.35726,0
1639526400000,3856.67,3860.59,3847.78,3855.79,7021.471,1639526699999,27064234.89157,8189,3433.331,13234078.81968,0
1639526700000,3856.07,3870.76,3856.07,3868.25,4668.832,1639526999999,18046026.12832,7607,2981.172,11521377.82233,0
1639527000000,3868.25,3870.81,3857.60,3860.38,4189.379,1639527299999,16191307.56898,6985,1632.540,6310243.31801,0
1639527300000,3860.38,3860.38,3847.14,3848.71,3637.700,1639527599999,14012095.09693,6378,1337.923,5152420.10607,0
1639527600000,3848.72,3893.15,3846.65,3889.31,24462.076,1639527899999,94923551.19840,23160,16867.014,65435836.56690,0
1639527900000,3888.88,3890.35,3870.73,3879.65,8607.322,1639528199999,33399867.96204,11251,3489.135,13540713.75650,0
1639528200000,3879.66,3888.76,3873.02,3876.78,6455.141,1639528499999,25052602.77988,8979,2864.757,11121138.62790,0
1639528500000,3876.78,3885.58,3873.27,3874.15,4753.892,1639528799999,18440430.21450,8065,2353.830,9131533.10987,0
1639528800000,3874.15,3874.41,3859.46,3861.79,5874.438,1639529099999,22717590.78330,8183,1915.517,7409403.65096,0
1639529100000,3861.86,3866.15,3858.00,3859.91,4302.505,1639529399999,16618139.54883,6383,1598.302,6174059.71907,0
1639529400000,3859.91,3861.79,3845.00,3852.06,11464.624,1639529699999,44167320.19089,10972,5684.372,21897189.93052,0
1639529700000,3851.84,3855.18,3843.34,3848.53,4354.729,1639529999999,16759364.57003,6213,2049.055,7886826.04127,0
1639530000000,3848.12,3848.28,3833.84,3835.60,7337.880,1639530299999,28184140.83662,9762,2542.814,9767996.49569,0
1639530300000,3835.60,3841.75,3830.08,3839.50,8680.857,1639530599999,33292511.11445,10245,4503.397,17275791.95270,0
1639530600000,3839.50,3842.01,3820.28,3823.81,7262.507,1639530899999,27815088.30585,9879,2994.201,11471725.80143,0
1639530900000,3823.81,3831.58,3820.02,3829.31,4423.247,1639531199999,16922911.02706,6424,2581.958,9878572.26019,0
1639531200000,3829.31,3835.73,3824.05,3826.51,2681.259,1639531499999,10271164.96359,4841,1386.851,5313714.72163,0
1639531500000,3826.51,3833.84,3822.34,3830.76,2325.789,1639531799999,8902567.06068,4237,1468.641,5622423.22449,0
1639531800000,3830.77,3837.99,3825.56,3828.12,3595.952,1639532099999,13778930.58196,4950,1609.284,6166948.11202,0
1639532100000,3828.12,3836.11,3828.12,3830.08,1527.098,1639532399999,5853771.82453,3732,686.676,2632517.67655,0
1639532400000,3830.09,3830.98,3816.89,3828.14,4237.975,1639532699999,16201299.78067,7503,1870.555,7152262.44649,0
1639532700000,3828.11,3832.90,3826.10,3827.85,2619.297,1639532999999,10031812.66642,4307,1519.241,5819377.10427,0
1639533000000,3827.85,3835.35,3826.38,3829.15,1376.796,1639533299999,5275454.37330,3223,759.651,2911101.80799,0
1639533300000,3829.15,3837.61,3828.80,3834.00,2065.272,1639533599999,7915963.83557,3555,1016.216,3895525.75918,0
1639533600000,3833.76,3837.61,3819.17,3819.63,2649.024,1639533899999,10142787.09024,4777,868.927,3330163.52111,0
1639533900000,3819.67,3820.12,3802.00,3818.78,12955.503,1639534199999,49366676.07975,13997,5125.200,19528153.13205,0
1639534200000,3818.77,3820.58,3811.62,3817.65,2664.162,1639534499999,10166288.61569,5018,1266.468,4832710.08738,0
1639534500000,3817.64,3825.31,3817.55,3822.53,2613.071,1639534799999,9987082.35315,3935,1809.512,6915910.77177,0
1639534800000,3822.53,3825.10,3816.52,3824.43,2822.329,1639535099999,10785901.97751,4982,1566.566,5987815.68124,0
1639535100000,3824.42,3826.31,3812.00,3818.20,2117.253,1639535399999,8083434.23349,4681,944.909,3607178.84495,0
1639535400000,3818.20,3822.93,3812.38,3821.72,2400.239,1639535699999,9164544.31824,4381,1573.391,6008324.80422,0
1639535700000,3821.72,3821.72,3811.77,3814.14,1565.039,1639535999999,5970248.15406,3624,605.493,2309760.99860,0
1639536000000,3814.13,3816.21,3811.00,3814.59,1516.432,1639536299999,5783034.07257,3509,757.836,2890346.87803,0
1639536300000,3814.82,3820.20,3813.88,3817.72,2804.180,1639536599999,10704836.66728,3682,1031.143,3936426.37949,0
1639536600000,3817.77,3825.00,3815.39,3817.04,1891.396,1639536899999,7226802.90476,3328,1186.493,4534008.38693,0
1639536900000,3817.27,3825.18,3816.01,3825.07,2228.857,1639537199999,8518139.51692,3637,1368.794,5231709.83892,0
1639537200000,3825.07,3827.60,3816.89,3818.79,2422.514,1639537499999,9260283.87322,5086,1157.391,4424900.85133,0
1639537500000,3818.79,3824.20,3818.48,3818.48,1374.826,1639537799999,5253639.94758,3566,788.212,3012138.50229,0
1639537800000,3818.48,3822.45,3816.18,3818.42,1526.253,1639538099999,5828705.36775,3726,746.208,2850093.31471,0
1639538100000,3818.42,3822.92,3816.15,3820.66,1571.765,1639538399999,6003835.73349,3541,979.396,3741690.11231,0
1639538400000,3820.66,3824.05,3816.25,3820.78,3047.996,1639538699999,11647387.35486,4212,2025.393,7740648.56103,0
1639538700000,3820.79,3831.96,3820.78,3829.69,3564.097,1639538999999,13642559.83522,5149,2313.841,8857105.23097,0
1639539000000,3829.70,3834.73,3829.09,3830.38,2656.034,1639539299999,10179111.08790,4764,1417.015,5430450.80609,0
1639539300000,3830.38,3835.73,3828.00,3830.22,1847.965,1639539599999,7081992.87525,4400,1005.433,3853304.19343,0
1639539600000,3830.38,3835.57,3826.69,3833.33,1397.140,1639539899999,5351945.61075,3437,666.994,2555317.14522,0
1639539900000,3833.33,3835.77,3827.80,3831.13,2055.152,1639540199999,7875057.33447,4225,1107.424,4243490.37079,0
1639540200000,3830.75,3844.77,3827.83,3838.19,4876.738,1639540499999,18714298.35461,7261,3093.670,11873363.19942,0
1639540500000,3838.19,3847.00,3835.96,3845.86,4754.735,1639540799999,18271735.23146,5725,2112.488,8117428.74514,0
1639540800000,3845.87,3854.18,3833.50,3833.68,8662.285,1639541099999,33298158.29578,11689,3840.717,14769908.81895,0
1639541100000,3833.68,3833.68,3823.30,3826.56,9068.070,1639541399999,34718291.65967,7657,3775.445,14452271.92375,0
1639541400000,3826.56,3844.50,3823.98,3844.15,8181.101,1639541699999,31359456.95968,10084,5380.106,20627425.39757,0
1639541700000,3844.16,3878.00,3842.10,3870.01,27869.625,1639541999999,107674685.03051,27226,17292.026,66786671.14817,0
1639542000000,3870.00,3892.61,3867.14,3876.36,16071.947,1639542299999,62362540.10101,19821,9596.079,37240937.57945,0
1639542300000,3876.36,3881.78,3866.64,3869.51,4540.904,1639542599999,17578110.16304,7774,2041.652,7904573.59854,0
1639542600000,3869.51,3871.99,3858.33,3860.94,4428.970,1639542899999,17110658.72656,7190,1774.864,6856961.41303,0
1639542900000,3860.93,3864.35,3857.34,3860.38,2306.359,1639543199999,8903039.62565,5164,1284.523,4958786.17995,0
1639543200000,3860.38,3864.53,3856.07,3863.20,2451.279,1639543499999,9462681.65687,5747,1445.016,5578896.27780,0
1639543500000,3863.15,3864.64,3853.05,3853.85,4567.608,1639543799999,17618471.82016,7518,2257.100,8706520.95177,0
1639543800000,3853.85,3857.94,3852.18,3856.85,2440.406,1639544099999,9407560.32945,4276,1200.121,4626530.42381,0
1639544100000,3856.86,3857.95,3851.17,3855.31,1630.597,1639544399999,6285171.22330,3998,793.787,3059656.80294,0
1639544400000,3855.11,3856.58,3846.27,3852.47,3070.820,1639544699999,11824780.11294,5815,1541.356,5935754.40666,0
1639544700000,3852.48,3855.19,3846.27,3852.50,1820.510,1639544999999,7012314.14421,3936,964.423,3715296.59703,0
1639545000000,3852.50,3853.43,3836.10,3844.04,6587.211,1639545299999,25307498.06575,8338,3104.799,11926920.02525,0
1639545300000,3844.04,3846.27,3835.00,3842.97,3812.513,1639545599999,14638747.54749,5569,1441.352,5536261.50787,0
1639545600000,3842.97,3848.00,3838.00,3847.40,2134.355,1639545899999,8202741.14592,4457,1135.706,4365718.62266,0
1639545900000,3847.40,3850.00,3843.02,3848.03,2205.128,1639546199999,8482367.57895,3878,1012.522,3895303.06809,0
1639546200000,3847.98,3856.82,3845.90,3855.48,3545.348,1639546499999,13659866.57158,4956,2528.942,9744068.38494,0
1639546500000,3855.48,3864.74,3847.78,3851.01,6295.452,1639546799999,24286679.16853,8522,2948.437,11378030.78814,0
1639546800000,3851.01,3855.00,3847.26,3850.41,1420.084,1639547099999,5467892.21962,3606,704.199,2711713.02986,0
1639547100000,3850.41,3850.42,3843.27,3845.52,2273.865,1639547399999,8745501.35101,3951,950.309,3654884.30210,0
1639547400000,3845.52,3851.42,3838.74,3851.42,2958.351,1639547699999,11375157.68326,3974,1454.232,5594646.66161,0
1639547700000,3851.55,3853.80,3846.65,3849.39,2581.889,1639547999999,9942166.13419,3766,1052.374,4052755.93902,0
1639548000000,3849.84,3853.43,3847.15,3853.05,1972.300,1639548299999,7596026.59989,3694,1218.335,4692739.64839,0
1639548300000,3853.04,3859.82,3850.76,3857.01,2021.196,1639548599999,7795055.24970,4159,1187.012,4577809.15960,0
1639548600000,3857.01,3865.86,3850.04,3862.32,3219.909,1639548899999,12425074.68236,5195,1928.397,7442821.07406,0
1639548900000,3862.32,3870.76,3858.65,3867.38,5723.232,1639549199999,22128100.83824,6538,3302.086,12768259.34386,0
1639549200000,3867.37,3874.53,3866.10,3868.82,4958.217,1639549499999,19190280.55894,7012,2614.142,10118188.93049,0
1639549500000,3868.65,3871.27,3861.72,3865.49,1842.235,1639549799999,7121809.89129,4208,683.656,2643376.56461,0
1639549800000,3865.48,3874.90,3854.97,3856.93,4301.510,1639550099999,16621683.32577,6470,1245.559,4815626.30091,0
1639550100000,3856.93,3859.50,3852.30,3857.38,2174.334,1639550399999,8382860.80076,4198,1105.471,4262033.65436,0
1639550400000,3857.38,3859.98,3848.91,3851.03,2550.559,1639550699999,9829120.32602,4659,845.900,3260917.81056,0
1639550700000,3851.03,3856.41,3848.98,3855.31,2520.025,1639550999999,9710312.56992,4602,1601.464,6171376.43786,0
1639551000000,3855.30,3856.43,3848.91,3849.83,1945.027,1639551299999,7492946.35058,3793,775.283,2986756.94028,0
1639551300000,3849.85,3853.81,3847.46,3851.34,1637.089,1639551599999,6303251.91257,3288,677.854,2610314.47716,0
1639551600000,3851.34,3854.30,3843.26,3844.01,3247.324,1639551899999,12500090.17732,5508,1043.019,4016013.28558,0
1639551900000,3844.02,3846.66,3837.58,3844.36,5452.706,1639552199999,20952479.58381,7299,2258.111,8679552.78006,0
1639552200000,3844.36,3865.85,3840.50,3863.12,7184.908,1639552499999,27696638.43699,8480,5092.078,19632040.62759,0
1639552500000,3863.46,3869.63,3858.30,3862.93,5809.442,1639552799999,22448361.44233,7951,2720.152,10512776.69071,0
1639552800000,3863.22,3872.16,3861.37,3865.32,4216.051,1639553099999,16303963.81278,6029,2378.721,9200661.83194,0
1639553100000,3865.32,3867.30,3854.10,3856.39,4481.763,1639553399999,17301084.61793,5534,1415.180,5463148.95187,0
1639553400000,3856.38,3864.23,3854.18,3859.49,1803.061,1639553699999,6956640.99849,3842,1087.588,4196038.14688,0
1639553700000,3859.48,3871.51,3858.71,3866.56,2959.485,1639553999999,11443166.04710,5008,2058.921,7961603.90645,0
1639554000000,3866.56,3870.38,3860.22,3864.72,3778.510,1639554299999,14607946.52698,4615,2092.964,8093072.89275,0
1639554300000,3864.72,3871.61,3864.72,3866.54,3992.757,1639554599999,15447470.51930,5421,2473.300,9569197.45707,0
1639554600000,3866.55,3869.94,3860.25,3866.34,3274.484,1639554899999,12653066.02101,4837,1150.436,4446214.54150,0
1639554900000,3866.34,3869.58,3858.58,3862.47,2154.582,1639555199999,8324271.32976,4245,758.508,2931891.65088,0
1639555200000,3862.48,3871.93,3861.34,3867.83,3174.392,1639555499999,12273878.37451,5990,2167.784,8381747.01937,0
1639555500000,3867.83,3876.00,3867.66,3873.08,4918.828,1639555799999,19048381.55776,7732,2398.196,9287822.68403,0
1639555800000,3873.52,3877.77,3863.98,3866.63,3522.634,1639556099999,13634171.71715,6644,1340.597,5191787.94136,0
1639556100000,3866.64,3885.31,3864.43,3880.78,6509.274,1639556399999,25238743.66327,9006,4658.529,18065135.61117,0
1639556400000,3880.81,3890.00,3879.41,3885.80,9106.810,1639556699999,35375846.20409,11152,5248.874,20392553.25387,0
1639556700000,3885.81,3888.83,3878.15,3880.55,8693.257,1639556999999,33756568.59916,8736,4088.130,15876973.27059,0
1639557000000,3880.55,3898.00,3880.18,3885.20,14178.099,1639557299999,55149309.27691,14643,8101.693,31518657.55539,0
1639557300000,3885.48,3896.32,3883.30,3894.50,4594.211,1639557599999,17873422.43911,7443,2385.702,9281719.62396,0
1639557600000,3894.50,3898.85,3882.48,3884.09,8697.305,1639557899999,33839025.17475,10512,3592.475,13984173.96676,0
1639557900000,3884.15,3889.95,3875.10,3875.23,6221.804,1639558199999,24159000.98134,8416,1743.505,6772745.76920,0
1639558200000,3875.34,3880.37,3873.28,3875.69,4508.800,1639558499999,17479262.61724,6950,2280.488,8841580.92078,0
1639558500000,3875.70,3889.04,3872.02,3887.83,5835.212,1639558799999,22651700.19380,6589,3836.548,14896357.68088,0
1639558800000,3887.91,3889.50,3881.69,3882.00,3456.811,1639559099999,13429840.40319,6522,1352.691,5255230.27563,0
1639559100000,3882.01,3884.98,3878.29,3884.59,1907.093,1639559399999,7401767.52039,4681,1102.579,4279703.28458,0
1639559400000,3884.59,3885.00,3874.53,3877.41,2693.084,1639559699999,10445523.66768,5433,1045.058,4053945.71812,0
1639559700000,3877.28,3880.93,3875.00,3877.38,1776.942,1639559999999,6890819.83128,4524,960.350,3724625.75555,0
1639560000000,3877.37,3879.34,3873.02,3875.99,3393.681,1639560299999,13152562.64802,5015,1802.286,6985515.55449,0
1639560300000,3875.98,3877.49,3867.74,3873.41,2796.303,1639560599999,10825482.80544,6271,1005.252,3891678.16375,0
1639560600000,3873.41,3875.96,3867.03,3873.54,2815.866,1639560899999,10901912.66949,5621,1467.412,5682232.44836,0
1639560900000,3873.54,3878.19,3869.63,3871.76,3131.814,1639561199999,12133461.12235,4617,1334.891,5172583.64778,0
1639561200000,3871.76,3872.86,3866.99,3871.71,2833.882,1639561499999,10966511.11368,4851,1186.767,4592739.01774,0
1639561500000,3871.72,3880.18,3871.72,3876.00,2053.597,1639561799999,7960307.21182,4691,1281.231,4966333.33800,0
1639561800000,3875.99,3883.19,3875.29,3877.39,2273.807,1639562099999,8820073.73551,4179,1088.034,4220873.73760,0
1639562100000,3877.38,3879.80,3873.05,3877.93,2023.788,1639562399999,7844141.03922,3569,745.152,2888389.51540,0
1639562400000,3877.94,3885.88,3876.03,3878.69,2879.747,1639562699999,11179259.47355,4888,1871.733,7266994.76224,0
1639562700000,3879.00,3885.07,3878.29,3881.32,2753.900,1639562999999,10689010.05112,4000,1860.760,7222367.26000,0
1639563000000,3881.31,3882.83,3871.52,3872.55,3443.977,1639563299999,13345505.75638,5278,1418.728,5497458.85901,0
1639563300000,3872.55,3873.20,3856.82,3856.94,9815.944,1639563599999,37920887.26158,10999,2607.032,10068392.22826,0
1639563600000,3856.95,3863.58,3852.30,3862.96,7220.624,1639563899999,27852360.52914,8887,2951.534,11389035.78245,0
1639563900000,3862.96,3865.25,3858.01,3863.40,2637.214,1639564199999,10185737.76527,5241,1503.177,5806384.78200,0
1639564200000,3863.20,3863.40,3853.56,3860.36,3628.211,1639564499999,13994550.39306,5252,1989.480,7673731.16555,0
1639564500000,3860.35,3864.21,3857.80,3858.63,2304.830,1639564799999,8899333.53367,3440,803.180,3101596.49769,0
1639564800000,3858.63,3861.34,3853.60,3858.58,2067.462,1639565099999,7973320.67399,4041,835.824,3223427.34907,0
1639565100000,3858.52,3862.84,3855.00,3862.47,1638.684,1639565399999,6323286.07142,3744,732.012,2824902.97701,0
1639565400000,3862.46,3868.78,3862.03,3863.49,2617.443,1639565699999,10117455.62770,4928,1848.987,7147368.60586,0
1639565700000,3863.50,3866.06,3857.53,3860.20,2053.104,1639565999999,7928378.40051,3378,929.500,3589675.15291,0
1639566000000,3860.39,3864.35,3855.03,3857.41,2569.262,1639566299999,9912811.86199,4859,1103.993,4259794.01816,0
1639566300000,3857.41,3860.96,3855.01,3859.47,1092.854,1639566599999,4216803.53109,3376,654.405,2525195.84354,0
1639566600000,3859.47,3874.09,3859.46,3868.89,4965.648,1639566899999,19202859.49733,7442,3764.024,14556008.16855,0
1639566900000,3868.89,3875.66,3868.50,3871.19,4029.451,1639567199999,15605384.03099,6703,2558.515,9909244.69993,0
1639567200000,3871.19,3871.20,3843.95,3850.37,11580.855,1639567499999,44620319.84234,12922,3151.173,12142355.22586,0
1639567500000,3850.38,3851.77,3841.75,3846.77,4042.664,1639567799999,15548931.40610,7070,1754.422,6748431.56206,0
1639567800000,3846.77,3853.76,3843.79,3851.86,3047.995,1639568099999,11734302.01079,5961,1926.919,7418640.87705,0
1639568100000,3851.86,3853.58,3844.01,3848.73,2828.131,1639568399999,10882754.26094,5169,1443.250,5553695.75325,0
1639568400000,3848.73,3855.90,3848.47,3853.66,2748.824,1639568699999,10591275.14697,5032,1531.151,5899420.11045,0
1639568700000,3853.66,3859.83,3853.05,3855.85,2276.894,1639568999999,8780776.50284,4233,1615.346,6229495.77885,0
1639569000000,3855.86,3855.86,3846.01,3851.26,2468.945,1639569299999,9506203.97364,4511,959.094,3693605.55446,0
1639569300000,3851.10,3854.56,3849.58,3849.59,1355.245,1639569599999,5220461.99005,3330,639.713,2464280.57882,0
1639569600000,3849.58,3861.61,3845.59,3856.01,5789.982,1639569899999,22314946.12978,8144,3423.963,13197298.25503,0
1639569900000,3855.82,3863.80,3855.39,3860.69,2437.743,1639570199999,9409667.56176,5488,1525.851,5890031.58768,0
1639570200000,3860.68,3869.86,3860.21,3867.46,5517.353,1639570499999,21326667.75064,7883,3885.912,15022721.64496,0
1639570500000,3867.29,3870.49,3862.50,3868.56,3528.048,1639570799999,13643945.70923,6221,1607.481,6217263.13311,0
1639570800000,3868.56,3870.35,3857.95,3860.56,2855.785,1639571099999,11033525.56860,5410,1270.599,4909242.57120,0
1639571100000,3860.55,3869.76,3860.25,3866.16,1800.020,1639571399999,6959714.68224,3891,925.556,3578688.93655,0
1639571400000,3866.17,3869.00,3852.68,3853.46,4050.843,1639571699999,15633332.02417,6299,1169.338,4513185.08785,0
1639571700000,3853.46,3856.00,3818.26,3826.70,22688.916,1639571999999,86962342.01018,24016,7806.721,29916329.61306,0
1639572000000,3826.46,3838.51,3825.24,3828.23,9508.966,1639572299999,36441974.80422,11341,5583.410,21398729.20163,0
1639572300000,3828.23,3832.04,3815.50,3821.58,15806.998,1639572599999,60454916.92413,15901,6542.561,25023662.84147,0
1639572600000,3821.58,3821.77,3807.92,3814.01,9876.022,1639572899999,37683762.19677,14393,4917.513,18767672.58955,0
1639572900000,3814.01,3822.17,3807.44,3807.91,7391.800,1639573199999,28206008.29253,9513,3485.987,13304944.06362,0
1639573200000,3808.28,3817.74,3803.80,3811.33,9778.856,1639573499999,37260365.48097,13521,4947.825,18855983.81577,0
1639573500000,3811.32,3816.41,3806.36,3816.40,4752.545,1639573799999,18112882.72881,7686,2351.299,8962825.26863,0
1639573800000,3816.40,3823.30,3815.00,3819.52,5120.632,1639574099999,19558240.47326,8101,3265.410,12472441.08677,0
1639574100000,3819.52,3822.00,3812.79,3813.27,2822.282,1639574399999,10772747.37990,5659,1326.478,5063495.85992,0
1639574400000,3813.27,3817.48,3802.51,3808.74,4668.236,1639574699999,17781846.20708,7484,1636.470,6234557.54670,0
1639574700000,3808.74,3822.54,3805.00,3821.27,4512.939,1639574999999,17220542.08526,7885,2811.715,10730749.65468,0
1639575000000,3821.27,3828.85,3818.18,3820.67,6525.871,1639575299999,24960083.17094,8755,3591.660,13739889.83768,0
1639575300000,3820.67,3830.00,3818.78,3828.87,4535.355,1639575599999,17355656.65017,7287,2929.333,11210506.76693,0
1639575600000,3828.81,3828.81,3821.79,3824.22,1849.291,1639575899999,7073895.71066,4130,945.305,3616059.33071,0
1639575900000,3824.23,3829.00,3822.59,3825.55,1907.782,1639576199999,7301643.06390,4203,958.391,3668218.88546,0
1639576200000,3825.39,3826.18,3818.42,3818.42,2270.618,1639576499999,8678811.06881,4415,733.319,2803219.58962,0
1639576500000,3818.42,3820.48,3811.02,3817.32,5001.401,1639576799999,19081381.53786,5729,2293.136,8750861.65733,0
1639576800000,3817.31,3818.31,3806.72,3812.73,4375.061,1639577099999,16677498.46166,6978,1858.533,7086005.61376,0
1639577100000,3812.72,3814.90,3808.80,3814.36,1752.048,1639577399999,6678391.28507,4717,1122.186,4277715.97034,0
1639577400000,3814.37,3824.79,3814.37,3823.53,4125.792,1639577699999,15761472.33807,5686,2867.519,10954759.28322,0
1639577700000,3823.53,3823.53,3816.52,3818.40,2225.007,1639577999999,8498480.44056,4509,990.461,3783291.41786,0
1639578000000,3818.41,3821.79,3817.27,3819.11,1682.399,1639578299999,6426154.32848,3762,859.909,3284750.50142,0
1639578300000,3818.87,3822.17,3813.88,3815.61,2740.013,1639578599999,10460084.92312,4632,1094.763,4180940.95730,0
1639578600000,3815.76,3816.98,3770.65,3775.07,27053.208,1639578899999,102568983.20098,29127,9132.706,34618415.81334,0
1639578900000,3775.08,3787.97,3774.72,3784.71,11695.163,1639579199999,44223555.83239,13722,6158.820,23288933.56063,0
1639579200000,3784.58,3785.00,3770.54,3773.52,5176.841,1639579499999,19559707.54747,9085,2521.436,9527218.00181,0
1639579500000,3773.56,3780.00,3762.72,3772.23,11019.015,1639579799999,41541935.54128,16155,5380.559,20288289.45595,0
1639579800000,3772.23,3778.47,3768.83,3772.61,4194.284,1639580099999,15829518.40227,7577,2525.890,9533713.97408,0
1639580100000,3772.62,3777.69,3766.14,3777.41,5475.601,1639580399999,20657035.73930,7848,3326.315,12549793.93810,0
1639580400000,3777.64,3785.00,3766.57,3766.79,8331.485,1639580699999,31488858.90205,10920,5262.565,19896981.54193,0
1639580700000,3766.57,3766.57,3744.00,3754.16,16204.938,1639580999999,60852522.72083,23184,6404.904,24051735.72791,0
1639581000000,3754.16,3754.42,3732.14,3742.02,17390.867,1639581299999,65082740.69058,23178,7840.676,29343353.73246,0
1639581300000,3742.08,3744.68,3717.14,3726.79,17838.779,1639581599999,66524875.95403,22013,7369.857,27488033.18625,0
1639581600000,3726.35,3734.78,3715.00,3721.80,19881.331,1639581899999,74069136.69348,21503,12293.115,45802661.11961,0
1639581900000,3721.81,3731.57,3700.00,3713.23,28461.400,1639582199999,105701993.46689,31920,10778.851,40059491.56098,0
1639582200000,3713.23,3734.40,3706.00,3731.25,12720.263,1639582499999,47340702.93251,16742,7717.125,28724913.93548,0
1639582500000,3730.72,3731.51,3714.01,3724.98,6594.077,1639582799999,24545077.90850,9919,3261.854,12142589.36521,0
1639582800000,3724.98,3726.48,3703.20,3709.08,8759.081,1639583099999,32525163.69526,11009,3682.505,13675885.36223,0
1639583100000,3709.08,3717.30,3692.97,3698.70,12051.650,1639583399999,44653290.84364,16219,5210.118,19313678.99590,0
1639583400000,3697.75,3706.15,3679.41,3683.09,23076.271,1639583699999,85191393.01225,28164,10728.827,39621679.61827,0
1639583700000,3683.32,3693.71,3650.00,3656.61,42020.758,1639583999999,154127333.13162,46826,16718.635,61344381.77892,0
1639584000000,3656.60,3677.00,3639.39,3673.76,44506.033,1639584299999,162946102.86529,47812,23258.013,85185147.13904,0
1639584300000,3673.43,3678.10,3662.84,3675.82,12573.781,1639584599999,46154368.57621,17633,7026.384,25794583.26173,0
1639584600000,3675.91,3685.88,3666.00,3685.02,11541.904,1639584899999,42421352.35992,16146,6993.330,25711468.25146,0
1639584900000,3685.18,3704.96,3672.29,3672.33,19694.651,1639585199999,72637633.93719,24008,9964.509,36760021.22523,0
1639585200000,3672.62,3686.50,3661.70,3684.32,9068.658,1639585499999,33320972.45828,13885,4632.327,17031345.23429,0
1639585500000,3684.07,3702.44,3682.83,3696.66,13299.931,1639585799999,49164355.40508,17235,7044.502,26036551.28289,0
1639585800000,3696.64,3698.00,3686.88,3695.02,14375.851,1639586099999,53065726.12578,11451,8068.479,29783871.96553,0
1639586100000,3695.02,3699.09,3682.84,3682.84,12672.130,1639586399999,46785971.26028,9099,4439.482,16394913.40718,0
1639586400000,3682.85,3690.29,3670.67,3687.06,9458.604,1639586699999,34819456.48445,12471,5307.815,19546815.99388,0
1639586700000,3687.06,3688.63,3673.41,3680.00,4345.721,1639586999999,15989928.35112,7139,1749.182,6435127.90227,0
1639587000000,3679.99,3694.02,3678.70,3693.46,5464.594,1639587299999,20144791.75488,8114,3795.468,13992111.30112,0
1639587300000,3693.47,3715.99,3688.89,3711.74,10280.120,1639587599999,38067221.48614,13757,7308.048,27064613.21983,0
1639587600000,3711.82,3715.96,3704.00,3710.57,8978.591,1639587899999,33319289.57857,11770,4030.310,14957694.45583,0
1639587900000,3710.57,3724.40,3702.89,3720.91,15488.293,1639588199999,57538997.94891,15270,11088.233,41204616.49861,0
1639588200000,3720.90,3720.90,3703.51,3704.65,4983.541,1639588499999,18488600.82744,8271,1666.146,6180519.02237,0
1639588500000,3704.74,3705.61,3691.47,3693.00,6749.804,1639588799999,24969035.34227,9739,2895.160,10712165.41013,0
1639588800000,3693.00,3700.03,3690.54,3692.79,4618.310,1639589099999,17063356.99781,6279,2296.303,8485193.36881,0
1639589100000,3692.79,3713.58,3691.11,3711.08,4499.848,1639589399999,16660912.37604,6120,3007.156,11135523.93063,0
1639589400000,3711.07,3719.80,3707.25,3719.00,5715.620,1639589699999,21231468.22613,8480,3174.749,11794580.96024,0
1639589700000,3719.00,3739.99,3718.73,3732.70,20085.825,1639589999999,74938430.11152,21072,11574.803,43184397.83926,0
1639590000000,3732.73,3738.64,3726.85,3731.12,7410.455,1639590299999,27648985.46556,9042,3176.658,11853460.73977,0
1639590300000,3731.24,3732.24,3720.70,3728.57,3441.249,1639590599999,12818661.15300,6165,1391.654,5184176.54015,0
1639590600000,3728.58,3735.75,3724.12,3728.91,3845.872,1639590899999,14340985.70762,5428,1668.214,6221899.23592,0
1639590900000,3729.00,3733.00,3724.64,3726.70,2295.428,1639591199999,8559413.06170,4744,1342.520,5006174.34872,0
1639591200000,3726.51,3727.66,3717.04,3721.78,3967.767,1639591499999,14766861.62657,6473,1186.406,4415561.04553,0
1639591500000,3721.79,3740.11,3719.21,3736.74,4477.501,1639591799999,16701371.03354,6512,3074.819,11468633.82712,0
1639591800000,3736.73,3740.29,3730.16,3736.73,3328.878,1639592099999,12434154.20687,6223,1266.536,4731777.06329,0
1639592100000,3736.73,3749.72,3733.06,3749.71,5874.429,1639592399999,21983222.01911,8594,3547.277,13278063.06654,0
1639592400000,3749.34,3763.00,3741.25,3762.72,11455.544,1639592699999,42999008.98126,14801,6698.565,25149155.24132,0
1639592700000,3762.72,3762.96,3752.64,3755.22,5671.062,1639592999999,21310930.87230,7896,1945.114,7309339.36974,0
1639593000000,3755.23,3764.94,3752.86,3760.16,5122.032,1639593299999,19261555.80215,7608,2742.269,10313165.36422,0
1639593300000,3760.16,3788.00,3759.17,3786.39,18026.100,1639593599999,68072925.71650,18910,12281.775,46377529.76263,0
1639593600000,3786.20,3814.67,3783.24,3811.12,21852.635,1639593899999,83005206.27090,26043,12633.144,47994439.83221,0
1639593900000,3811.12,3840.54,3811.11,3822.26,31402.717,1639594199999,120100676.36850,33900,15584.220,59619196.92900,0
1639594200000,3822.10,3831.42,3776.84,3785.72,32144.057,1639594499999,122168032.12329,32535,12737.120,48419360.92989,0
1639594500000,3785.72,3810.13,3782.17,3807.09,17302.614,1639594799999,65768256.26540,20198,10465.613,39784197.47864,0
1639594800000,3807.35,3934.00,3758.29,3884.45,114305.052,1639595099999,439226923.90814,114664,58983.651,226779315.24648,0
1639595100000,3884.24,3973.66,3880.52,3964.09,87669.247,1639595399999,344511437.02888,102069,49533.064,194675104.76347,0
1639595400000,3964.09,3988.12,3938.32,3948.41,49901.005,1639595699999,197665160.02482,66360,22361.736,88600353.20917,0
1639595700000,3948.49,3956.79,3924.11,3935.52,31849.484,1639595999999,125374608.77873,41562,14618.507,57565957.59854,0
1639596000000,3935.52,3942.01,3905.92,3917.01,25872.767,1639596299999,101442920.82889,32868,10755.058,42179977.98556,0
1639596300000,3917.01,3919.51,3872.16,3895.38,43444.607,1639596599999,169151814.63641,43812,16948.903,65975549.24928,0
1639596600000,3895.30,3946.00,3885.57,3898.17,42672.756,1639596899999,167026556.73882,45310,24962.751,97734182.89381,0
1639596900000,3898.38,3935.00,3896.96,3926.87,18336.311,1639597199999,71837087.32490,26712,10599.844,41526855.63821,0
1639597200000,3927.12,3972.85,3917.08,3937.29,35492.925,1639597499999,140158510.82037,44027,19715.717,77884884.39670,0
1639597500000,3937.29,3969.38,3934.70,3954.06,20259.248,1639597799999,80078029.91846,25879,10419.844,41197854.65510,0
1639597800000,3954.21,3974.09,3942.05,3968.20,16376.126,1639598099999,64861037.19872,24395,7856.797,31133379.90355,0
1639598100000,3967.81,3978.88,3963.48,3968.35,15000.022,1639598399999,59567234.89150,23117,6738.406,26765287.29303,0
1639598400000,3968.35,3999.00,3965.44,3990.49,30717.609,1639598699999,122376173.27274,34185,17179.205,68442861.26581,0
1639598700000,3990.50,4047.40,3987.61,4037.32,41459.973,1639598999999,166584428.34392,57924,26422.837,106179612.72227,0
1639599000000,4037.29,4050.00,4022.74,4034.83,21128.994,1639599299999,85317969.52556,31812,9481.517,38298700.48799,0
1639599300000,4034.82,4049.02,4026.17,4028.99,16326.412,1639599599999,65906784.09030,22674,7542.266,30450417.47118,0
1639599600000,4028.99,4045.00,4018.00,4029.73,14681.727,1639599899999,59157826.28124,21909,6606.511,26631130.17266,0
1639599900000,4030.35,4074.34,4024.00,4057.99,22298.877,1639600199999,90357809.82764,30305,13751.186,55743800.66268,0
1639600200000,4058.35,4073.95,4049.28,4067.87,15755.512,1639600499999,64001053.68839,27307,7572.522,30768403.35847,0
1639600500000,4067.82,4096.00,4054.12,4086.85,19042.058,1639600799999,77618311.58086,30800,10689.799,43586446.97302,0
1639600800000,4086.84,4090.58,4065.00,4065.95,13231.165,1639601099999,53967347.17176,20680,6050.817,24688211.57527,0
1639601100000,4065.94,4069.54,4043.33,4061.93,16194.725,1639601399999,65706867.39012,23373,7451.568,30236986.09451,0
1639601400000,4061.97,4083.69,4061.53,4067.35,10160.051,1639601699999,41382644.51147,17483,4691.775,19115052.67657,0
1639601700000,4067.36,4072.32,4053.00,4054.94,5981.598,1639601999999,24297889.86465,10875,2503.313,10170868.14468,0
1639602000000,4054.99,4073.00,4050.87,4053.44,6900.595,1639602299999,28041537.55502,12928,3789.239,15400485.26039,0
1639602300000,4053.15,4061.97,4045.76,4055.70,7416.187,1639602599999,30051778.32655,12584,3586.749,14537018.02570,0
1639602600000,4055.68,4062.02,4039.70,4039.70,6180.472,1639602899999,25038988.27239,11132,2424.245,9828804.32258,0
1639602900000,4039.71,4067.59,4038.59,4059.81,8561.525,1639603199999,34739521.94532,12613,5029.292,20406730.20342,0
1639603200000,4059.43,4069.67,4052.55,4056.28,4173.283,1639603499999,16942148.37711,8954,1993.622,8094148.49587,0
1639603500000,4056.28,4088.32,4054.79,4078.20,11197.383,1639603799999,45636782.49864,16822,5851.465,23846686.42619,0
1639603800000,4078.20,4091.48,4066.97,4068.39,15633.150,1639604099999,63787927.37494,19264,6999.914,28563893.84700,0
1639604100000,4068.39,4070.39,4050.93,4055.79,9732.129,1639604399999,39508182.87053,11518,3750.388,15230568.37663,0
1639604400000,4055.79,4060.37,4048.74,4052.30,5578.538,1639604699999,22617574.32317,7033,1811.055,7343393.57138,0
1639604700000,4052.30,4056.30,4041.42,4046.34,6559.774,1639604999999,26552730.47259,7908,2999.078,12140332.51228,0
1639605000000,4046.35,4052.75,4044.97,4048.21,5055.987,1639605299999,20471416.43717,6989,2872.497,11630740.75197,0
1639605300000,4048.22,4068.60,4047.63,4062.49,7112.312,1639605599999,28883512.86512,9404,4726.641,19193471.84389,0
1639605600000,4062.61,4069.38,4059.48,4060.19,4293.669,1639605899999,17457904.15619,7845,2134.000,8677578.26796,0
1639605900000,4060.20,4062.49,4046.07,4050.72,5785.055,1639606199999,23447479.27473,8730,1888.831,7653565.28711,0
1639606200000,4050.72,4053.41,4038.04,4040.08,4061.154,1639606499999,16429488.27595,8095,1608.060,6506667.26601,0
1639606500000,4040.12,4051.18,4034.78,4043.75,5650.678,1639606799999,22841734.73374,9469,2863.876,11579599.71342,0
1639606800000,4043.74,4044.00,4029.32,4032.95,5567.166,1639607099999,22466943.29368,10724,2316.119,9348256.06677,0
1639607100000,4033.08,4033.08,4020.66,4021.56,6533.842,1639607399999,26309892.13591,11967,2579.931,10389361.97781,0
1639607400000,4021.56,4025.00,4018.71,4019.00,3557.035,1639607699999,14302827.63144,10301,1594.686,6412984.01284,0
1639607700000,4019.01,4023.62,4019.00,4023.21,2668.098,1639607999999,10730407.91187,7683,1439.409,5789449.75096,0
1639608000000,4023.21,4030.32,4020.93,4020.94,3441.001,1639608299999,13856452.85945,5749,1974.852,7953570.44022,0
1639608300000,4020.93,4031.80,4012.03,4012.61,7101.808,1639608599999,28557668.87141,8806,2995.550,12052431.78478,0
1639608600000,4012.61,4015.36,4006.67,4008.49,4113.361,1639608899999,16499404.76237,7717,1531.315,6143420.30821,0
1639608900000,4008.49,4009.20,3994.45,4001.49,10535.275,1639609199999,42145588.31456,18835,5002.941,20013578.31717,0
1639609200000,4001.49,4025.41,4001.49,4023.15,10674.227,1639609499999,42840192.04687,15290,7257.965,29127137.48161,0
1639609500000,4023.15,4032.23,4021.18,4022.20,9033.553,1639609799999,36377834.90955,11565,4705.282,18950576.39734,0
1639609800000,4022.21,4031.93,4021.74,4023.98,3930.697,1639610099999,15829713.68941,6913,2435.556,9809188.43166,0
1639610100000,4023.97,4024.19,4011.56,4012.46,5607.876,1639610399999,22539472.86799,6920,2632.641,10585297.73205,0
1639610400000,4012.47,4020.97,4010.40,4011.66,3274.143,1639610699999,13148035.24502,5313,1664.772,6686156.92595,0
1639610700000,4011.63,4019.92,4009.23,4013.20,2691.825,1639610999999,10807176.26804,4601,1231.020,4942086.53791,0
1639611000000,4013.20,4018.07,4004.23,4008.22,3154.105,1639611299999,12648830.12644,5321,1285.491,5154769.83836,0
1639611300000,4008.22,4014.82,4004.63,4006.68,2203.313,1639611599999,8833921.23088,4417,1172.514,4700738.14639,0
1639611600000,4006.68,4014.07,4003.84,4003.85,3327.499,1639611899999,13334734.15370,4790,1555.461,6233880.58776,0
1639611900000,4003.84,4014.82,4003.41,4010.21,2505.400,1639612199999,10046253.74391,4568,1277.175,5120943.50538,0
1639612200000,4010.22,4026.64,4009.32,4019.08,5170.039,1639612499999,20766857.97372,7200,2985.587,11993092.46537,0
1639612500000,4019.08,4026.64,4016.79,4019.01,4231.573,1639612799999,17016952.33603,6284,2216.346,8913267.31090,0
1639612800000,4019.01,4034.02,4014.05,4032.34,12991.461,1639613099999,52266257.57611,14767,7307.982,29405055.13071,0
1639613100000,4032.34,4040.90,4017.00,4017.27,8646.255,1639613399999,34835676.62460,11095,3827.116,15421753.04582,0
1639613400000,4017.26,4035.60,4017.24,4034.55,4289.545,1639613699999,17282572.09253,6281,2926.539,11791960.38207,0
1639613700000,4034.86,4048.88,4034.38,4041.81,15100.975,1639613999999,61048080.10271,14560,8140.082,32905764.86514,0
1639614000000,4041.82,4055.97,4038.61,4044.74,9026.545,1639614299999,36525538.77896,10082,4730.995,19148894.47297,0
1639614300000,4044.45,4044.74,4035.72,4037.60,4090.052,1639614599999,16520502.67423,5926,1576.896,6369036.00302,0
1639614600000,4037.60,4042.93,4029.09,4029.72,3821.599,1639614899999,15420319.46758,6524,1542.170,6224677.09597,0
1639614900000,4029.73,4045.78,4026.51,4045.78,3479.254,1639615199999,14037264.11796,6103,2182.343,8806797.91097,0
1639615200000,4045.77,4052.25,4040.08,4046.48,4658.128,1639615499999,18853295.80598,6987,2240.063,9066788.81660,0
1639615500000,4046.60,4057.60,4040.51,4048.97,5803.447,1639615799999,23501316.43062,8423,3524.834,14273622.59901,0
1639615800000,4048.98,4051.90,4042.46,4043.60,3326.367,1639616099999,13460705.65920,4430,1345.357,5444556.95988,0
1639616100000,4043.60,4045.18,4036.82,4041.54,3378.879,1639616399999,13650803.88966,5024,1393.776,5630460.46125,0
1639616400000,4041.43,4046.89,4035.19,4044.69,2543.570,1639616699999,10276492.40665,5502,1332.835,5385276.50611,0
1639616700000,4044.70,4047.52,4029.49,4031.11,3757.054,1639616999999,15160552.88262,5835,1099.322,4435181.86895,0
1639617000000,4031.11,4036.08,4025.41,4035.19,4346.573,1639617299999,17517452.12053,6112,2402.789,9684657.90917,0
1639617300000,4035.20,4040.95,4027.86,4038.55,4323.309,1639617599999,17434616.50795,5311,1313.766,5301699.18659,0
1639617600000,4038.56,4048.45,4037.89,4046.75,2426.532,1639617899999,9814277.49514,5247,1440.954,5827867.90810,0
1639617900000,4046.74,4047.93,4036.67,4038.87,2740.824,1639618199999,11075544.81553,4341,533.532,2156652.99074,0
1639618200000,4038.86,4041.71,4034.00,4038.70,1615.585,1639618499999,6524025.80003,4398,702.114,2835402.38948,0
1639618500000,4038.69,4047.82,4038.69,4047.73,1888.890,1639618799999,7638201.91351,5140,1127.020,4557423.42222,0
1639618800000,4047.73,4049.85,4038.86,4042.74,2746.015,1639619099999,11106522.75363,4791,1508.050,6099715.40611,0
1639619100000,4042.74,4044.97,4039.05,4039.28,1643.696,1639619399999,6644102.12353,3466,690.583,2791609.10251,0
1639619400000,4039.28,4042.55,4034.38,4036.01,2326.328,1639619699999,9394869.86918,3934,913.750,3690857.20866,0
1639619700000,4036.01,4051.06,4035.19,4049.43,3799.956,1639619999999,15373590.56331,5417,2484.582,10051038.41851,0
1639620000000,4049.52,4052.70,4038.45,4039.40,3737.826,1639620299999,15117946.00772,5860,1661.070,6720385.58076,0
1639620300000,4039.37,4045.42,4034.78,4034.78,2505.281,1639620599999,10121460.41561,3941,948.505,3832920.51876,0
1639620600000,4034.79,4040.01,4033.34,4037.64,1968.197,1639620899999,7943954.37419,3511,952.797,3845729.84040,0
1639620900000,4037.63,4041.71,4031.44,4031.44,2223.955,1639621199999,8975946.17080,4042,737.700,2977000.89368,0
1639621200000,4031.44,4035.17,4028.05,4028.35,2349.022,1639621499999,9468081.80471,5044,1240.035,4998456.21301,0
1639621500000,4028.35,4034.20,4028.27,4028.27,1433.744,1639621799999,5779750.31708,3504,721.973,2910584.69939,0
1639621800000,4028.27,4033.15,4025.64,4032.77,2409.112,1639622099999,9707073.19556,4272,1213.747,4890763.49819,0
1639622100000,4032.78,4035.01,4029.39,4031.75,1967.268,1639622399999,7934231.04729,3351,775.358,3127110.35955,0
1639622400000,4031.75,4035.60,4028.34,4031.75,1685.718,1639622699999,6795808.26535,3301,1006.132,4056499.03611,0
1639622700000,4031.74,4036.09,4030.72,4035.38,978.949,1639622999999,3949481.90431,2909,602.556,2431107.51418,0
1639623000000,4035.38,4038.00,4027.59,4031.50,2150.736,1639623299999,8671484.66504,3539,1101.453,4441563.79227,0
1639623300000,4031.50,4035.39,4030.00,4030.39,1609.046,1639623599999,6488835.41874,3129,576.325,2324239.92314,0
1639623600000,4030.40,4036.57,4030.39,4033.73,1565.715,1639623899999,6316092.99490,4267,657.263,2651347.17599,0
1639623900000,4033.73,4038.04,4029.08,4029.38,1392.497,1639624199999,5616723.98941,3004,537.379,2167643.46402,0
1639624200000,4029.38,4029.38,4021.08,4021.73,3080.741,1639624499999,12396951.82394,5185,968.533,3897528.20696,0
1639624500000,4021.73,4025.98,4018.89,4025.98,4037.954,1639624799999,16244947.46963,5084,1862.316,7492648.48312,0
1639624800000,4025.97,4034.82,4025.01,4030.95,2204.940,1639625099999,8886699.73119,4252,969.559,3907248.55835,0
1639625100000,4030.72,4032.00,4021.34,4023.54,3438.357,1639625399999,13843847.04406,4773,1063.859,4282805.01848,0
1639625400000,4023.50,4027.85,4021.14,4021.97,2093.134,1639625699999,8422840.52710,4334,717.964,2889228.05094,0
1639625700000,4022.20,4023.37,4008.65,4015.89,8108.539,1639625999999,32549976.71959,9440,3025.740,12142463.00064,0
1639626000000,4015.55,4015.81,4007.08,4010.97,4495.042,1639626299999,18026753.48271,6093,2051.923,8228932.77193,0
1639626300000,4011.26,4015.44,4010.92,4011.69,2425.709,1639626599999,9734324.34367,3617,1287.844,5168332.63795,0
1639626600000,4011.94,4016.94,4004.54,4014.36,3671.989,1639626899999,14724273.13185,5148,1674.610,6715006.30104,0
1639626900000,4014.36,4020.52,4013.21,4018.13,2337.606,1639627199999,9390454.24718,3669,1395.726,5607304.87549,0
1639627200000,4017.97,4024.32,4017.27,4019.19,2164.419,1639627499999,8703803.33309,5291,1055.542,4244658.09114,0
1639627500000,4019.19,4019.65,4011.15,4014.42,1888.268,1639627799999,7582005.63225,3922,668.958,2686189.31833,0
1639627800000,4014.42,4016.27,4006.00,4009.83,2397.625,1639628099999,9613296.81708,5178,1163.279,4663950.67736,0
1639628100000,4009.83,4011.38,3995.26,4001.55,8077.732,1639628399999,32310644.13996,10702,3402.471,13609719.21484,0
1639628400000,4001.56,4004.52,3996.49,3999.03,2343.496,1639628699999,9375114.90547,5345,938.420,3754586.83853,0
1639628700000,3998.99,4015.66,3998.99,4015.45,3876.113,1639628999999,15537656.75753,7056,2685.481,10764311.44624,0
1639629000000,4015.45,4015.64,4006.05,4010.45,2690.663,1639629299999,10794636.35028,5216,888.702,3566127.77727,0
1639629300000,4010.45,4011.22,3995.67,4004.57,3606.902,1639629599999,14436294.60069,5618,1979.974,7924343.36240,0
1639629600000,4004.58,4009.12,4002.17,4006.68,1962.722,1639629899999,7863681.16548,4007,953.323,3819894.14569,0
1639629900000,4006.67,4014.01,4006.06,4009.23,4773.119,1639630199999,19142533.78543,4246,3667.486,14708097.31718,0
1639630200000,4009.24,4016.44,4008.98,4010.05,2103.002,1639630499999,8439206.62742,3772,996.289,3998324.05438,0
1639630500000,4010.26,4011.70,4004.23,4009.07,1871.512,1639630799999,7499849.96785,3600,673.048,2697367.86257,0
1639630800000,4009.08,4020.00,4008.35,4013.72,3624.463,1639631099999,14555243.63310,6163,2198.061,8827284.41245,0
1639631100000,4013.72,4014.78,4007.08,4009.39,2338.652,1639631399999,9379743.52545,4411,1180.180,4733214.87551,0
1639631400000,4009.40,4018.08,4009.12,4017.03,1630.624,1639631699999,6546103.60866,4150,1042.897,4186710.71364,0
1639631700000,4017.03,4022.76,4011.43,4011.96,2963.770,1639631999999,11908269.44473,5349,1767.672,7102941.14937,0
1639632000000,4011.72,4015.47,4006.80,4008.00,2100.363,1639632299999,8423324.98478,4856,949.898,3809494.39887,0
1639632300000,4008.00,4015.61,4007.14,4009.35,2330.173,1639632599999,9347608.75141,4016,1523.092,6109989.22562,0
1639632600000,4009.35,4014.01,4006.26,4009.72,1680.856,1639632899999,6740039.37820,3837,873.549,3503449.20781,0
1639632900000,4009.73,4013.42,4005.00,4005.05,1343.842,1639633199999,5384987.95308,3572,622.981,2496648.83385,0
1639633200000,4005.06,4011.00,3999.15,3999.97,2474.520,1639633499999,9908049.33792,4493,860.982,3448575.11555,0
1639633500000,3999.98,4006.19,3996.08,4001.23,3887.427,1639633799999,15550305.23441,5889,2256.691,9027835.66348,0
1639633800000,4001.23,4008.96,4001.00,4004.24,1483.188,1639634099999,5939767.74338,3526,895.843,3587547.26640,0
1639634100000,4004.23,4007.05,3983.42,3984.46,7037.748,1639634399999,28082649.64706,9862,1939.187,7738948.47105,0
1639634400000,3984.46,3996.27,3984.43,3989.72,5814.575,1639634699999,23204867.20709,8271,3630.254,14489595.33828,0
1639634700000,3989.73,3993.80,3978.15,3987.43,5712.228,1639634999999,22763198.81621,9292,2501.852,9970690.83157,0
1639635000000,3987.42,3993.23,3985.91,3993.01,2537.969,1639635299999,10125673.67129,5131,1548.642,6179270.89669,0
1639635300000,3993.01,4005.00,3990.56,3999.90,4032.984,1639635599999,16133886.36124,6905,2562.199,10248606.15115,0
1639635600000,3999.75,4001.50,3994.04,3995.98,2846.420,1639635899999,11378389.61804,4985,1422.873,5688498.47472,0
1639635900000,3995.98,4004.00,3995.97,4001.18,2972.385,1639636199999,11893049.11056,4330,1975.092,7903118.05168,0
1639636200000,4001.17,4001.37,3993.05,3996.66,1690.831,1639636499999,6757398.36082,4033,709.654,2836294.22806,0
1639636500000,3996.65,4003.00,3993.35,3996.90,1634.176,1639636799999,6534320.99175,3793,911.399,3644289.64986,0
1639636800000,3996.90,4006.68,3996.89,4005.72,2117.751,1639637099999,8476492.35965,4337,1458.323,5836898.51287,0
1639637100000,4005.72,4014.99,4003.67,4010.90,3478.194,1639637399999,13946606.90679,6508,2298.864,9219320.07240,0
1639637400000,4010.89,4016.04,4008.61,4008.62,3408.754,1639637699999,13678076.12571,6131,1723.581,6916991.51079,0
1639637700000,4008.62,4022.63,4007.51,4019.47,3738.318,1639637999999,15012448.62388,7504,2548.915,10237221.32585,0
1639638000000,4019.47,4029.90,4014.31,4027.92,10040.621,1639638299999,40412956.15575,11745,5638.590,22697457.72233,0
1639638300000,4027.61,4031.00,4022.97,4025.01,5303.915,1639638599999,21362119.58079,7798,2084.567,8398597.04830,0
1639638600000,4025.12,4027.00,4018.99,4023.58,3428.838,1639638899999,13792610.73372,7218,1577.992,6349072.47414,0
1639638900000,4023.57,4030.89,4021.75,4022.16,1833.145,1639639199999,7380848.84433,5984,1122.950,4521714.56774,0
1639639200000,4022.16,4024.53,4018.08,4024.20,2508.111,1639639499999,10086482.16680,5517,1182.309,4755132.12932,0
1639639500000,4024.19,4047.66,4022.35,4036.81,14348.496,1639639799999,57936267.13964,16554,8129.500,32823600.04705,0
1639639800000,4036.81,4041.31,4029.34,4030.77,4400.641,1639640099999,17755312.38662,7523,1778.737,7179204.79747,0
1639640100000,4030.45,4034.81,4028.89,4030.20,1943.684,1639640399999,7834936.16077,5063,1080.253,4354678.09991,0
1639640400000,4030.20,4044.56,4028.40,4040.91,5025.179,1639640699999,20288700.95949,7033,3536.369,14278258.58397,0
1639640700000,4040.92,4042.27,4030.71,4031.54,2209.458,1639640999999,8915893.09341,5294,822.466,3319363.33510,0
1639641000000,4031.53,4031.85,4007.43,4015.60,12711.054,1639641299999,51085532.90927,13106,4131.039,16601762.82869,0
1639641300000,4015.47,4024.42,4012.16,4019.79,5555.011,1639641599999,22324344.89070,7394,3086.929,12406273.97825,0
1639641600000,4019.79,4031.93,4019.06,4023.79,4003.251,1639641899999,16119682.79314,7510,2423.682,9758873.42839,0
1639641900000,4023.78,4027.04,4017.53,4022.43,2456.910,1639642199999,9882151.79098,4913,1046.668,4210253.44807,0
1639642200000,4022.44,4024.21,4013.07,4013.73,3709.804,1639642499999,14905391.72627,5681,1656.329,6656219.30452,0
1639642500000,4013.74,4024.99,4012.07,4020.53,2693.168,1639642799999,10824745.48090,5455,1452.895,5841212.15592,0
1639642800000,4020.53,4027.54,4020.26,4022.67,2525.322,1639643099999,10164008.24729,5183,1309.830,5271865.41501,0
1639643100000,4022.66,4023.72,4018.49,4019.51,1203.543,1639643399999,4838753.66333,3658,528.366,2124237.40183,0
1639643400000,4019.50,4030.00,4017.26,4023.64,3044.864,1639643699999,12255781.17760,5836,1629.947,6561450.20559,0
1639643700000,4023.64,4031.52,4022.72,4024.60,2162.676,1639643999999,8710283.35977,4780,981.163,3951774.47642,0
1639644000000,4024.60,4033.51,4021.52,4032.32,3190.519,1639644299999,12852650.93447,5703,2239.989,9024760.33089,0
1639644300000,4032.32,4039.00,4032.04,4037.25,4677.452,1639644599999,18876444.87416,8259,2966.172,11970309.88991,0
1639644600000,4037.30,4038.85,4027.73,4031.38,3180.610,1639644899999,12825147.85636,5646,1348.044,5436248.64040,0
1639644900000,4031.38,4031.92,4025.02,4028.06,1946.134,1639645199999,7837929.50314,3976,784.794,3160769.80992,0
1639645200000,4028.07,4036.58,4027.50,4035.13,1540.154,1639645499999,6211061.24332,4895,869.872,3507891.73248,0
1639645500000,4035.13,4038.27,4030.30,4030.31,1548.843,1639645799999,6250498.70403,4475,779.161,3144677.26421,0
1639645800000,4030.31,4033.56,4025.01,4026.80,1745.389,1639646099999,7031552.08619,4994,534.766,2154510.55452,0
1639646100000,4026.80,4036.39,4026.77,4034.25,2034.284,1639646399999,8203127.51091,4299,1230.139,4960091.22169,0
1639646400000,4034.25,4041.81,4030.00,4031.13,3364.414,1639646699999,13583085.08918,6098,1800.047,7268560.25108,0
1639646700000,4031.13,4037.65,4031.00,4035.69,1752.235,1639646999999,7068103.09133,4173,1000.275,4034781.84125,0
1639647000000,4035.70,4041.79,4034.29,4035.91,2174.584,1639647299999,8781290.69913,5847,1192.103,4814602.60369,0
1639647300000,4035.90,4037.53,4030.09,4037.53,1519.289,1639647599999,6127534.07584,4455,747.986,3017400.59537,0
1639647600000,4037.52,4042.00,4037.05,4040.94,2902.584,1639647899999,11726980.60399,5400,1784.704,7210393.53819,0
1639647900000,4040.96,4044.96,4038.75,4042.13,2389.032,1639648199999,9655993.84323,5306,1519.590,6141743.41698,0
1639648200000,4042.12,4042.12,4035.20,4038.24,1652.777,1639648499999,6672937.98894,4222,789.922,3189164.90638,0
1639648500000,4038.24,4044.97,4036.14,4042.23,2360.100,1639648799999,9534595.97279,4560,1355.988,5478510.38998,0
1639648800000,4042.23,4055.16,4036.82,4050.33,7292.777,1639649099999,29518098.11457,10975,4451.425,18018406.93101,0
1639649100000,4050.34,4055.56,4046.24,4048.09,4624.515,1639649399999,18732136.85157,8910,2258.189,9147760.03311,0
1639649400000,4048.19,4050.75,4043.53,4049.27,3242.385,1639649699999,13124154.45941,6759,1534.463,6211530.76277,0
1639649700000,4049.27,4052.71,4045.15,4046.82,4035.753,1639649999999,16337422.79383,6771,1414.910,5728919.52301,0
1639650000000,4047.01,4047.06,4033.20,4035.64,5452.517,1639650299999,22017471.88740,9458,1728.392,6979455.54395,0
1639650300000,4035.64,4040.00,4033.20,4037.65,2054.484,1639650599999,8293673.31748,4924,1131.630,4568376.73616,0
1639650600000,4037.65,4046.01,4037.01,4041.58,2899.289,1639650899999,11719429.65366,5600,1593.149,6439862.62311,0
1639650900000,4041.36,4045.28,4038.45,4044.07,1663.758,1639651199999,6725220.92941,3986,786.989,3181370.32862,0
1639651200000,4044.07,4044.07,4035.60,4039.72,2492.497,1639651499999,10065588.96927,4414,753.124,3041544.65325,0
1639651500000,4039.72,4043.03,4036.55,4041.71,1484.889,1639651799999,5999118.84785,4029,748.055,3022703.26570,0
1639651800000,4041.71,4044.95,4037.65,4038.21,1353.371,1639652099999,5469409.52959,3847,581.334,2349852.21970,0
1639652100000,4038.21,4048.97,4035.11,4048.17,3146.594,1639652399999,12721971.97069,6145,1988.605,8040843.86445,0
1639652400000,4048.22,4048.87,4036.20,4046.11,4109.097,1639652699999,16613183.69140,7248,2225.152,8997099.45755,0
1639652700000,4046.10,4049.00,4031.00,4031.88,4098.750,1639652999999,16552701.38426,8588,1299.082,5248328.70742,0
1639653000000,4031.88,4035.55,4022.61,4028.17,7314.578,1639653299999,29463574.63377,11357,3012.842,12135879.04577,0
1639653300000,4028.64,4033.10,4017.38,4020.99,5326.289,1639653599999,21423829.17275,9665,2219.968,8930086.27203,0
1639653600000,4020.97,4029.21,4020.97,4029.01,2885.711,1639653899999,11615950.59407,6532,1599.211,6437524.40083,0
1639653900000,4029.01,4035.51,4023.09,4034.04,2889.335,1639654199999,11643310.58766,6345,1644.070,6625485.26437,0
1639654200000,4034.09,4043.59,4032.24,4041.18,3888.465,1639654499999,15706785.39609,7173,2081.483,8407964.17490,0
1639654500000,4041.18,4046.24,4040.50,4044.73,3358.929,1639654799999,13582390.13901,5919,1752.344,7086005.33466,0
1639654800000,4044.95,4078.78,4044.29,4074.91,29984.410,1639655099999,121929396.74449,29667,18790.576,76393900.30161,0
1639655100000,4074.88,4083.90,4068.18,4074.52,13519.078,1639655399999,55104919.07946,17039,6975.731,28441422.14177,0
1639655400000,4074.51,4079.70,4069.69,4073.01,6439.749,1639655699999,26237847.03480,10136,3147.258,12824194.20365,0
1639655700000,4073.00,4073.99,4055.43,4067.08,10620.486,1639655999999,43166281.59653,14489,3743.562,15217175.59288,0
1639656000000,4067.24,4072.00,4055.12,4062.62,7811.649,1639656299999,31737993.09024,11368,3596.318,14613410.55555,0
1639656300000,4062.53,4066.54,4058.01,4060.00,3141.264,1639656599999,12761511.82755,6741,1413.370,5742320.15964,0
1639656600000,4059.99,4064.00,4053.00,4054.93,3957.260,1639656899999,16058110.39809,7473,1422.933,5775137.99975,0
1639656900000,4054.92,4060.18,4047.22,4057.27,5345.957,1639657199999,21670780.40884,8896,2527.524,10248706.47146,0
1639657200000,4057.28,4066.24,4056.39,4063.93,2587.716,1639657499999,10511816.70173,6256,1584.461,6436303.48624,0
1639657500000,4063.93,4064.23,4056.22,4058.12,2128.241,1639657799999,8640615.57293,4966,932.821,3787389.73106,0
1639657800000,4058.11,4069.37,4054.32,4067.06,3436.562,1639658099999,13963603.27686,6769,2002.875,8141089.37840,0
1639658100000,4066.98,4076.00,4062.90,4065.59,4975.038,1639658399999,20244175.48690,8278,2498.294,10169153.14922,0
1639658400000,4065.59,4065.95,4032.12,4046.26,24276.693,1639658699999,98173883.24371,24354,11292.680,45663902.03532,0
1639658700000,4046.26,4047.29,4027.22,4033.79,15944.995,1639658999999,64357340.32601,16949,6110.659,24662008.54456,0
1639659000000,4033.80,4041.31,4022.73,4031.69,8111.384,1639659299999,32697948.21610,11259,3749.767,15119122.24242,0
1639659300000,4031.69,4036.21,4027.29,4029.98,4240.658,1639659599999,17099564.02006,7012,2633.642,10620186.65542,0
1639659600000,4029.98,4034.69,4025.28,4027.23,6683.965,1639659899999,26934308.20100,8286,2231.838,8995523.13406,0
1639659900000,4027.20,4029.17,4006.21,4008.50,14454.137,1639660199999,58076574.35537,16386,6311.904,25369668.01009,0
1639660200000,4008.75,4023.53,4006.11,4019.24,10540.854,1639660499999,42328832.18127,12525,6336.159,25445572.63453,0
1639660500000,4019.30,4026.35,4013.46,4022.34,6014.009,1639660799999,24180025.56619,9018,3450.847,13875660.14880,0
1639660800000,4022.34,4040.96,4022.10,4035.83,9384.966,1639661099999,37860509.21407,11239,6786.724,27377701.67265,0
1639661100000,4035.83,4054.64,4031.06,4054.58,8827.564,1639661399999,35701001.20796,14163,4264.983,17251720.66316,0
1639661400000,4054.58,4061.86,4049.65,4053.91,9625.254,1639661699999,39030725.83417,13965,4789.739,19424231.24184,0
1639661700000,4053.91,4056.16,4043.35,4053.35,6817.029,1639661999999,27612846.02651,9409,2706.624,10963409.51890,0
1639662000000,4053.35,4077.91,4047.30,4076.69,15949.351,1639662299999,64858387.13040,16719,8658.669,35212840.98346,0
1639662300000,4076.70,4079.80,4072.47,4074.04,9525.773,1639662599999,38823395.79519,14607,4881.925,19898988.33669,0
1639662600000,4074.02,4092.50,4065.63,4067.14,18795.720,1639662899999,76689395.48804,22197,9862.073,40258564.46589,0
1639662900000,4066.99,4078.30,4062.20,4075.73,6378.480,1639663199999,25959447.98404,10278,3322.923,13527166.86458,0
1639663200000,4075.77,4076.65,4056.02,4058.06,9041.604,1639663499999,36744820.76321,12689,3599.504,14630082.58593,0
1639663500000,4058.05,4063.67,4054.95,4059.70,4328.864,1639663799999,17570896.90798,6954,2215.455,8993238.01964,0
1639663800000,4059.69,4060.00,4046.74,4054.32,5522.964,1639664099999,22384359.74838,8175,1891.443,7667688.00725,0
1639664100000,4054.36,4064.99,4047.00,4062.89,6177.867,1639664399999,25044432.48950,8669,3646.961,14789858.40112,0
1639664400000,4062.90,4077.91,4061.09,4070.50,9209.247,1639664699999,37496047.68051,13309,5424.547,22086096.45858,0
1639664700000,4070.56,4071.90,4061.12,4068.66,3905.766,1639664999999,15882092.18963,7068,1509.379,6138540.40233,0
1639665000000,4068.66,4079.10,4062.20,4076.30,7256.400,1639665299999,29548486.36491,10276,4006.775,16316763.96278,0
1639665300000,4076.29,4088.88,4069.45,4069.88,13559.109,1639665599999,55334075.49359,16386,6384.398,26065814.16307,0
1639665600000,4069.88,4073.48,4062.63,4066.81,5952.693,1639665899999,24211885.23667,9743,3271.631,13308538.59130,0
1639665900000,4066.80,4083.15,4063.81,4080.51,6947.044,1639666199999,28306019.52790,10196,4222.172,17205658.72817,0
1639666200000,4080.77,4083.92,4065.43,4068.52,5676.669,1639666499999,23118794.03091,8479,1619.671,6597767.97848,0
1639666500000,4068.52,4069.53,4060.59,4062.53,6254.062,1639666799999,25421929.66983,8045,3095.000,12582694.54475,0
1639666800000,4062.54,4064.38,4046.09,4049.84,14483.317,1639667099999,58699621.94254,17489,5245.972,21260627.82255,0
1639667100000,4049.85,4052.93,4039.24,4046.47,10620.409,1639667399999,42959886.74443,13595,5325.204,21542129.94653,0
1639667400000,4046.47,4053.39,4046.46,4050.51,3761.037,1639667699999,15231960.28786,6708,2283.544,9248477.07354,0
1639667700000,4050.52,4062.39,4048.20,4059.22,6674.415,1639667999999,27067901.30398,9715,4543.166,18428393.72014,0
1639668000000,4059.22,4065.43,4056.62,4062.87,2847.936,1639668299999,11564008.13166,6440,1638.985,6656257.95191,0
1639668300000,4062.86,4082.00,4062.42,4081.77,13991.370,1639668599999,57004593.26596,15463,8265.296,33679226.31280,0
1639668600000,4082.00,4091.77,4077.75,4079.80,19992.978,1639668899999,81673544.46349,20220,9737.109,39780455.73175,0
1639668900000,4079.79,4089.99,4073.52,4080.94,8704.968,1639669199999,35527065.92880,13224,4815.072,19653657.86051,0
1639669200000,4080.93,4084.53,4074.02,4074.08,5285.163,1639669499999,21556421.34052,8324,1919.170,7828494.81866,0
1639669500000,4074.10,4090.24,4072.88,4089.04,5462.612,1639669799999,22296456.25245,9884,3477.322,14197065.76002,0
1639669800000,4089.05,4118.47,4083.99,4087.41,35525.533,1639670099999,145679152.21271,37180,18207.985,74694056.64087,0
1639670100000,4087.41,4097.03,4077.66,4080.78,9356.449,1639670399999,38249823.00260,14872,4681.727,19144357.35147,0
1639670400000,4080.77,4091.11,4056.37,4070.92,22246.835,1639670699999,90579819.76225,25874,11027.985,44907532.58641,0
1639670700000,4070.93,4096.97,4070.70,4082.43,20726.248,1639670999999,84698895.52978,23296,11079.664,45285494.22693,0
1639671000000,4082.26,4090.73,4078.85,4083.77,4511.491,1639671299999,18424314.16058,8870,2651.049,10826790.12874,0
1639671300000,4083.77,4093.16,4081.56,4082.51,5294.798,1639671599999,21640481.88901,9278,2727.859,11151647.33852,0
1639671600000,4082.50,4110.00,4079.72,4103.79,19976.630,1639671899999,81907824.39434,20041,13124.656,53815747.27552,0
1639671900000,4103.79,4105.56,4093.18,4097.94,8985.742,1639672199999,36823049.36751,10447,3029.481,12415100.17743,0
1639672200000,4097.94,4101.57,4084.22,4086.81,6666.822,1639672499999,27271712.87621,9359,2642.277,10808611.38270,0
1639672500000,4086.82,4088.72,4070.09,4072.23,11693.934,1639672799999,47672763.11960,13328,5134.865,20928633.65711,0
1639672800000,4072.23,4082.73,4064.02,4080.81,12413.424,1639673099999,50550757.60619,13574,7770.910,31653037.36263,0
1639673100000,4080.81,4099.04,4071.08,4089.30,14681.141,1639673399999,60036917.73568,15218,8291.882,33915046.77624,0
1639673400000,4089.30,4092.60,4084.49,4088.33,4451.268,1639673699999,18198843.57500,6136,2248.567,9193945.09335,0
1639673700000,4088.33,4094.05,4073.43,4079.11,6810.012,1639673999999,27806675.34919,8249,2567.624,10483377.71536,0
1639674000000,4079.10,4079.99,4062.00,4067.95,9679.288,1639674299999,39388094.99298,11758,4021.164,16366136.55204,0
1639674300000,4067.86,4070.02,4048.00,4049.24,15447.915,1639674599999,62655834.28812,18055,5563.853,22568186.21112,0
1639674600000,4049.23,4059.61,4045.43,4049.29,10216.056,1639674899999,41393679.08706,12109,5914.246,23969338.34161,0
1639674900000,4049.29,4056.37,4044.88,4054.48,6460.032,1639675199999,26164616.47630,8798,3888.041,15748326.24037,0
1639675200000,4054.48,4057.70,4046.46,4047.82,3679.577,1639675499999,14913793.19173,5701,1739.791,7055007.04301,0
1639675500000,4047.81,4048.73,4036.73,4047.05,12914.495,1639675799999,52190181.86920,13627,5052.017,20419204.39955,0
1639675800000,4047.04,4054.35,4044.31,4052.63,4893.106,1639676099999,19818774.87784,7011,2953.873,11964122.55948,0
1639676100000,4052.63,4055.16,4041.58,4043.64,3460.774,1639676399999,14009450.42689,6237,1236.324,5006390.41641,0
1639676400000,4043.64,4047.45,4038.95,4042.63,3352.908,1639676699999,13555561.24628,6150,1643.041,6643390.04347,0
1639676700000,4042.54,4051.29,4038.94,4039.67,2563.458,1639676999999,10369464.55571,5591,1332.358,5390556.17447,0
1639677000000,4039.65,4047.06,4037.00,4045.00,2859.109,1639677299999,11555691.39532,6209,1599.779,6466386.44145,0
1639677300000,4044.99,4047.29,4033.27,4035.09,3939.233,1639677599999,15911447.51766,6837,1448.629,5852878.95053,0
1639677600000,4034.67,4042.59,4031.43,4039.37,5541.897,1639677899999,22371140.98183,8364,2678.321,10812813.38292,0
1639677900000,4039.36,4054.47,4039.36,4054.14,4668.065,1639678199999,18892924.11908,7041,3388.581,13714279.61638,0
1639678200000,4054.14,4062.45,4049.51,4058.79,9084.252,1639678499999,36861823.62487,9871,6067.769,24624739.62625,0
1639678500000,4058.79,4059.56,4050.70,4057.70,2617.879,1639678799999,10614435.60565,5468,1358.043,5506898.34645,0
1639678800000,4057.93,4060.77,4053.94,4057.01,1332.483,1639679099999,5406291.24913,3791,775.777,3147680.92085,0
1639679100000,4057.01,4060.80,4052.59,4053.83,1628.835,1639679399999,6608431.90947,3977,837.710,3399415.17788,0
1639679400000,4053.83,4054.15,4038.14,4039.53,3981.211,1639679699999,16100556.68723,6744,1113.763,4504660.98078,0
1639679700000,4039.53,4039.90,4021.52,4031.15,10945.292,1639679999999,44105080.59142,13602,3791.881,15279826.57852,0
1639680000000,4031.11,4033.27,4013.67,4020.48,14222.307,1639680299999,57169126.75847,13970,4950.775,19909800.18592,0
1639680300000,4020.75,4024.00,4016.25,4016.96,4021.782,1639680599999,16167679.52394,6417,2227.225,8954282.91600,0
1639680600000,4016.95,4019.90,4010.45,4016.64,5065.277,1639680899999,20335514.15011,7585,1881.819,7556527.24383,0
1639680900000,4016.63,4027.00,4014.63,4025.06,6316.020,1639681199999,25407600.52417,7800,4136.329,16640298.34693,0
1639681200000,4025.06,4028.00,4020.61,4027.94,3281.906,1639681499999,13209583.49631,5850,1422.984,5728356.06208,0
1639681500000,4027.95,4035.87,4020.20,4021.06,4345.131,1639681799999,17503587.56631,6818,2258.898,9103267.67276,0
1639681800000,4021.06,4024.90,4010.58,4012.59,5268.193,1639682099999,21160013.76437,7355,1464.290,5882343.74389,0
1639682100000,4012.58,4017.14,4006.46,4010.71,4999.540,1639682399999,20048429.66265,8733,2180.796,8745911.84801,0
1639682400000,4010.76,4012.25,4000.02,4000.77,5828.788,1639682699999,23337392.09722,8858,2345.217,9390360.53945,0
1639682700000,4000.77,4003.59,3991.95,3998.78,10095.647,1639682999999,40353453.92794,13386,3752.621,15000730.83716,0
1639683000000,3998.78,4009.54,3996.35,4003.63,5935.165,1639683299999,23759131.97165,8834,3766.561,15078324.03152,0
1639683300000,4003.63,4013.82,3998.01,4010.52,7282.459,1639683599999,29175786.27829,8658,4212.902,16878142.17035,0
1639683600000,4010.52,4016.10,4003.54,4008.39,2867.750,1639683899999,11498198.36001,5225,1453.193,5827559.68635,0
1639683900000,4008.39,4008.72,3981.58,3984.37,13000.469,1639684199999,51881083.86344,16438,4226.443,16866463.18410,0
1639684200000,3984.64,3994.37,3980.59,3986.05,5590.153,1639684499999,22295682.69789,8539,3451.626,13767677.23110,0
1639684500000,3986.05,3998.42,3983.83,3996.81,4821.896,1639684799999,19247950.08844,6849,2901.325,11583287.83438,0
1639684800000,3996.81,4012.60,3993.00,4002.10,9786.655,1639685099999,39182267.31381,12638,5818.772,23298342.71978,0
1639685100000,4002.10,4014.62,4002.10,4005.25,8816.504,1639685399999,35362132.34044,9328,5892.282,23632377.66042,0
1639685400000,4005.25,4009.89,4000.11,4003.65,1577.708,1639685699999,6317860.54199,4483,575.263,2303898.42468,0
1639685700000,4003.65,4013.41,3998.82,4012.74,4784.153,1639685999999,19164323.35847,6639,2388.125,9572688.09719,0
1639686000000,4012.73,4038.00,4010.75,4032.47,18481.527,1639686299999,74434735.55872,15310,12940.389,52108256.08843,0
1639686300000,4032.47,4043.93,4027.06,4037.39,10547.580,1639686599999,42557730.46819,10733,5956.022,24035190.39873,0
1639686600000,4037.40,4046.96,4031.05,4042.54,9000.898,1639686899999,36355568.72580,12030,4344.445,17554370.56822,0
1639686900000,4042.99,4045.00,4033.74,4042.28,2695.823,1639687199999,10892306.31592,5356,1253.549,5066251.82473,0
1639687200000,4042.28,4043.53,4027.60,4028.07,3073.615,1639687499999,12400177.16953,5965,811.415,3273835.67255,0
1639687500000,4028.08,4032.82,4022.33,4022.33,3547.006,1639687799999,14286954.16190,6135,1239.769,4995658.74436,0
1639687800000,4022.33,4034.07,4021.92,4025.72,3214.812,1639688099999,12949476.15478,5294,1362.097,5488259.77506,0
1639688100000,4025.71,4033.67,4017.26,4018.67,3192.428,1639688399999,12849819.58697,5257,994.445,4002724.51989,0
1639688400000,4018.68,4033.84,4017.06,4033.82,3237.070,1639688699999,13029197.53291,6280,2035.276,8193269.69615,0
1639688700000,4033.83,4036.92,4026.60,4036.91,1591.409,1639688999999,6417271.17633,3927,952.128,3839601.71513,0
1639689000000,4036.91,4036.92,4030.03,4033.06,997.565,1639689299999,4023421.97727,3116,467.948,1887197.98887,0
1639689300000,4033.20,4033.20,4015.46,4023.94,3453.492,1639689599999,13887085.11840,5601,1232.506,4956115.82405,0
1639689600000,4023.94,4031.06,4018.68,4029.84,1431.125,1639689899999,5759364.19671,3376,738.774,2973487.55674,0
1639689900000,4029.90,4033.68,4024.47,4028.91,1256.759,1639690199999,5064376.17056,3161,754.780,3042061.47619,0
1639690200000,4028.91,4031.12,4021.70,4025.27,1451.554,1639690499999,5844184.17739,3403,643.748,2591351.64417,0
1639690500000,4025.56,4028.00,4017.06,4021.52,3214.990,1639690799999,12923239.93674,4980,1705.290,6854140.91335,0
1639690800000,4021.52,4023.55,4015.44,4020.53,1713.676,1639691099999,6886684.94130,3823,674.757,2711908.65644,0
1639691100000,4020.52,4028.81,4019.69,4028.80,1430.283,1639691399999,5756061.49638,3484,860.969,3464940.60315,0
1639691400000,4028.81,4029.22,4023.00,4028.38,923.475,1639691699999,3717836.68538,2745,436.364,1756850.75655,0
1639691700000,4028.37,4032.00,4026.16,4030.10,1242.340,1639691999999,5006018.78946,3523,675.632,2722559.44269,0
1639692000000,4030.10,4036.20,4010.56,4013.77,7935.906,1639692299999,31912869.58881,10345,2668.269,10729374.81732,0
1639692300000,4013.77,4014.19,3962.00,3973.17,33930.653,1639692599999,135243387.04573,33126,11896.852,47410370.75260,0
1639692600000,3972.80,4001.23,3968.74,4000.22,12148.040,1639692899999,48456719.32209,16002,7748.966,30901417.81410,0
1639692900000,4000.23,4007.03,3992.34,4005.99,6327.732,1639693199999,25319202.16783,9294,3990.244,15968702.41578,0
1639693200000,4005.98,4008.00,3995.25,4001.34,3483.878,1639693499999,13948175.54635,6584,1692.045,6775232.30028,0
1639693500000,4001.35,4003.17,3997.79,3997.79,1914.667,1639693799999,7659917.46100,4599,800.167,3201499.53192,0
1639693800000,3997.79,4003.49,3997.62,4000.27,1809.807,1639694099999,7239213.82467,3795,1043.770,4175229.53062,0
1639694100000,4000.27,4013.82,4000.27,4013.82,2975.918,1639694399999,11927616.82118,4413,2490.682,9982553.01311,0
1639694400000,4013.82,4019.49,4011.53,4015.00,3286.977,1639694699999,13198535.93920,5852,2357.480,9466881.83335,0
1639694700000,4014.95,4020.30,4011.93,4017.45,2294.423,1639694999999,9218013.70461,4238,1178.955,4737108.98087,0
1639695000000,4017.44,4019.28,4008.41,4012.30,2636.227,1639695299999,10579194.32272,4430,1372.907,5509542.61802,0
1639695300000,4012.31,4022.97,4006.93,4007.06,3015.910,1639695599999,12109437.66137,5359,1427.612,5734361.20806,0
1639695600000,4007.06,4007.74,3990.80,3991.47,8942.288,1639695899999,35759665.79733,10405,3411.756,13647256.82480,0
1639695900000,3991.47,3995.58,3987.92,3995.16,3934.075,1639696199999,15703023.91210,6410,2115.231,8443848.16297,0
1639696200000,3995.16,4002.34,3983.51,3989.03,5586.402,1639696499999,22305858.83946,6693,2756.486,11011863.81670,0
1639696500000,3989.03,3999.00,3985.89,3990.04,4079.398,1639696799999,16288328.97071,5228,2383.646,9517857.02297,0
1639696800000,3990.04,3996.79,3988.69,3993.90,2918.981,1639697099999,11655822.42358,4809,1590.474,6351170.93895,0
1639697100000,3994.36,3999.82,3991.42,3995.77,3893.098,1639697399999,15551851.23577,4657,1265.728,5057484.72141,0
1639697400000,3995.77,3997.60,3971.25,3971.62,10107.895,1639697699999,40231049.33122,12082,3535.015,14061211.83789,0
1639697700000,3971.33,3983.83,3968.90,3980.46,6911.016,1639697999999,27478591.34954,8393,4542.539,18064036.14252,0
1639698000000,3980.45,3980.84,3951.14,3958.93,14883.784,1639698299999,58977532.62677,16189,5046.500,19994765.91678,0
1639698300000,3958.93,3971.58,3955.05,3967.96,11226.520,1639698599999,44482107.18698,12168,5585.941,22136764.95642,0
1639698600000,3967.98,3972.81,3960.97,3963.62,3534.375,1639698899999,14025265.32221,5959,1696.805,6733029.70116,0
1639698900000,3963.62,3966.26,3953.43,3958.67,4705.252,1639699199999,18629979.29764,6803,1848.957,7320819.11471,0
1639699200000,3958.70,3966.92,3932.37,3959.51,32665.293,1639699499999,129048681.15605,27744,14771.607,58377560.80174,0
1639699500000,3959.50,3968.43,3951.81,3968.29,9394.782,1639699799999,37218699.53937,10968,5984.338,23709875.17827,0
1639699800000,3968.29,3974.74,3964.02,3972.31,7399.609,1639700099999,29381439.52192,8920,4734.136,18799627.73942,0
1639700100000,3972.04,3975.18,3964.00,3965.72,5954.276,1639700399999,23635617.81604,6156,3543.207,14067248.90202,0
1639700400000,3965.74,3971.54,3951.42,3958.00,5162.213,1639700699999,20440794.67102,7341,1838.284,7281255.99083,0
1639700700000,3958.01,3971.27,3953.08,3969.26,4816.915,1639700999999,19089785.69191,6654,3724.870,14761207.63388,0
1639701000000,3968.98,3973.14,3956.07,3962.02,3887.927,1639701299999,15404382.47765,5801,1458.345,5779211.24718,0
1639701300000,3962.02,3980.59,3962.01,3976.93,5980.921,1639701599999,23758097.68252,6953,4849.284,19264901.02029,0
1639701600000,3976.94,3987.00,3975.77,3978.14,7518.011,1639701899999,29933302.78367,10144,4370.081,17400264.03863,0
1639701900000,3978.14,3982.00,3974.29,3976.89,2935.360,1639702199999,11674189.17571,4543,1420.207,5648556.86129,0
1639702200000,3976.89,3985.00,3976.89,3982.91,4001.846,1639702499999,15936144.32430,5030,2250.878,8964303.61093,0
1639702500000,3982.90,3982.90,3972.48,3977.74,2759.297,1639702799999,10969977.81321,4321,1007.214,4005185.62953,0
1639702800000,3977.73,3984.99,3976.13,3980.03,2849.922,1639703099999,11349357.21078,5277,1739.618,6928205.07181,0
1639703100000,3980.03,3986.67,3977.89,3984.24,1888.760,1639703399999,7522801.20307,4048,1030.384,4104072.00819,0
1639703400000,3984.23,3987.77,3979.46,3986.40,2733.116,1639703699999,10890549.37058,5101,1924.573,7669425.55257,0
1639703700000,3986.40,3992.99,3982.21,3990.72,3615.305,1639703999999,14419534.64682,5713,2009.078,8013321.87962,0
1639704000000,3990.72,3992.50,3984.50,3986.56,2012.119,1639704299999,8026990.94309,4444,844.496,3369305.32210,0
1639704300000,3986.55,3987.07,3976.94,3977.51,2604.160,1639704599999,10368298.80291,4424,595.893,2373012.76659,0
1639704600000,3977.35,3983.14,3975.03,3979.21,1716.048,1639704899999,6826708.94858,4071,818.395,3256095.19909,0
1639704900000,3979.21,3980.25,3966.79,3972.74,3235.746,1639705199999,12851418.26422,5212,1208.440,4799264.85330,0
1639705200000,3972.73,3972.89,3966.77,3969.63,2561.858,1639705499999,10168366.36465,4957,1296.708,5147088.40303,0
1639705500000,3969.63,3978.00,3967.21,3975.27,2033.881,1639705799999,8082141.25138,4715,1232.138,4895981.87469,0
1639705800000,3975.27,3976.62,3967.62,3969.75,1955.274,1639706099999,7764900.61275,3899,749.018,2974731.60711,0
1639706100000,3969.75,3982.61,3967.06,3981.54,2974.030,1639706399999,11827249.64141,5396,1594.010,6339713.02133,0
1639706400000,3981.51,3985.00,3971.67,3975.16,2911.109,1639706699999,11581873.63524,5076,1412.867,5622185.66974,0
1639706700000,3975.16,3976.00,3960.11,3966.81,5517.206,1639706999999,21870589.93408,7048,1689.439,6698023.92772,0
1639707000000,3966.80,3970.74,3956.10,3958.65,2544.310,1639707299999,10078734.85879,4962,1056.694,4186807.31383,0
1639707300000,3958.65,3965.30,3953.88,3955.61,4120.168,1639707599999,16308955.42308,5582,1371.709,5431440.77516,0
1639707600000,3955.95,3960.00,3952.22,3957.17,2525.997,1639707899999,9990916.80445,4690,1549.423,6128619.88973,0
1639707900000,3957.16,3963.97,3956.68,3960.99,1355.303,1639708199999,5367696.48673,3801,848.351,3359973.17051,0
1639708200000,3960.99,3965.99,3955.00,3957.75,2268.323,1639708499999,8986977.94655,3983,955.956,3788725.88517,0
1639708500000,3957.75,3968.43,3957.49,3966.81,2129.920,1639708799999,8442420.29423,3685,1598.371,6335555.34509,0
1639708800000,3966.82,3971.67,3963.16,3967.62,1962.962,1639709099999,7788049.59954,3585,1176.546,4668135.13338,0
1639709100000,3967.62,3970.61,3963.52,3963.53,1779.608,1639709399999,7061400.06306,3456,972.075,3857367.23862,0
1639709400000,3963.53,3974.50,3963.53,3971.96,2498.787,1639709699999,9922272.45881,4114,1500.030,5956198.14398,0
1639709700000,3971.96,3976.00,3968.89,3975.32,2335.886,1639709999999,9280364.22241,3750,1379.913,5482841.03635,0
1639710000000,3975.32,3975.65,3964.66,3966.12,2096.362,1639710299999,8319812.79206,4282,648.778,2575136.04225,0
1639710300000,3966.12,3969.02,3962.75,3967.03,2569.824,1639710599999,10189260.88506,4125,733.437,2908386.14015,0
1639710600000,3967.02,3967.03,3951.41,3958.71,4900.021,1639710899999,19389087.67503,6636,1883.101,7452267.12079,0
1639710900000,3958.71,3966.24,3957.70,3958.70,1875.774,1639711199999,7432328.21675,4394,1106.326,4383218.22266,0
1639711200000,3958.70,3969.24,3957.71,3959.23,1969.447,1639711499999,7807455.39704,4316,1070.710,4244109.66717,0
1639711500000,3959.23,3969.99,3959.14,3965.57,1910.043,1639711799999,7574788.93450,4198,1271.863,5044101.50279,0
1639711800000,3965.37,3971.66,3961.13,3963.97,3606.759,1639712099999,14311483.51499,5223,1454.813,5773091.52051,0
1639712100000,3963.97,3971.66,3963.64,3970.62,2634.653,1639712399999,10456922.36545,4097,1316.465,5224926.95012,0
1639712400000,3970.62,3974.57,3969.37,3970.00,1469.074,1639712699999,5835738.34842,4863,808.110,3210134.79292,0
1639712700000,3969.81,3974.91,3965.90,3972.65,1468.304,1639712999999,5831935.88821,4026,955.602,3796047.06051,0
1639713000000,3972.65,3973.70,3966.69,3973.05,903.839,1639713299999,3588366.56536,3049,391.608,1554734.50968,0
1639713300000,3973.05,3974.10,3965.59,3967.43,1902.404,1639713599999,7550908.78368,3802,939.681,3729600.61744,0
1639713600000,3967.43,3979.17,3965.19,3979.16,2929.740,1639713899999,11642825.66629,5099,1911.551,7597437.97155,0
1639713900000,3979.16,3984.64,3975.07,3983.16,4148.150,1639714199999,16508796.67526,5895,2716.496,10812011.70258,0
1639714200000,3983.16,3985.45,3975.35,3982.35,2089.886,1639714499999,8319821.51077,4461,1208.270,4810391.32026,0
1639714500000,3982.61,3986.97,3978.56,3979.14,2746.230,1639714799999,10937277.01543,4654,1636.863,6519923.68755,0
1639714800000,3979.53,3979.91,3973.69,3975.26,1529.583,1639715099999,6082118.08987,3252,539.809,2146363.80334,0
1639715100000,3975.26,3977.30,3970.45,3972.25,1736.288,1639715399999,6899048.25216,3142,628.670,2498375.56412,0
1639715400000,3972.25,3976.94,3970.78,3973.61,1530.047,1639715699999,6078679.49067,3247,856.497,3402879.51816,0
1639715700000,3973.61,3982.60,3973.01,3981.77,1798.548,1639715999999,7156767.39268,3657,1067.785,4248856.68533,0
1639716000000,3981.78,3985.90,3978.32,3982.09,2437.755,1639716299999,9709907.87374,4299,1564.330,6231630.04561,0
1639716300000,3982.10,3985.50,3979.60,3980.10,1623.495,1639716599999,6465833.21920,3317,771.470,3072615.89560,0
1639716600000,3980.10,3983.18,3974.51,3974.80,1523.057,1639716899999,6059097.75799,3646,592.730,2358526.68548,0
1639716900000,3974.81,3979.39,3974.00,3977.75,1247.953,1639717199999,4961899.34170,3265,711.033,2827292.89280,0
1639717200000,3977.76,3980.39,3970.87,3971.24,2760.023,1639717499999,10971635.06378,4067,1225.510,4872239.10613,0
1639717500000,3971.23,3973.62,3961.00,3961.38,4739.263,1639717799999,18798146.50600,7042,2001.327,7938351.04864,0
1639717800000,3961.49,3967.21,3961.13,3965.00,2283.515,1639718099999,9051019.65352,4140,1413.438,5602395.50644,0
1639718100000,3965.01,3968.83,3957.89,3960.22,10633.258,1639718399999,42126669.19724,8595,5603.122,22197185.49946,0
1639718400000,3960.30,3961.40,3952.00,3954.79,5764.103,1639718699999,22803274.13728,8253,2038.534,8064055.83089,0
1639718700000,3954.79,3966.00,3954.10,3966.00,4015.082,1639718999999,15905558.84008,5674,2825.729,11193917.87953,0
1639719000000,3965.96,3966.81,3957.08,3958.68,1528.306,1639719299999,6054696.14975,3853,718.654,2847377.67059,0
1639719300000,3958.68,3965.53,3946.26,3952.21,5752.105,1639719599999,22742051.63107,8491,2084.081,8243439.84024,0
1639719600000,3952.31,3953.34,3944.92,3948.27,4717.794,1639719899999,18628584.08600,6848,2211.023,8731733.61165,0
1639719900000,3948.49,3955.86,3945.00,3949.57,3356.483,1639720199999,13261645.60830,6431,1682.930,6649298.44186,0
1639720200000,3949.69,3956.90,3948.25,3956.90,1846.487,1639720499999,7296984.99005,4242,1153.038,4557128.13302,0
1639720500000,3956.89,3962.18,3952.69,3958.04,2832.650,1639720799999,11212225.75874,4634,1882.306,7451302.26899,0
1639720800000,3958.04,3959.72,3952.35,3955.64,2478.129,1639721099999,9804881.40350,4109,1398.910,5535129.09739,0
1639721100000,3955.64,3958.57,3951.81,3957.09,1718.796,1639721399999,6798238.15624,3552,1182.198,4675978.31570,0
1639721400000,3957.08,3958.70,3945.87,3950.00,3261.441,1639721699999,12886073.97269,6160,1130.209,4465425.08782,0
1639721700000,3950.00,3954.02,3941.28,3947.00,5104.583,1639721999999,20142649.12944,8099,2052.053,8098186.75126,0
1639722000000,3947.01,3952.00,3945.64,3950.11,2434.771,1639722299999,9615349.00250,4326,1292.515,5104475.55746,0
1639722300000,3950.10,3952.82,3943.01,3952.75,1665.504,1639722599999,6575187.62014,4142,951.310,3756217.66823,0
1639722600000,3952.51,3957.48,3948.57,3956.30,3947.544,1639722899999,15610780.16762,5524,2765.325,10936450.57902,0
1639722900000,3956.30,3956.30,3946.51,3949.96,1527.016,1639723199999,6031922.48967,3669,621.729,2455697.99670,0
1639723200000,3949.96,3955.00,3948.38,3950.20,1363.282,1639723499999,5389174.69393,3197,755.051,2984849.27297,0
1639723500000,3950.19,3950.20,3934.79,3937.09,6269.305,1639723799999,24703092.04950,8438,1632.759,6434781.94227,0
1639723800000,3937.08,3944.11,3934.00,3937.31,3501.736,1639724099999,13790631.11972,6182,2065.675,8135961.20722,0
1639724100000,3937.31,3941.28,3930.07,3934.70,4868.060,1639724399999,19158155.45803,8412,2189.179,8617421.81927,0
1639724400000,3934.70,3935.11,3900.01,3904.42,37140.495,1639724699999,145355749.46187,46901,16323.101,63853503.09729,0
1639724700000,3904.42,3911.99,3883.39,3900.45,31672.139,1639724999999,123422860.43902,35720,16579.704,64604181.81557,0
1639725000000,3900.34,3902.22,3888.00,3895.96,9057.484,1639725299999,35287669.90126,13349,5114.378,19926930.96145,0
1639725300000,3895.95,3896.74,3869.47,3883.87,17526.260,1639725599999,68023717.56778,22357,7580.084,29428633.58003,0
1639725600000,3883.88,3894.26,3880.30,3893.44,6446.300,1639725899999,25066470.62178,9178,4193.685,16308728.70619,0
1639725900000,3893.45,3894.26,3880.00,3888.90,4658.360,1639726199999,18102167.79288,8115,2347.157,9122822.77024,0
1639726200000,3888.90,3889.27,3875.70,3885.03,6376.069,1639726499999,24743165.40119,8503,3823.598,14839056.49154,0
1639726500000,3885.03,3888.99,3874.81,3880.24,6399.664,1639726799999,24843074.53127,8395,3597.894,13971631.81603,0
1639726800000,3880.24,3881.09,3861.12,3869.42,9641.785,1639727099999,37312110.45138,14149,4437.789,17177159.99529,0
1639727100000,3869.41,3869.61,3850.43,3868.36,14028.911,1639727399999,54137281.08788,18418,6883.053,26568534.17399,0
1639727400000,3868.46,3878.00,3867.06,3873.19,9494.955,1639727699999,36782691.98056,11917,6135.124,23769494.03265,0
1639727700000,3873.18,3884.94,3870.79,3880.62,8805.548,1639727999999,34162489.68614,10204,5352.871,20766867.97527,0
1639728000000,3880.61,3886.00,3873.88,3882.06,9436.407,1639728299999,36615703.89941,13984,5338.092,20715979.79691,0
1639728300000,3881.84,3894.00,3876.43,3892.61,7935.279,1639728599999,30840022.36141,10598,5369.993,20873412.00411,0
1639728600000,3892.61,3894.26,3876.43,3879.42,6496.662,1639728899999,25240854.12871,9315,2164.458,8413410.78529,0
1639728900000,3879.61,3882.11,3871.47,3875.96,4110.074,1639729199999,15932468.17139,7904,1852.057,7179729.95830,0
1639729200000,3875.97,3881.21,3873.19,3880.50,2965.758,1639729499999,11499186.56442,5356,1406.599,5454414.26835,0
1639729500000,3880.51,3883.35,3875.07,3876.23,2341.289,1639729799999,9082823.65402,4482,1263.169,4901346.07148,0
1639729800000,3876.22,3889.02,3876.10,3885.85,3277.572,1639730099999,12732531.95417,5470,2267.192,8808139.39487,0
1639730100000,3885.86,3894.14,3884.91,3888.55,4171.266,1639730399999,16225124.77233,7241,1950.994,7589089.18150,0
1639730400000,3888.55,3892.00,3882.45,3887.26,3386.166,1639730699999,13163296.30140,6291,1489.796,5791907.88755,0
1639730700000,3887.22,3888.52,3880.89,3886.82,3974.032,1639730999999,15435724.47359,5532,1778.507,6907824.90118,0
1639731000000,3886.82,3893.92,3883.27,3886.97,2931.108,1639731299999,11400090.52860,5741,1644.325,6395337.26546,0
1639731300000,3886.98,3889.81,3883.06,3888.08,1841.938,1639731599999,7159651.69955,4044,983.415,3822922.10258,0
1639731600000,3888.09,3888.10,3867.52,3877.57,8735.862,1639731899999,33868548.59788,9850,2766.224,10722163.41101,0
1639731900000,3877.57,3878.12,3868.96,3873.74,3679.909,1639732199999,14252191.73351,5739,1743.094,6751147.23783,0
1639732200000,3873.73,3873.74,3853.55,3860.01,8941.846,1639732499999,34525482.89861,12225,2966.922,11453940.40169,0
1639732500000,3860.00,3871.80,3859.29,3870.74,4425.108,1639732799999,17108525.05042,7696,2756.510,10657783.94283,0
1639732800000,3870.73,3886.97,3867.12,3885.59,6180.400,1639733099999,23970144.27607,8392,4545.079,17627570.03384,0
1639733100000,3885.59,3887.00,3877.84,3879.70,4034.077,1639733399999,15661464.15152,6008,2037.934,7913148.68155,0
1639733400000,3879.71,3883.58,3874.45,3878.94,2795.272,1639733699999,10841512.02792,4887,1406.820,5456652.44639,0
1639733700000,3878.94,3881.46,3874.41,3877.11,1975.217,1639733999999,7657678.09441,4415,763.676,2960906.71360,0
1639734000000,3877.15,3880.50,3870.00,3872.90,3277.788,1639734299999,12698670.18644,5167,1668.799,6466542.89341,0
1639734300000,3872.89,3880.00,3869.57,3876.43,2000.149,1639734599999,7749828.27892,4128,1116.793,4327793.10005,0
1639734600000,3876.43,3882.72,3876.43,3881.69,2522.045,1639734899999,9785940.76054,4315,1500.856,5823706.24842,0
1639734900000,3881.70,3885.60,3877.21,3879.09,4119.650,1639735199999,15992316.62884,5291,2423.992,9410917.95847,0
1639735200000,3879.08,3881.14,3867.29,3869.05,3634.602,1639735499999,14076147.57884,5886,1423.049,5511914.15423,0
1639735500000,3869.05,3873.98,3856.57,3857.89,6463.929,1639735799999,24975199.56875,7870,2136.444,8259323.29666,0
1639735800000,3857.87,3865.88,3856.11,3861.28,3831.791,1639736099999,14791922.47778,6514,2314.038,8933890.91026,0
1639736100000,3861.28,3861.84,3851.30,3854.00,6301.064,1639736399999,24298372.79118,8487,3183.808,12278092.88288,0
1639736400000,3853.99,3864.68,3819.59,3833.54,24553.303,1639736699999,94223302.45132,28660,8829.107,33879815.28224,0
1639736700000,3833.54,3833.64,3816.10,3819.98,17874.165,1639736999999,68364191.79427,23564,8191.222,31331378.75901,0
1639737000000,3819.98,3837.93,3803.44,3832.50,18727.169,1639737299999,71588883.01536,23610,9783.818,37425000.92475,0
1639737300000,3832.50,3842.20,3826.23,3838.19,6750.076,1639737599999,25885193.31086,9283,4499.063,17255314.34497,0
1639737600000,3838.11,3841.17,3827.48,3835.77,4811.086,1639737899999,18446781.29905,7736,2145.507,8227330.34378,0
1639737900000,3835.78,3843.92,3827.24,3836.32,4459.757,1639738199999,17107369.07505,8348,1944.482,7461046.47181,0
1639738200000,3836.32,3843.60,3819.29,3822.23,8933.459,1639738499999,34215246.59807,10404,2971.755,11387517.78356,0
1639738500000,3822.24,3825.67,3811.59,3819.44,8568.169,1639738799999,32712229.54641,11886,3793.530,14485389.33864,0
1639738800000,3819.44,3825.83,3810.06,3821.41,5946.709,1639739099999,22720637.25007,9393,3379.423,12914134.03153,0
1639739100000,3821.40,3837.33,3815.89,3836.44,5242.785,1639739399999,20072307.05394,8423,3297.592,12627181.37872,0
1639739400000,3836.94,3841.99,3832.24,3838.21,5860.982,1639739699999,22496463.86766,8653,2815.248,10806394.23221,0
1639739700000,3838.22,3840.69,3832.34,3837.67,2902.346,1639739999999,11136443.34875,5518,1670.886,6411228.88039,0
1639740000000,3837.68,3847.41,3834.58,3841.27,3905.671,1639740299999,15007438.86101,6954,2600.502,9993940.06709,0
1639740300000,3841.27,3854.29,3840.19,3844.41,9197.340,1639740599999,35386032.17072,10975,5049.932,19430430.50944,0
1639740600000,3844.40,3847.30,3840.01,3842.08,3302.940,1639740899999,12693619.36633,6506,1468.155,5642708.36231,0
1639740900000,3842.08,3844.30,3834.37,3840.51,3489.135,1639741199999,13396322.22752,5262,1470.087,5644534.10184,0
1639741200000,3840.50,3843.51,3834.06,3841.50,3209.307,1639741499999,12321049.17553,5631,1538.137,5904990.31381,0
1639741500000,3841.50,3841.65,3830.52,3831.01,2892.653,1639741799999,11094605.82182,5610,1313.815,5039334.73134,0
1639741800000,3831.01,3832.38,3822.46,3828.36,3340.736,1639742099999,12784841.03674,6357,1486.344,5688656.65720,0
1639742100000,3828.36,3833.96,3825.53,3833.34,2350.146,1639742399999,9002042.83687,4583,1680.217,6436351.30487,0
1639742400000,3833.31,3843.19,3828.36,3829.78,8152.783,1639742699999,31289266.60248,8142,3006.218,11536211.69548,0
1639742700000,3829.78,3829.79,3811.00,3811.93,6566.596,1639742999999,25072791.85508,9970,2817.441,10758544.58448,0
1639743000000,3811.93,3818.51,3793.82,3817.27,21122.193,1639743299999,80352463.17443,25280,9690.459,36880859.95683,0
1639743300000,3817.27,3837.43,3813.64,3835.07,10493.007,1639743599999,40167497.87877,12797,6514.942,24934488.64355,0
1639743600000,3835.22,3849.30,3826.69,3847.35,9624.078,1639743899999,36955876.99284,12237,5653.205,21716651.09753,0
1639743900000,3847.46,3848.56,3836.67,3837.78,4852.821,1639744199999,18649386.14743,7983,1800.631,6921014.14295,0
1639744200000,3837.79,3839.99,3830.52,3831.20,3906.933,1639744499999,14985319.28565,5420,1869.079,7169751.57628,0
1639744500000,3831.21,3838.58,3830.55,3831.93,2727.555,1639744799999,10460834.61285,5317,1400.299,5370402.31131,0
1639744800000,3831.92,3832.40,3822.00,3830.76,3730.453,1639745099999,14278688.24759,6255,1778.199,6807022.32074,0
1639745100000,3830.64,3837.42,3823.23,3823.47,3077.730,1639745399999,11789803.81247,5750,1267.302,4856291.22287,0
1639745400000,3823.46,3823.96,3817.47,3819.01,4597.135,1639745699999,17560956.78603,6346,2179.214,8324534.72794,0
1639745700000,3819.01,3827.82,3817.29,3822.02,2790.232,1639745999999,10667355.10334,4890,1554.223,5942431.50660,0
1639746000000,3822.02,3832.00,3815.00,3830.52,4983.670,1639746299999,19043713.80011,6894,2569.831,9822736.70331,0
1639746300000,3830.52,3836.66,3811.71,3814.41,8755.477,1639746599999,33491695.00459,9226,2482.997,9506020.70633,0
1639746600000,3814.40,3818.05,3806.33,3808.84,5838.001,1639746899999,22251228.65089,8880,2970.591,11322707.39351,0
1639746900000,3808.85,3820.33,3806.69,3819.24,3073.800,1639747199999,11728636.54543,6070,2006.785,7656584.92812,0
1639747200000,3819.23,3830.00,3818.10,3821.13,4390.755,1639747499999,16788829.90966,7085,2326.512,8897001.19285,0
1639747500000,3821.13,3832.44,3819.70,3830.49,3332.683,1639747799999,12759393.76516,5227,1971.728,7548714.26341,0
1639747800000,3830.49,3837.58,3830.39,3836.61,4043.632,1639748099999,15506736.96305,6067,2293.221,8794522.88028,0
1639748100000,3836.62,3839.00,3828.00,3828.55,3812.918,1639748399999,14611612.89514,5483,1662.245,6370250.05591,0
1639748400000,3828.55,3832.99,3820.12,3828.10,3885.433,1639748699999,14864832.24985,5814,1652.914,6325034.37410,0
1639748700000,3828.09,3834.52,3816.43,3818.17,3824.793,1639748999999,14618891.73787,6252,1483.569,5671966.77950,0
1639749000000,3817.65,3822.00,3806.39,3806.58,5270.656,1639749299999,20097793.55791,7677,2226.880,8492653.59618,0
1639749300000,3806.36,3821.08,3804.00,3815.51,5557.816,1639749599999,21195677.06383,8757,2438.724,9303611.59008,0
1639749600000,3815.51,3819.30,3767.77,3772.53,27561.629,1639749899999,104406824.60238,34375,10225.462,38730620.78375,0
1639749900000,3772.53,3779.84,3754.38,3765.85,32184.872,1639750199999,121214373.56932,42510,12394.048,46700917.44415,0
1639750200000,3765.85,3773.29,3754.33,3769.81,10659.484,1639750499999,40137343.16017,16827,5384.313,20276637.21573,0
1639750500000,3769.81,3780.56,3764.00,3771.46,8747.100,1639750799999,33003206.38395,13574,4499.507,16979940.71069,0
1639750800000,3771.45,3784.70,3761.05,3782.85,11003.227,1639751099999,41499782.85681,13568,5917.587,22326360.66600,0
1639751100000,3782.86,3786.30,3767.65,3772.46,5460.006,1639751399999,20626301.87160,9306,2268.920,8572666.98781,0
1639751400000,3772.47,3777.42,3757.47,3760.12,8433.027,1639751699999,31760789.02756,12290,3264.362,12298369.68809,0
1639751700000,3760.01,3762.12,3720.02,3730.87,47045.224,1639751999999,175763617.65833,52403,19584.870,73163272.82330,0
1639752000000,3730.93,3740.00,3700.00,3706.02,39029.361,1639752299999,145002759.40004,46863,18185.358,67584551.07551,0
1639752300000,3706.00,3732.65,3694.20,3732.65,32087.478,1639752599999,119153041.74877,38278,16430.671,61045166.22806,0
1639752600000,3732.65,3749.99,3717.73,3724.35,21156.775,1639752899999,79062218.97072,29422,10747.667,40171113.25664,0
1639752900000,3724.36,3736.00,3713.70,3735.61,12029.404,1639753199999,44811529.68352,16186,7137.321,26590357.81699,0
1639753200000,3735.62,3735.62,3701.00,3732.64,19082.171,1639753499999,70920727.77976,27337,9766.634,36310134.93368,0
1639753500000,3732.64,3745.00,3720.15,3743.75,9504.747,1639753799999,35477997.84586,14785,4802.891,17933659.96333,0
1639753800000,3743.81,3756.05,3733.30,3736.83,16293.101,1639754099999,61023486.53021,22731,7885.852,29541044.67211,0
1639754100000,3736.82,3750.00,3719.64,3748.54,14900.921,1639754399999,55604295.94374,20381,7693.115,28720116.29764,0
1639754400000,3748.47,3753.82,3733.38,3752.09,12194.621,1639754699999,45665745.38019,15911,6093.157,22823877.56345,0
1639754700000,3751.98,3774.66,3751.71,3760.98,22699.666,1639754999999,85466272.07147,25041,12690.993,47783381.56623,0
1639755000000,3760.98,3790.00,3759.73,3783.13,22647.078,1639755299999,85581743.92429,25461,13726.135,51865560.11367,0
1639755300000,3783.32,3805.84,3776.49,3794.14,26373.083,1639755599999,100053321.74604,30682,12987.111,49273475.09634,0
1639755600000,3793.88,3805.00,3780.01,3797.31,14184.073,1639755899999,53791023.75502,17814,7220.769,27391043.00880,0
1639755900000,3797.33,3826.95,3796.64,3824.99,20818.117,1639756199999,79368769.45709,25602,11538.969,44004085.50901,0
1639756200000,3825.18,3836.41,3819.49,3827.48,19116.326,1639756499999,73173205.20402,23114,9362.247,35845571.09398,0
1639756500000,3827.49,3840.00,3818.56,3831.22,14961.102,1639756799999,57281500.50263,17715,6449.578,24703778.13306,0
1639756800000,3831.37,3851.99,3825.00,3841.29,23013.837,1639757099999,88395649.47067,26419,13019.532,50012054.25861,0
1639757100000,3841.48,3845.84,3825.03,3834.59,11808.060,1639757399999,45273788.17280,16543,4558.284,17480329.74315,0
1639757400000,3834.59,3869.25,3834.35,3855.00,30013.735,1639757699999,115791497.96122,34325,16771.837,64686113.21307,0
1639757700000,3854.72,3868.74,3852.70,3866.83,10623.323,1639757999999,41003935.58855,15470,5722.291,22089555.16824,0
1639758000000,3866.78,3873.21,3857.71,3863.93,11244.346,1639758299999,43445720.01150,14898,5131.817,19832376.14905,0
1639758300000,3863.93,3944.00,3856.02,3936.35,55031.085,1639758599999,214791715.13415,61951,32173.434,125596056.47812,0
1639758600000,3936.21,3946.27,3916.09,3922.60,39682.634,1639758899999,156004790.65227,45156,18005.913,70807269.38688,0
1639758900000,3922.60,3925.25,3893.03,3907.67,26382.558,1639759199999,103077838.46360,30721,10235.845,39996988.13888,0
1639759200000,3907.68,3912.60,3892.80,3899.16,15301.436,1639759499999,59712162.00292,16925,6583.564,25700932.70897,0
1639759500000,3899.17,3902.98,3882.66,3888.38,19767.770,1639759799999,76940474.77022,20603,7013.840,27306702.82410,0
1639759800000,3888.37,3906.21,3886.69,3896.90,11334.805,1639760099999,44188869.25015,17870,6862.094,26752044.00642,0
1639760100000,3896.90,3910.64,3891.37,3908.70,10586.372,1639760399999,41306176.94743,13691,5914.242,23082819.65239,0
1639760400000,3908.78,3909.27,3882.98,3896.35,11834.676,1639760699999,46099065.93243,14543,4945.991,19267731.08533,0
1639760700000,3896.34,3896.35,3875.00,3881.14,9217.247,1639760999999,35768506.73996,12658,3143.381,12198917.43607,0
1639761000000,3881.32,3887.85,3877.80,3884.82,4809.842,1639761299999,18677445.11875,7813,2669.790,10368730.64578,0
1639761300000,3884.82,3892.99,3878.01,3880.17,6929.041,1639761599999,26938671.97239,9521,3698.930,14386354.18378,0
1639761600000,3880.16,3885.73,3871.07,3872.48,5298.425,1639761899999,20548971.56239,8277,2115.201,8207250.50016,0
1639761900000,3872.89,3872.89,3861.22,3870.79,10715.276,1639762199999,41427613.80546,13044,4365.395,16879123.81096,0
1639762200000,3870.88,3876.45,3861.45,3868.10,7207.869,1639762499999,27894495.51741,9153,3977.404,15399202.77962,0
1639762500000,3868.11,3873.21,3855.60,3862.36,6206.059,1639762799999,23975730.51832,9281,2402.522,9284748.06267,0
1639762800000,3862.39,3866.79,3851.93,3853.81,4771.450,1639763099999,18416475.30027,8206,2530.133,9767787.58691,0
1639763100000,3854.10,3865.30,3841.09,3841.09,15393.442,1639763399999,59280561.51856,15573,5977.960,23038315.33561,0
1639763400000,3841.09,3857.87,3840.78,3848.81,8860.781,1639763699999,34111673.54284,10769,5020.108,19329533.69681,0
1639763700000,3848.81,3859.64,3845.48,3857.03,5142.820,1639763999999,19822867.45421,7810,3052.149,11764773.16293,0
1639764000000,3856.91,3871.25,3850.00,3866.11,9510.025,1639764299999,36752818.17447,12016,6010.717,23231763.38442,0
1639764300000,3866.10,3866.28,3857.87,3863.09,3056.197,1639764599999,11804978.36953,5279,1271.973,4913458.23330,0
1639764600000,3863.09,3868.23,3852.12,3852.31,4022.623,1639764899999,15532030.66631,5755,1736.510,6707121.61746,0
1639764900000,3852.31,3860.10,3852.30,3858.47,2789.769,1639765199999,10759327.76123,4995,1619.936,6247733.60526,0
1639765200000,3858.47,3864.79,3852.99,3854.71,2482.022,1639765499999,9580073.18688,4962,1289.213,4977114.67638,0
1639765500000,3854.31,3867.16,3853.41,3865.38,2642.610,1639765799999,10206690.83691,4495,1772.125,6845109.09797,0
1639765800000,3865.67,3867.63,3860.02,3864.55,2020.755,1639766099999,7807230.28836,4005,1124.519,4345090.72371,0
1639766100000,3864.55,3867.91,3856.39,3861.20,2371.391,1639766399999,9158449.99149,4372,1261.867,4874379.40224,0
1639766400000,3861.20,3865.59,3855.53,3858.43,2348.390,1639766699999,9066065.98964,4575,931.377,3595669.27920,0
1639766700000,3858.43,3876.25,3857.01,3876.14,7280.512,1639766999999,28180393.90092,8545,4894.271,18944176.45886,0
1639767000000,3876.15,3886.67,3874.22,3875.49,10183.543,1639767299999,39521640.44601,10150,5701.636,22127132.10407,0
1639767300000,3875.49,3910.66,3874.22,3900.95,14229.171,1639767599999,55456900.64698,15283,9974.760,38876402.47917,0
1639767600000,3900.70,3902.22,3889.10,3897.16,4791.709,1639767899999,18657847.27746,8476,2172.327,8459403.63209,0
1639767900000,3897.16,3916.17,3890.21,3898.80,9644.681,1639768199999,37660917.89494,12490,5857.735,22875925.35111,0
1639768200000,3898.75,3904.51,3894.29,3895.24,4681.314,1639768499999,18249745.67683,7131,1892.893,7380661.77198,0
1639768500000,3895.25,3910.52,3895.08,3906.28,2616.134,1639768799999,10213671.10353,6259,1227.760,4793380.56745,0
1639768800000,3906.27,3911.61,3901.35,3901.84,3164.837,1639769099999,12363522.96244,5383,1145.413,4476096.43113,0
1639769100000,3901.84,3904.44,3885.74,3890.64,6245.593,1639769399999,24318497.57579,9671,2167.108,8438807.80681,0
1639769400000,3890.63,3891.74,3880.50,3883.88,4458.174,1639769699999,17324020.73779,7000,1898.329,7376333.74995,0
1639769700000,3883.88,3888.55,3876.01,3881.25,3453.602,1639769999999,13406461.24028,6429,1290.441,5010419.67911,0
1639770000000,3881.24,3883.23,3875.01,3883.14,2807.417,1639770299999,10888387.70529,4886,1130.361,4384949.98408,0
1639770300000,3883.14,3890.57,3881.60,3884.63,2272.339,1639770599999,8832721.19103,4561,1377.235,5353134.07304,0
1639770600000,3884.64,3889.18,3873.12,3875.72,2818.524,1639770899999,10929558.31006,5102,950.944,3688367.78116,0
1639770900000,3875.72,3881.78,3873.99,3879.76,1864.443,1639771199999,7230096.55617,3867,949.626,3682769.40591,0
1639771200000,3879.76,3888.91,3877.20,3877.20,2921.209,1639771499999,11344776.15665,5707,1518.803,5899823.50487,0
1639771500000,3877.21,3889.79,3876.75,3885.38,1824.321,1639771799999,7085396.00364,4594,949.426,3687873.07968,0
1639771800000,3885.38,3887.99,3875.00,3876.26,1992.561,1639772099999,7734179.28914,4836,662.182,2571088.61034,0
1639772100000,3876.27,3884.54,3857.50,3863.93,10993.535,1639772399999,42547231.11328,12294,4452.802,17237383.57201,0
1639772400000,3863.93,3880.03,3862.14,3876.40,4070.078,1639772699999,15762904.92797,6446,2415.665,9357155.58381,0
1639772700000,3876.41,3878.29,3848.95,3854.99,10254.377,1639772999999,39569306.04566,12631,3972.646,15327823.00482,0
1639773000000,3855.00,3856.98,3841.15,3845.41,9345.694,1639773299999,35978063.95900,11149,3670.186,14129635.83125,0
1639773300000,3845.67,3858.99,3840.01,3858.00,7526.326,1639773599999,28966600.82759,9442,4698.846,18093461.72615,0
1639773600000,3857.99,3858.99,3847.00,3852.09,3721.359,1639773899999,14344396.81918,6555,1702.710,6564325.29381,0
1639773900000,3852.09,3855.89,3842.70,3842.70,3173.439,1639774199999,12214703.72197,5837,1698.971,6538933.24819,0
1639774200000,3842.70,3854.30,3840.79,3851.94,3982.720,1639774499999,15323719.26796,6225,2357.981,9073470.99081,0
1639774500000,3851.94,3857.50,3843.38,3843.38,2711.662,1639774799999,10442798.65280,5413,1370.705,5280630.11217,0
1639774800000,3843.38,3851.54,3832.00,3850.89,8264.956,1639775099999,31741265.92425,10415,4595.010,17653555.73272,0
1639775100000,3850.82,3861.05,3847.01,3860.42,3473.968,1639775399999,13392360.14744,5420,2406.414,9277788.29085,0
1639775400000,3860.43,3867.57,3855.27,3867.57,4543.770,1639775699999,17550359.48105,6177,3043.836,11758354.53670,0
1639775700000,3867.39,3892.75,3865.85,3881.95,10991.045,1639775999999,42672293.48120,11535,7029.223,27279875.18972,0
1639776000000,3881.95,3881.95,3871.35,3878.67,4690.715,1639776299999,18183723.53876,6362,2034.277,7886069.15402,0
1639776300000,3878.67,3885.74,3873.85,3876.82,2274.980,1639776599999,8828244.02696,4215,1442.246,5597639.29434,0
1639776600000,3876.83,3890.16,3876.82,3886.48,2981.024,1639776899999,11582139.91791,5322,1283.555,4986876.68280,0
1639776900000,3886.48,3939.47,3886.48,3937.08,18256.696,1639777199999,71506933.07548,22416,12731.480,49832829.23333,0
1639777200000,3937.09,3939.00,3913.26,3919.16,11826.646,1639777499999,46448609.41345,16292,3910.723,15362098.71476,0
1639777500000,3919.16,3924.39,3906.92,3922.13,6793.996,1639777799999,26612686.57230,9606,3292.982,12902920.07103,0
1639777800000,3921.91,3924.00,3912.87,3917.78,2675.469,1639778099999,10478446.06739,4720,1007.938,3947953.68817,0
1639778100000,3917.77,3917.78,3903.74,3905.56,3674.831,1639778399999,14368295.00092,5364,1106.130,4325061.75629,0
1639778400000,3905.56,3909.14,3903.17,3903.17,2688.584,1639778699999,10501864.04048,5800,1439.441,5622834.36805,0
1639778700000,3903.17,3903.18,3840.41,3874.79,32670.473,1639778999999,126381572.02588,32728,12770.038,49303525.58816,0
1639779000000,3874.79,3877.77,3854.68,3863.57,11166.004,1639779299999,43199491.47385,14673,4613.912,17853603.20186,0
1639779300000,3863.56,3865.96,3821.49,3840.58,20394.549,1639779599999,78280127.16284,29072,9747.141,37412055.75013,0
1639779600000,3840.58,3843.99,3821.02,3843.99,9435.908,1639779899999,36172522.79720,14691,5237.319,20082832.76265,0
1639779900000,3843.99,3875.14,3843.76,3868.13,13141.123,1639780199999,50775373.94535,15002,8961.004,34614011.37495,0
1639780200000,3868.14,3888.88,3867.98,3887.99,7028.351,1639780499999,27247602.02734,8264,5500.219,21327892.60491,0
1639780500000,3887.65,3888.99,3863.45,3864.35,5825.663,1639780799999,22585906.04706,8699,1459.884,5665276.52123,0
1639780800000,3864.36,3873.10,3854.16,3871.15,4860.375,1639781099999,18787881.39037,7548,1865.676,7215567.53648,0
1639781100000,3871.11,3885.00,3870.69,3878.55,4258.620,1639781399999,16519542.43487,6922,2899.521,11248149.92855,0
1639781400000,3878.54,3885.37,3874.89,3878.12,2604.109,1639781699999,10105737.07823,5268,1288.212,5000230.93350,0
1639781700000,3878.30,3909.52,3876.54,3899.80,9044.360,1639781999999,35243252.10456,13441,5800.503,22603690.77145,0
1639782000000,3899.80,3900.98,3881.30,3888.55,4646.241,1639782299999,18064611.88692,7975,1816.982,7064577.61439,0
1639782300000,3888.55,3888.56,3879.27,3888.10,2267.894,1639782599999,8806383.46938,5305,947.289,3678818.44914,0
1639782600000,3888.10,3893.71,3874.70,3877.41,3847.434,1639782899999,14939298.73939,6291,1414.190,5492859.29625,0
1639782900000,3877.41,3882.78,3874.22,3882.00,2370.769,1639783199999,9192597.99330,4660,1137.547,4411287.28693,0
1639783200000,3882.00,3885.99,3878.31,3878.31,1400.111,1639783499999,5435489.49301,3501,858.949,3334787.38533,0
1639783500000,3878.15,3880.16,3867.21,3876.77,3671.375,1639783799999,14213510.36191,5690,1320.649,5113161.10089,0
1639783800000,3876.77,3886.71,3866.66,3886.32,2564.156,1639784099999,9943601.08010,5522,1417.671,5499768.19812,0
1639784100000,3886.50,3893.17,3876.18,3893.17,3007.410,1639784399999,11687719.30893,5158,1740.682,6765804.03942,0
1639784400000,3893.20,3896.75,3887.69,3891.77,2681.017,1639784699999,10437126.44895,5382,1643.010,6395991.86772,0
1639784700000,3891.76,3894.51,3875.50,3883.57,3703.342,1639784999999,14379024.03756,5475,1409.790,5476382.75046,0
1639785000000,3883.56,3887.64,3880.00,3881.04,2334.563,1639785299999,9068537.78491,3489,1267.252,4922714.64457,0
1639785300000,3880.62,3889.30,3869.85,3873.93,5332.942,1639785599999,20685734.83944,6683,2361.640,9164324.33020,0
1639785600000,3872.98,3884.84,3863.54,3876.32,9266.108,1639785899999,35893552.38817,10605,4758.190,18440494.26079,0
1639785900000,3876.32,3877.87,3839.08,3843.16,13435.766,1639786199999,51794534.61836,14187,4511.867,17395851.60270,0
1639786200000,3843.17,3852.08,3827.94,3839.28,14280.280,1639786499999,54804027.64909,16673,6926.715,26589241.72269,0
1639786500000,3839.28,3861.99,3839.27,3849.94,7546.921,1639786799999,29078746.12592,10115,4796.035,18477793.65233,0
1639786800000,3849.93,3856.92,3841.69,3841.89,3403.518,1639787099999,13096513.11015,5890,1591.204,6123900.28438,0
1639787100000,3841.90,3843.93,3828.97,3842.10,5898.514,1639787399999,22629485.70348,8414,3260.065,12508906.38247,0
1639787400000,3842.15,3853.55,3834.75,3837.70,4668.627,1639787699999,17953288.51088,7594,2416.746,9296206.24275,0
1639787700000,3837.70,3867.89,3837.70,3856.68,8079.796,1639787999999,31173712.64813,10944,4828.885,18628424.17075,0
1639788000000,3856.68,3873.67,3856.02,3865.59,7086.229,1639788299999,27400326.82687,8144,4464.919,17266921.53974,0
1639788300000,3865.58,3870.78,3859.55,3867.80,3082.612,1639788599999,11919746.48668,5492,1786.195,6908465.49212,0
1639788600000,3867.81,3875.43,3865.13,3872.48,3680.152,1639788899999,14250239.42269,4777,2211.346,8562392.04874,0
1639788900000,3872.48,3884.33,3871.79,3877.99,5241.506,1639789199999,20328638.03622,6784,3417.334,13253875.24243,0
1639789200000,3877.99,3883.03,3860.33,3861.12,5887.203,1639789499999,22783836.34816,7333,1707.699,6614137.72421,0
1639789500000,3861.12,3865.15,3854.91,3861.28,3889.302,1639789799999,15012578.36010,5744,1510.186,5830396.13877,0
1639789800000,3861.29,3863.42,3837.85,3844.86,8841.727,1639790099999,34014524.32092,10949,3881.399,14929045.95940,0
1639790100000,3844.87,3857.16,3839.59,3842.51,4169.105,1639790399999,16048696.77481,7239,2410.298,9280345.66113,0
1639790400000,3842.52,3843.68,3800.53,3804.29,24864.602,1639790699999,94888264.82547,27049,7691.775,29349575.17421,0
1639790700000,3804.30,3817.08,3800.00,3814.78,16062.649,1639790999999,61172913.08858,18220,9913.099,37762733.88583,0
1639791000000,3815.65,3816.40,3799.07,3811.44,6337.400,1639791299999,24127764.16787,10383,3256.418,12399900.21579,0
1639791300000,3811.44,3818.19,3809.00,3817.72,2830.027,1639791599999,10796603.28949,5513,1732.750,6610886.64337,0
1639791600000,3817.71,3825.55,3815.27,3824.77,3334.091,1639791899999,12741383.05968,5334,2405.150,9191009.49185,0
1639791900000,3824.78,3825.64,3801.00,3802.40,5708.246,1639792199999,21774268.72913,8511,1543.948,5892601.80521,0
1639792200000,3802.40,3803.39,3780.00,3785.53,14784.276,1639792499999,56057116.55362,19228,5940.071,22532446.14032,0
1639792500000,3785.75,3791.45,3781.49,3782.85,3748.498,1639792799999,14197545.54376,7057,1909.291,7233030.48611,0
1639792800000,3782.86,3794.61,3769.35,3773.43,8450.227,1639793099999,31943575.54848,16374,3241.931,12264131.75377,0
1639793100000,3773.31,3792.00,3764.96,3787.47,11439.180,1639793399999,43192742.17655,18044,7242.732,27352945.11061,0
1639793400000,3787.46,3800.40,3784.09,3799.99,5706.690,1639793699999,21659173.77172,10404,3655.533,13875035.94092,0
1639793700000,3800.00,3815.94,3799.99,3803.06,8545.196,1639793999999,32529421.78969,12434,4746.652,18073123.62976,0
1639794000000,3803.27,3813.87,3801.16,3807.68,3411.530,1639794299999,12993630.31360,6979,1941.719,7395688.64826,0
1639794300000,3807.67,3812.59,3801.59,3808.01,2344.530,1639794599999,8925188.62538,5979,972.280,3702394.34770,0
1639794600000,3808.01,3812.21,3796.00,3812.21,5107.542,1639794899999,19427279.55966,6958,2510.763,9552481.39162,0
1639794900000,3812.21,3814.00,3801.54,3808.85,3420.951,1639795199999,13029541.56565,5879,1659.324,6322803.85625,0
1639795200000,3808.99,3817.10,3808.83,3814.50,2319.455,1639795499999,8844165.60701,5472,1545.461,5893244.30596,0
1639795500000,3814.49,3814.49,3797.15,3799.67,3167.607,1639795799999,12049598.75561,6519,957.903,3644348.36232,0
1639795800000,3799.68,3806.11,3775.63,3783.86,7384.741,1639796099999,27979777.08790,11113,3037.889,11510972.58300,0
1639796100000,3783.99,3795.65,3782.68,3787.47,3519.281,1639796399999,13335359.05357,7167,1975.132,7485019.59420,0
1639796400000,3787.47,3803.43,3787.06,3797.36,4422.860,1639796699999,16788792.45090,8147,2721.602,10332107.62442,0
1639796700000,3797.37,3809.79,3797.37,3806.82,3168.160,1639796999999,12053893.00343,7313,1674.667,6370918.86548,0
1639797000000,3806.82,3811.00,3803.50,3810.75,1843.252,1639797299999,7018827.07583,4919,1121.070,4268840.59988,0
1639797300000,3810.75,3815.43,3803.44,3813.35,2604.345,1639797599999,9926684.68407,6702,1460.453,5567531.17135,0
1639797600000,3813.35,3820.00,3807.07,3807.52,2968.064,1639797899999,11323682.35728,6790,1683.082,6422656.32281,0
1639797900000,3807.51,3816.40,3805.87,3810.46,1531.002,1639798199999,5835399.19964,4314,781.385,2978881.00804,0
1639798200000,3810.47,3830.88,3810.47,3830.64,8181.101,1639798499999,31292853.78584,10498,5124.644,19600162.74034,0
1639798500000,3830.11,3908.04,3830.11,3893.50,42301.201,1639798799999,163802359.11428,48654,28039.077,108544711.36130,0
1639798800000,3893.50,3904.52,3878.00,3894.51,23041.927,1639799099999,89674639.67904,30254,12269.047,47749949.42249,0
1639799100000,3894.50,3895.59,3880.43,3888.05,6447.973,1639799399999,25055913.66874,10635,3398.180,13206600.08614,0
1639799400000,3888.06,3891.59,3873.04,3878.41,5602.556,1639799699999,21734855.04875,8781,2740.804,10634250.19497,0
1639799700000,3878.14,3881.62,3874.81,3876.51,2352.750,1639799999999,9124257.48696,4970,1346.733,5222879.46342,0
1639800000000,3876.69,3880.50,3863.65,3864.65,5790.524,1639800299999,22409258.79742,9831,2281.217,8828818.94986,0
1639800300000,3864.66,3865.13,3838.88,3844.29,18585.209,1639800599999,71568611.82173,22744,6714.374,25852162.30736,0
1639800600000,3844.31,3859.25,3844.00,3858.45,6446.464,1639800899999,24844566.72183,9911,4672.486,18009070.04085,0
1639800900000,3858.39,3878.52,3853.00,3876.64,7999.635,1639801199999,30937380.08266,11450,5597.115,21646839.40619,0
1639801200000,3876.63,3876.92,3866.70,3868.46,2483.303,1639801499999,9613834.43907,5637,784.239,3036792.22338,0
1639801500000,3868.46,3873.37,3865.00,3868.99,2124.479,1639801799999,8219957.68787,5253,1020.551,3948724.89442,0
1639801800000,3868.98,3874.43,3859.46,3865.35,2036.486,1639802099999,7873803.50867,5069,979.900,3790347.71321,0
1639802100000,3865.35,3878.00,3861.85,3874.67,3145.587,1639802399999,12179117.58693,5701,1831.469,7091490.81236,0
1639802400000,3874.67,3886.93,3871.32,3884.78,5966.096,1639802699999,23154665.75896,7742,3649.916,14165223.37940,0
1639802700000,3884.79,3887.58,3876.97,3877.59,4121.718,1639802999999,15999470.40591,7252,1735.352,6737938.73219,0
1639803000000,3877.59,3888.00,3875.47,3884.12,3108.386,1639803299999,12065410.02765,6900,1764.826,6851626.83914,0
1639803300000,3883.99,3888.00,3878.97,3880.08,2623.080,1639803599999,10186809.53321,5483,848.320,3295145.65462,0
1639803600000,3879.98,3884.08,3864.76,3872.23,5342.317,1639803899999,20678282.57609,8451,2002.600,7749580.40262,0
1639803900000,3872.23,3882.17,3869.76,3880.04,2435.715,1639804199999,9441734.06622,5302,1341.075,5197606.65887,0
1639804200000,3880.05,3893.38,3879.11,3885.00,5551.545,1639804499999,21585170.60069,8623,3474.681,13513490.66159,0
1639804500000,3885.01,3886.50,3876.61,3880.69,4546.625,1639804799999,17642112.35536,7888,1412.971,5483250.42215,0
1639804800000,3880.75,3898.09,3880.63,3890.44,5242.799,1639805099999,20401649.78776,8074,3900.245,15178148.74092,0
1639805100000,3890.43,3913.57,3887.28,3899.59,13578.213,1639805399999,52993398.09312,16228,8285.585,32338533.39670,0
1639805400000,3899.59,3921.58,3897.57,3914.72,10141.750,1639805699999,39649685.60225,14744,5298.469,20720627.66823,0
1639805700000,3914.73,3921.13,3910.00,3915.40,4862.243,1639805999999,19038119.04336,10329,2425.319,9496655.73048,0
1639806000000,3915.41,3929.20,3912.01,3913.95,9394.726,1639806299999,36843613.56944,13628,4820.099,18910630.32611,0
1639806300000,3913.95,3927.48,3912.88,3914.57,5437.162,1639806599999,21311869.84720,8666,2879.826,11289576.63085,0
1639806600000,3914.56,3921.46,3904.05,3906.96,5547.854,1639806899999,21699652.83544,8292,1924.218,7528173.03410,0
1639806900000,3906.96,3911.30,3901.01,3902.00,3094.765,1639807199999,12083717.48323,6412,1406.757,5492369.81018,0
1639807200000,3902.00,3914.40,3897.58,3911.73,7925.604,1639807499999,30944148.87566,9801,4130.890,16134103.22373,0
1639807500000,3911.03,3936.36,3911.02,3926.92,11323.409,1639807799999,44451574.99386,16187,7795.599,30602271.75011,0
1639807800000,3926.91,3935.56,3911.67,3914.71,9179.476,1639808099999,36014158.17853,13017,3450.195,13547594.23389,0
1639808100000,3914.72,3921.91,3911.17,3913.30,4167.668,1639808399999,16322631.85796,7853,1888.323,7397646.52849,0
1639808400000,3913.33,3915.32,3907.48,3911.66,2250.688,1639808699999,8803103.31701,5984,998.112,3904279.97791,0
1639808700000,3911.55,3911.77,3904.81,3908.01,3091.056,1639808999999,12076971.26327,5567,1032.619,4034561.40313,0
1639809000000,3908.01,3915.94,3902.00,3907.10,3374.863,1639809299999,13186161.65849,6488,1606.544,6278159.85634,0
1639809300000,3907.10,3914.47,3903.67,3910.83,3354.178,1639809599999,13111839.42496,6494,1483.397,5799108.41537,0
1639809600000,3910.83,3910.83,3890.33,3891.69,7899.767,1639809899999,30790533.51723,11344,2695.763,10505063.75616,0
1639809900000,3891.68,3898.52,3886.00,3886.35,6907.061,1639810199999,26873380.32398,8834,3331.927,12965439.80340,0
1639810200000,3886.35,3896.04,3884.99,3891.00,3570.721,1639810499999,13889190.74273,5864,2221.715,8641599.73055,0
1639810500000,3890.99,3891.85,3882.71,3888.11,4166.739,1639810799999,16196332.59866,6798,1903.901,7400434.90106,0
1639810800000,3888.12,3894.95,3886.12,3889.15,3347.168,1639811099999,13022145.21776,5258,2307.303,8976526.87902,0
1639811100000,3889.15,3893.96,3884.23,3885.90,2260.451,1639811399999,8788645.35038,4016,1310.611,5095334.99938,0
1639811400000,3885.89,3893.50,3881.18,3891.08,2013.129,1639811699999,7823771.48901,4498,950.920,3696283.21801,0
1639811700000,3891.08,3893.57,3885.56,3889.95,1289.436,1639811999999,5016855.55345,3472,593.138,2307991.23187,0
1639812000000,3889.94,3901.76,3888.21,3899.82,3715.643,1639812299999,14475212.44631,4981,2521.459,9824035.84502,0
1639812300000,3899.74,3901.30,3893.17,3898.69,2554.069,1639812599999,9955110.87674,4110,1441.296,5618136.40287,0
1639812600000,3898.75,3900.00,3890.49,3892.51,1988.677,1639812899999,7745137.57545,3767,674.044,2625538.28047,0
1639812900000,3892.51,3899.09,3886.51,3890.91,4977.083,1639813199999,19363523.23796,5896,1375.309,5353110.92455,0
1639813200000,3890.99,3892.75,3886.14,3888.21,1490.402,1639813499999,5795777.91805,2719,812.719,3160787.35466,0
1639813500000,3888.21,3893.11,3886.00,3892.05,1604.606,1639813799999,6240985.92834,2917,995.379,3871895.62292,0
1639813800000,3892.06,3898.71,3883.09,3888.57,2587.239,1639814099999,10064169.92990,4514,1427.705,5555126.43109,0
1639814100000,3888.56,3894.76,3884.77,3888.42,1484.185,1639814399999,5771214.24080,3194,472.714,1838561.04182,0
1639814400000,3888.29,3898.61,3887.67,3898.26,2141.548,1639814699999,8342217.80299,4648,1445.418,5630464.63391,0
1639814700000,3898.26,3914.72,3897.23,3905.47,7571.968,1639814999999,29585712.21713,10328,5219.422,20391675.02982,0
1639815000000,3905.47,3914.48,3902.90,3910.00,3680.518,1639815299999,14389606.58432,6017,1839.968,7193836.83586,0
1639815300000,3910.01,3913.54,3901.78,3905.85,3083.383,1639815599999,12050634.79293,5617,1339.176,5234111.47811,0
1639815600000,3906.18,3914.72,3904.00,3904.01,2302.365,1639815899999,9001184.79997,4876,1174.876,4593697.78102,0
1639815900000,3904.00,3912.70,3902.52,3910.73,1985.260,1639816199999,7757390.43075,5269,1175.539,4593692.40906,0
1639816200000,3910.73,3916.62,3893.90,3895.04,5945.974,1639816499999,23209717.30520,9126,2231.823,8716739.71465,0
1639816500000,3895.05,3898.54,3887.66,3889.61,5203.484,1639816799999,20254787.04621,7601,2102.911,8186393.16635,0
1639816800000,3889.60,3895.19,3880.42,3881.32,5725.984,1639817099999,22256780.29719,8181,1932.477,7513388.66309,0
1639817100000,3881.32,3884.23,3873.18,3882.88,6083.176,1639817399999,23592003.61472,9774,3117.253,12091179.03895,0
1639817400000,3882.87,3887.28,3876.01,3886.88,2781.056,1639817699999,10793205.56419,5293,1329.121,5159156.20289,0
1639817700000,3886.89,3894.14,3881.54,3891.24,3116.178,1639817999999,12117042.97990,5553,1333.695,5187083.26224,0
1639818000000,3891.24,3906.42,3891.05,3906.41,5924.326,1639818299999,23105224.71938,9215,3794.736,14800658.78349,0
1639818300000,3906.40,3910.14,3900.00,3904.64,5663.141,1639818599999,22118655.54612,7952,2331.551,9107922.21293,0
1639818600000,3904.63,3911.29,3902.01,3908.41,3279.199,1639818899999,12813068.85762,5682,2090.957,8171735.86833,0
1639818900000,3908.42,3913.95,3902.16,3904.25,3156.694,1639819199999,12338712.60878,6061,1652.609,6461579.02454,0
1639819200000,3904.25,3909.38,3899.09,3900.13,2742.950,1639819499999,10707268.54335,4723,766.216,2992816.18796,0
1639819500000,3900.12,3900.29,3890.22,3893.04,4031.243,1639819799999,15696864.16057,6203,1150.564,4480317.62788,0
1639819800000,3893.04,3904.98,3891.65,3897.24,2839.125,1639820099999,11071839.44042,4894,1630.710,6359817.99506,0
1639820100000,3897.24,3904.00,3897.24,3901.09,1332.145,1639820399999,5196748.49408,3556,694.091,2707640.32301,0
1639820400000,3901.08,3912.80,3901.08,3909.37,2548.195,1639820699999,9960303.86359,5447,1537.845,6010336.51931,0
1639820700000,3909.14,3914.97,3906.70,3909.31,3245.619,1639820999999,12697009.41686,6250,1774.020,6941099.50048,0
1639821000000,3909.30,3911.31,3904.45,3907.84,1847.044,1639821299999,7216779.88249,4169,739.306,2889046.58128,0
1639821300000,3907.85,3939.98,3906.42,3939.91,22154.249,1639821599999,87012388.27385,21422,14000.065,54968140.83371,0
1639821600000,3939.91,3952.45,3935.38,3937.21,16999.193,1639821899999,67070909.12259,26067,9132.344,36039693.36068,0
1639821900000,3937.09,3940.14,3924.83,3927.95,8714.635,1639822199999,34261594.43760,17352,3859.901,15174838.47238,0
1639822200000,3927.68,3930.99,3920.60,3927.03,4467.677,1639822499999,17533926.54884,9813,1786.439,7011975.08585,0
1639822500000,3927.03,3934.46,3920.01,3933.01,3923.065,1639822799999,15408078.68735,7518,2332.604,9163134.48191,0
1639822800000,3933.01,3965.78,3932.63,3946.19,17163.160,1639823099999,67863373.22099,25747,9851.714,38954867.58710,0
1639823100000,3946.33,3951.23,3940.26,3941.65,3804.350,1639823399999,15007287.94852,8528,1811.297,7145854.64679,0
1639823400000,3941.65,3951.23,3940.28,3945.88,3814.727,1639823699999,15047824.52849,7362,1668.284,6581556.68522,0
1639823700000,3945.88,3964.52,3941.00,3960.40,5951.673,1639823999999,23534531.60279,10651,3704.332,14649242.33695,0
1639824000000,3960.41,3976.00,3955.49,3965.39,14910.013,1639824299999,59148637.32862,21060,9131.416,36230147.13166,0
1639824300000,3966.07,3993.00,3965.17,3973.84,25222.073,1639824599999,100438315.06152,33302,14730.675,58661592.36876,0
1639824600000,3973.85,3980.38,3966.92,3970.62,6561.325,1639824899999,26061657.42596,10110,2411.822,9580830.71917,0
1639824900000,3971.01,3977.21,3965.40,3974.19,3918.092,1639825199999,15557664.06037,7885,1877.710,7457082.56211,0
1639825200000,3974.19,3979.59,3962.89,3968.38,4867.709,1639825499999,19322285.96612,10802,2360.966,9373513.23262,0
1639825500000,3968.38,3972.82,3960.25,3965.84,3552.942,1639825799999,14085835.14659,7415,1503.842,5963160.72345,0
1639825800000,3965.61,3967.01,3954.03,3956.43,4144.083,1639826099999,16409735.67830,8227,1032.089,4088427.60880,0
1639826100000,3956.44,3961.00,3951.45,3954.09,6393.220,1639826399999,25279387.67992,9550,3590.050,14195113.80714,0
1639826400000,3954.17,3954.74,3948.27,3952.99,2830.942,1639826699999,11185848.09668,6652,1135.145,4485845.58506,0
1639826700000,3952.99,3962.95,3950.05,3953.74,3237.724,1639826999999,12815827.26089,7027,1791.554,7091640.59374,0
1639827000000,3953.75,3963.98,3950.79,3956.04,3067.151,1639827299999,12136340.70097,6280,1757.861,6956844.26302,0
1639827300000,3956.04,3963.00,3954.45,3957.75,1630.169,1639827599999,6455175.39214,4294,1138.973,4509903.07938,0
1639827600000,3957.75,3980.82,3957.09,3968.64,8806.171,1639827899999,34964213.41675,12503,4313.764,17128549.91497,0
1639827900000,3968.65,3969.02,3956.07,3957.58,2709.111,1639828199999,10732958.49312,7065,956.772,3790675.19359,0
1639828200000,3957.58,3959.47,3949.55,3950.00,3161.481,1639828499999,12498517.91185,6371,1481.748,5857630.36444,0
1639828500000,3950.00,3957.47,3946.77,3957.33,2920.329,1639828799999,11541960.08732,6500,1351.216,5341441.11121,0
1639828800000,3957.37,3982.00,3954.91,3971.76,9285.443,1639829099999,36870680.52546,13829,5716.362,22694742.65118,0
1639829100000,3971.76,3977.65,3966.30,3976.57,5707.220,1639829399999,22664774.66293,11321,2814.566,11178836.24085,0
1639829400000,3976.57,3978.72,3970.13,3974.51,3040.534,1639829699999,12085180.68100,6234,1238.074,4920911.07302,0
1639829700000,3974.50,3974.51,3965.27,3968.79,2119.955,1639829999999,8413305.70776,5611,957.372,3799147.20323,0
1639830000000,3968.79,3969.58,3958.33,3959.76,2047.088,1639830299999,8115291.69181,5532,748.875,2969304.78853,0
1639830300000,3959.76,3960.90,3953.10,3954.26,3278.723,1639830599999,12970770.27545,7330,1259.009,4981135.67223,0
1639830600000,3954.26,3961.30,3952.23,3958.55,1815.628,1639830899999,7183465.68350,7360,867.473,3432340.17220,0
1639830900000,3958.71,3961.59,3949.81,3952.80,2861.301,1639831199999,11314762.07514,7064,1127.145,4458718.43564,0
1639831200000,3953.04,3956.06,3948.05,3951.32,3102.535,1639831499999,12259303.77465,6923,1223.628,4835437.10400,0
1639831500000,3951.32,3959.97,3950.35,3953.27,2112.164,1639831799999,8355155.93645,5314,1276.769,5050845.97562,0
1639831800000,3952.97,3962.00,3952.97,3961.99,1748.910,1639832099999,6923530.11759,4658,1195.008,4731006.22090,0
1639832100000,3962.00,3962.66,3954.38,3959.24,1385.249,1639832399999,5482221.64943,4427,798.799,3161383.94361,0
1639832400000,3959.23,3965.90,3954.02,3956.18,2136.674,1639832699999,8460939.21741,5938,1133.111,4488033.98193,0
1639832700000,3956.18,3966.12,3955.43,3958.64,3871.374,1639832999999,15337104.64665,6082,2068.634,8196594.54396,0
1639833000000,3958.65,3963.02,3956.68,3961.41,1406.573,1639833299999,5569043.39578,5009,633.199,2507124.98495,0
1639833300000,3961.33,3961.48,3949.55,3950.00,3114.523,1639833599999,12316775.70400,5428,1613.393,6380699.94500,0
1639833600000,3950.01,3959.04,3945.19,3955.75,3777.592,1639833899999,14926640.65295,6666,1739.703,6878001.21856,0
1639833900000,3955.90,3960.89,3952.87,3954.32,3355.607,1639834199999,13283404.86654,5019,2161.623,8558823.43616,0
1639834200000,3954.33,3960.60,3952.32,3956.44,1908.680,1639834499999,7552953.46808,4406,1379.741,5460365.38798,0
1639834500000,3956.42,3962.00,3950.52,3954.64,3088.131,1639834799999,12214381.95117,5565,1336.489,5286096.56130,0
1639834800000,3954.91,3959.58,3944.79,3945.45,4129.964,1639835099999,16314900.63683,6122,2432.775,9611791.59895,0
1639835100000,3945.45,3954.89,3944.79,3949.48,3371.975,1639835399999,13317262.58869,6291,1464.664,5784401.74885,0
1639835400000,3949.49,3951.52,3945.63,3948.47,1965.142,1639835699999,7758270.50301,5216,1034.845,4085689.22211,0
1639835700000,3948.47,3951.00,3925.65,3928.13,13781.875,1639835999999,54227793.58905,17488,4631.071,18221731.39896,0
1639836000000,3928.13,3937.76,3924.93,3937.25,5578.117,1639836299999,21931262.46325,11160,2884.646,11343211.81024,0
1639836300000,3937.24,3940.00,3925.23,3932.01,5428.888,1639836599999,21355359.04970,8580,2742.072,10787256.10081,0
1639836600000,3932.02,3939.82,3929.12,3938.69,2926.307,1639836899999,11511012.08493,6456,1959.828,7710301.64468,0
1639836900000,3938.99,3957.00,3937.28,3953.53,9098.428,1639837199999,35927357.80581,11146,7164.690,28292475.44158,0
1639837200000,3953.53,3957.67,3942.42,3943.57,5010.530,1639837499999,19795009.40811,8500,2049.240,8098962.29029,0
1639837500000,3943.65,3948.25,3941.51,3945.59,1465.031,1639837799999,5780326.24308,4437,755.241,2980076.78115,0
1639837800000,3945.60,3952.32,3942.03,3944.65,2263.554,1639838099999,8934566.73305,5407,1193.768,4713033.01455,0
1639838100000,3944.65,3948.78,3941.63,3948.00,2015.443,1639838399999,7950660.35111,5027,910.449,3591893.41972,0
1639838400000,3947.99,3961.80,3947.36,3957.07,4840.767,1639838699999,19150488.18653,8019,3659.720,14477168.12351,0
1639838700000,3957.08,3970.94,3955.70,3963.11,6926.207,1639838999999,27462049.61861,11185,4292.705,17021539.48720,0
1639839000000,3963.24,3965.99,3960.00,3962.89,1826.322,1639839299999,7235548.40149,4807,842.781,3339210.24086,0
1639839300000,3962.88,3965.31,3957.07,3958.63,2204.693,1639839599999,8733181.65088,4793,810.616,3211639.41503,0
1639839600000,3958.68,3960.61,3953.91,3959.12,2464.254,1639839899999,9750857.08475,5860,1234.775,4886674.49061,0
1639839900000,3959.11,3967.99,3958.49,3967.37,2172.203,1639840199999,8610968.23636,5574,1181.203,4682047.23861,0
1639840200000,3967.38,3968.99,3961.00,3968.78,1596.641,1639840499999,6329961.62054,4768,961.214,3810901.90209,0
1639840500000,3968.79,3977.75,3967.23,3971.15,6037.595,1639840799999,23981118.29222,9488,3818.569,15168218.06739,0
1639840800000,3971.32,3971.99,3964.74,3971.02,2573.375,1639841099999,10211860.47468,5665,831.469,3300222.42003,0
1639841100000,3971.03,3971.41,3958.00,3960.40,2618.651,1639841399999,10377870.97177,6375,824.682,3268762.37879,0
1639841400000,3960.40,3961.03,3947.96,3952.14,4549.250,1639841699999,17979023.61770,8444,1862.352,7359852.79347,0
1639841700000,3952.14,3959.85,3950.75,3956.89,2594.634,1639841999999,10264235.94762,5620,1455.940,5759717.19234,0
1639842000000,3956.82,3959.85,3952.14,3959.82,1225.619,1639842299999,4847780.55284,3874,611.003,2417051.34425,0
1639842300000,3959.82,3963.78,3943.61,3950.43,5965.783,1639842599999,23581694.52031,8560,2965.233,11722111.69209,0
1639842600000,3950.44,3952.32,3940.49,3944.02,6613.175,1639842899999,26088598.99866,8824,2211.453,8725019.06702,0
1639842900000,3944.02,3949.07,3940.11,3944.05,2702.511,1639843199999,10659484.51074,4656,1187.542,4684527.46778,0
1639843200000,3944.04,3948.61,3934.75,3941.13,6043.924,1639843499999,23814278.60593,8596,2084.076,8214466.76340,0
1639843500000,3941.14,3944.12,3932.39,3940.58,3736.179,1639843799999,14712314.30265,7286,1795.184,7070597.60401,0
1639843800000,3940.58,3949.49,3940.09,3948.92,2574.657,1639844099999,10160657.93722,5109,1565.781,6178808.44346,0
1639844100000,3948.91,3957.57,3942.71,3956.61,3737.314,1639844399999,14768972.08507,5928,2596.135,10260704.62509,0
1639844400000,3956.32,3965.99,3956.04,3957.24,5014.278,1639844699999,19861858.28970,7789,2695.033,10675503.89433,0
1639844700000,3957.28,3957.28,3950.01,3953.13,3554.766,1639844999999,14053314.46165,5414,1432.210,5663125.64625,0
1639845000000,3953.43,3953.92,3938.30,3940.93,3704.111,1639845299999,14612597.13834,6752,1326.775,5233056.20360,0
1639845300000,3940.94,3941.29,3932.57,3940.96,7226.211,1639845599999,28444070.09598,8983,3573.008,14066357.51785,0
1639845600000,3940.96,3945.96,3938.06,3941.50,2458.479,1639845899999,9690625.33981,4760,1522.050,6000012.52453,0
1639845900000,3941.62,3948.29,3938.04,3948.29,3343.726,1639846199999,13185430.85763,4091,2148.820,8474987.29892,0
1639846200000,3948.28,3953.23,3943.81,3949.99,3469.242,1639846499999,13698731.28314,5083,1437.931,5679014.97299,0
1639846500000,3949.99,3949.99,3935.57,3936.34,3433.920,1639846799999,13529157.20217,4738,930.711,3666150.87454,0
1639846800000,3936.34,3939.90,3929.56,3935.83,4207.034,1639847099999,16548932.93019,6736,1765.141,6944399.78667,0
1639847100000,3935.83,3939.76,3933.39,3934.29,2142.869,1639847399999,8435361.33076,3964,1303.391,5131245.71569,0
1639847400000,3934.26,3946.89,3934.25,3943.85,2704.849,1639847699999,10665638.60647,4716,1728.479,6815237.44102,0
1639847700000,3943.85,3946.63,3939.33,3939.77,1670.985,1639847999999,6587997.40964,3917,495.386,1953394.14931,0
1639848000000,3939.76,3950.51,3937.77,3949.24,2699.190,1639848299999,10650281.42705,5070,1593.773,6290064.25232,0
1639848300000,3949.46,3950.84,3935.50,3939.47,2843.543,1639848599999,11209092.62651,4993,1326.787,5229048.03024,0
1639848600000,3939.46,3948.99,3936.10,3946.08,2387.137,1639848899999,9413422.23587,4389,1405.537,5542204.98562,0
1639848900000,3946.11,3953.07,3942.34,3942.96,2362.394,1639849199999,9329641.72186,4931,1127.090,4452005.09618,0
1639849200000,3942.65,3946.28,3938.30,3944.02,2115.420,1639849499999,8339059.04580,3762,1269.969,5006332.91266,0
1639849500000,3944.00,3947.30,3939.63,3942.35,1269.538,1639849799999,5007129.40201,3157,650.622,2566565.03036,0
1639849800000,3942.35,3942.94,3928.68,3930.94,5185.044,1639850099999,20399623.78571,7869,1734.189,6821790.43642,0
1639850100000,3930.93,3934.95,3927.75,3934.25,2490.770,1639850399999,9791379.70251,5138,1534.943,6034376.91542,0
1639850400000,3934.24,3938.58,3930.23,3938.57,1558.614,1639850699999,6134178.81894,4017,768.696,3025747.79949,0
1639850700000,3938.57,3944.83,3934.39,3943.20,2334.317,1639850999999,9196970.77177,3965,1212.820,4779534.98267,0
1639851000000,3943.20,3943.20,3933.41,3939.01,1567.968,1639851299999,6174711.18607,3603,524.637,2066032.78166,0
1639851300000,3939.21,3943.00,3935.02,3942.31,1774.298,1639851599999,6990357.66357,3194,1194.008,4704417.28319,0
1639851600000,3942.30,3943.00,3936.51,3939.22,1506.583,1639851899999,5937598.20312,2713,921.557,3632433.87732,0
1639851900000,3939.21,3945.14,3936.34,3937.93,1432.747,1639852199999,5646234.45547,2871,763.560,3009197.02647,0
1639852200000,3937.92,3945.33,3937.26,3945.32,799.214,1639852499999,3150676.32683,2528,450.070,1774273.82701,0
1639852500000,3945.33,3945.61,3934.50,3936.88,1436.098,1639852799999,5656365.09842,2941,627.168,2470258.52655,0
1639852800000,3936.88,3943.24,3936.87,3940.49,930.163,1639853099999,3664739.77425,2455,481.733,1898014.29352,0
1639853100000,3940.50,3945.58,3940.04,3941.23,850.207,1639853399999,3352304.64592,2630,339.527,1338785.18223,0
1639853400000,3941.23,3941.95,3936.90,3941.86,994.180,1639853699999,3916807.21579,2378,558.843,2201823.74370,0
1639853700000,3941.85,3944.49,3938.91,3939.34,895.807,1639853999999,3531488.98824,2306,405.874,1599998.60200,0
1639854000000,3939.35,3942.99,3932.53,3933.98,1634.591,1639854299999,6435460.31846,3660,692.943,2728349.78050,0
1639854300000,3933.99,3934.35,3905.99,3909.25,15408.790,1639854599999,60355260.48219,17304,5680.986,22249166.31179,0
1639854600000,3909.26,3919.50,3907.51,3919.50,7047.618,1639854899999,27583171.57444,8869,3870.346,15148493.47219,0
1639854900000,3919.50,3924.05,3911.90,3921.00,3625.164,1639855199999,14206606.05013,5892,1634.705,6407924.00106,0
1639855200000,3921.01,3934.49,3920.71,3927.02,3282.991,1639855499999,12896754.81216,5797,2046.128,8037679.49786,0
1639855500000,3927.01,3931.63,3922.72,3928.89,1509.873,1639855799999,5930918.93848,3829,680.409,2672849.47500,0
1639855800000,3928.89,3929.35,3921.89,3924.09,1672.646,1639856099999,6565156.07824,3984,889.816,3492570.94842,0
1639856100000,3924.09,3934.84,3922.11,3932.53,1749.682,1639856399999,6877734.84198,3855,768.996,3022979.00763,0
1639856400000,3932.53,3935.56,3929.26,3932.94,1161.550,1639856699999,4567672.24625,3150,691.809,2720560.18568,0
1639856700000,3933.12,3949.85,3933.12,3943.95,8365.668,1639856999999,32999333.15945,8271,4173.026,16459882.37445,0
1639857000000,3943.94,3947.63,3938.83,3945.13,2152.398,1639857299999,8488740.86953,4003,1139.888,4495598.96991,0
1639857300000,3945.12,3945.52,3939.25,3941.84,1010.925,1639857599999,3985887.99313,3021,382.803,1509261.72566,0
1639857600000,3941.83,3945.91,3934.25,3938.08,2030.256,1639857899999,7996883.86976,3971,721.358,2841949.73505,0
1639857900000,3938.08,3938.43,3930.57,3931.23,1845.818,1639858199999,7259125.14635,3841,914.948,3598329.60800,0
1639858200000,3931.23,3935.45,3928.59,3935.26,2027.581,1639858499999,7973750.98071,3586,1278.072,5027209.83866,0
1639858500000,3935.26,3939.83,3933.86,3938.51,1360.698,1639858799999,5357016.37558,2883,853.669,3361206.99282,0
1639858800000,3938.51,3941.34,3925.65,3937.97,3149.145,1639859099999,12390928.35845,4463,1396.257,5497047.50759,0
1639859100000,3938.27,3942.38,3934.02,3942.38,1271.014,1639859399999,5006981.05297,2750,867.476,3417764.78665,0
1639859400000,3942.38,3944.85,3937.92,3938.70,1911.469,1639859699999,7535810.71748,3706,1113.174,4388892.39702,0
1639859700000,3938.70,3941.31,3935.20,3939.39,1627.628,1639859999999,6409753.07834,2945,758.864,2988583.78273,0
1639860000000,3939.39,3940.59,3935.63,3939.99,683.132,1639860299999,2690312.16888,2270,368.074,1449688.66439,0
1639860300000,3939.99,3946.15,3939.29,3943.89,1440.171,1639860599999,5678910.90262,3358,878.946,3465770.92204,0
1639860600000,3944.02,3958.60,3944.02,3951.37,6225.648,1639860899999,24614647.55078,8032,3593.907,14207724.29679,0
1639860900000,3951.38,3960.75,3950.63,3956.87,2315.404,1639861199999,9162584.85851,5018,1522.337,6024374.00654,0
1639861200000,3956.87,3958.24,3949.85,3956.56,2883.123,1639861499999,11400562.72640,4660,1435.614,5677737.52286,0
1639861500000,3956.51,3964.92,3956.51,3956.76,3202.258,1639861799999,12684202.13438,5128,1995.785,7905498.72849,0
1639861800000,3956.75,3957.02,3944.09,3946.73,3806.826,1639862099999,15041956.97670,5254,832.305,3288753.83797,0
1639862100000,3946.72,3946.73,3938.55,3942.24,2196.190,1639862399999,8657665.82881,4850,880.508,3470956.00510,0
1639862400000,3942.24,3943.28,3938.95,3942.00,939.528,1639862699999,3702880.93700,3157,488.164,1924068.84405,0
1639862700000,3941.99,3946.06,3939.35,3945.02,710.465,1639862999999,2801269.17993,2217,481.400,1898185.01534,0
1639863000000,3945.02,3955.47,3944.88,3952.60,2910.128,1639863299999,11498181.15677,4530,2004.417,7919148.47515,0
1639863300000,3952.60,3957.15,3950.82,3952.82,1196.176,1639863599999,4730046.71940,3068,678.158,2681962.67881,0
1639863600000,3952.81,3963.17,3952.40,3955.96,3229.539,1639863899999,12786044.02592,5341,1723.390,6823071.02658,0
1639863900000,3955.96,3962.69,3954.02,3962.69,1673.840,1639864199999,6625260.14242,3287,832.989,3297097.16782,0
1639864200000,3962.61,3971.44,3958.46,3969.58,3569.294,1639864499999,14157986.58990,6144,2222.597,8816215.27320,0
1639864500000,3969.58,3975.00,3965.36,3973.73,2805.525,1639864799999,11142240.22556,4992,1608.012,6387612.01650,0
1639864800000,3973.74,3975.75,3966.25,3968.62,2091.807,1639865099999,8305654.16318,5291,853.282,3388600.67405,0
1639865100000,3968.62,3970.21,3964.68,3968.62,1306.821,1639865399999,5184980.03307,3846,624.513,2478036.78643,0
1639865400000,3968.63,3985.00,3968.63,3980.18,5523.745,1639865699999,21985076.17113,10151,3436.020,13675018.27658,0
1639865700000,3980.17,3997.39,3979.92,3983.93,9661.835,1639865999999,38548836.59806,14734,5879.225,23459892.73235,0
1639866000000,3983.94,3991.23,3983.43,3985.19,1940.214,1639866299999,7735838.87808,5328,923.527,3682266.69457,0
1639866300000,3985.19,3986.35,3981.30,3982.66,2166.108,1639866599999,8629255.37080,4738,871.372,3471657.96441,0
1639866600000,3982.56,3984.35,3981.07,3984.28,1172.282,1639866899999,4668152.28642,3789,558.003,2222219.32986,0
1639866900000,3984.28,3986.82,3981.28,3984.06,1330.008,1639867199999,5298623.01183,3936,339.376,1352240.64989,0
1639867200000,3984.05,3984.71,3981.16,3982.43,956.862,1639867499999,3811118.19363,3211,433.912,1728307.54833,0
1639867500000,3982.44,3983.14,3973.37,3973.55,2876.274,1639867799999,11440535.87304,5188,477.898,1901107.95901,0
1639867800000,3973.72,3974.13,3965.90,3973.81,3344.342,1639868099999,13277328.11821,5692,1376.871,5467022.77442,0
1639868100000,3973.82,3975.35,3963.09,3970.18,3886.604,1639868399999,15423026.31469,5144,1577.114,6260368.16980,0
1639868400000,3970.19,3970.80,3955.57,3968.09,6899.650,1639868699999,27332147.64182,8839,2929.012,11607126.81647,0
1639868700000,3968.08,3972.96,3964.91,3969.03,1484.719,1639868999999,5893268.85474,4372,730.659,2900213.78638,0
1639869000000,3969.41,3973.04,3961.50,3962.71,2980.034,1639869299999,11821777.75092,5157,1080.753,4288406.18371,0
1639869300000,3962.72,3964.86,3943.25,3953.59,7316.584,1639869599999,28917175.74960,9242,2685.706,10613549.43850,0
1639869600000,3953.83,3961.48,3951.22,3957.15,2193.897,1639869899999,8681200.58133,3941,1604.292,6348182.20657,0
1639869900000,3957.15,3961.47,3954.98,3959.13,1193.525,1639870199999,4724291.49810,2863,562.137,2225346.73886,0
1639870200000,3959.13,3962.29,3954.57,3959.34,1125.620,1639870499999,4455666.03839,3180,554.361,2194766.56680,0
1639870500000,3959.34,3970.56,3959.33,3963.74,2827.723,1639870799999,11213796.97930,4695,1790.470,7100852.10611,0
1639870800000,3963.76,3967.72,3961.11,3963.10,1074.361,1639871099999,4259082.35298,2755,472.428,1873119.36425,0
1639871100000,3963.10,3969.81,3960.04,3965.86,1543.261,1639871399999,6118705.51022,3366,756.730,3000645.90179,0
1639871400000,3965.87,3967.79,3960.10,3960.71,1457.439,1639871699999,5776632.21824,3261,497.959,1974208.38100,0
1639871700000,3960.71,3960.72,3953.40,3957.64,2120.478,1639871999999,8390384.16909,4397,879.401,3479910.96550,0
1639872000000,3957.65,3960.29,3949.24,3958.59,4172.020,1639872299999,16495420.07022,6212,2265.162,8956639.41566,0
1639872300000,3958.58,3965.86,3955.57,3955.62,2125.947,1639872599999,8420336.61881,4300,968.441,3837012.65178,0
1639872600000,3955.61,3959.05,3950.43,3958.43,2798.314,1639872899999,11064798.46179,4738,1389.838,5496385.07733,0
1639872900000,3958.42,3958.43,3951.40,3952.41,1281.204,1639873199999,5066172.44254,3866,550.629,2177380.76254,0
1639873200000,3952.41,3955.43,3942.61,3947.91,4256.880,1639873499999,16804802.71567,5994,1186.708,4683766.81378,0
1639873500000,3947.92,3953.06,3945.28,3946.92,1435.721,1639873799999,5669791.99629,3375,834.143,3294469.35082,0
1639873800000,3946.92,3950.41,3944.49,3944.57,1658.967,1639874099999,6549101.71229,4340,702.048,2771704.30565,0
1639874100000,3944.57,3949.24,3936.18,3942.11,6113.413,1639874399999,24090197.75434,6887,2309.324,9101454.58588,0
1639874400000,3942.11,3942.38,3930.04,3935.87,3942.563,1639874699999,15511772.43369,6528,1726.118,6791326.74421,0
1639874700000,3935.87,3939.45,3930.64,3938.14,2085.661,1639874999999,8207931.14624,4387,1201.769,4730134.27686,0
1639875000000,3938.14,3941.72,3936.57,3938.94,3306.485,1639875299999,13026824.35583,4149,2235.568,8808178.67929,0
1639875300000,3938.94,3942.83,3937.00,3940.94,1423.504,1639875599999,5609095.24980,3803,917.694,3616236.37391,0
1639875600000,3940.93,3942.50,3934.99,3939.34,1145.438,1639875899999,4510412.10842,3117,440.083,1733280.34192,0
1639875900000,3939.34,3946.35,3938.70,3944.49,2993.190,1639876199999,11805422.27473,3762,2276.849,8980287.75337,0
1639876200000,3944.49,3953.14,3943.22,3949.64,3696.060,1639876499999,14598732.28635,4123,2679.069,10581828.70562,0
1639876500000,3950.02,3950.98,3934.51,3935.71,6999.971,1639876799999,27585830.27462,5168,2178.040,8581902.90081,0
1639876800000,3935.71,3935.71,3912.99,3916.31,10850.834,1639877099999,42542017.50543,13111,4084.016,16004055.08208,0
1639877100000,3916.31,3922.73,3881.89,3905.38,24633.705,1639877399999,96108734.21298,27459,9560.449,37304919.03893,0
1639877400000,3905.38,3908.88,3894.37,3900.58,7328.239,1639877699999,28594819.86439,9176,4714.895,18397995.64271,0
1639877700000,3900.58,3910.46,3900.51,3904.40,3198.547,1639877999999,12493827.92169,5709,1865.062,7286120.55277,0
1639878000000,3904.32,3909.51,3902.27,3902.27,1933.692,1639878299999,7554481.45587,4059,799.371,3123252.41543,0
1639878300000,3902.16,3913.81,3901.64,3906.90,2493.118,1639878599999,9743830.97298,4840,1410.715,5514900.95658,0
1639878600000,3906.66,3910.00,3903.34,3903.74,1498.622,1639878899999,5854903.21821,3383,556.920,2176182.06232,0
1639878900000,3903.74,3904.04,3896.08,3901.76,3468.788,1639879199999,13530057.83717,5283,1626.831,6344583.25531,0
1639879200000,3901.76,3909.27,3896.33,3907.69,3666.727,1639879499999,14319115.78565,5920,2396.516,9360010.38972,0
1639879500000,3907.47,3910.46,3905.35,3910.19,1701.158,1639879799999,6648301.11274,3775,1200.925,4693648.82863,0
1639879800000,3910.19,3911.25,3906.00,3909.70,2114.111,1639880099999,8263819.31963,4324,1012.891,3959604.16606,0
1639880100000,3909.48,3912.00,3904.13,3904.78,1581.018,1639880399999,6179906.25337,4197,827.624,3235880.76718,0
1639880400000,3904.78,3923.00,3904.78,3918.27,4997.000,1639880699999,19568850.32828,6249,3550.436,13902286.09684,0
1639880700000,3918.27,3920.35,3912.86,3918.37,2539.335,1639880999999,9946480.63136,4372,1508.870,5910229.55639,0
1639881000000,3918.38,3919.96,3911.25,3919.16,2249.914,1639881299999,8810234.28936,4283,1222.236,4786951.59461,0
1639881300000,3919.17,3928.62,3916.92,3928.61,4840.554,1639881599999,18988963.51951,5486,3462.351,13583326.07601,0
1639881600000,3928.62,3934.60,3927.50,3932.15,8891.130,1639881899999,34950475.94998,8822,4687.334,18425456.69589,0
1639881900000,3932.14,3938.00,3930.11,3931.23,4857.994,1639882199999,19115245.59400,7439,2127.237,8370801.78636,0
1639882200000,3930.92,3935.78,3923.18,3929.88,5394.526,1639882499999,21196684.10042,5690,3103.472,12194779.08386,0
1639882500000,3929.87,3946.84,3929.40,3940.97,15192.765,1639882799999,59839904.24600,12051,7312.443,28799416.82328,0
1639882800000,3940.97,3960.32,3940.61,3953.19,14580.685,1639883099999,57636071.55679,15075,9810.071,38771807.51085,0
1639883100000,3953.19,3953.19,3944.49,3948.06,3415.471,1639883399999,13483708.60617,6258,1185.486,4681026.96874,0
1639883400000,3948.33,3977.19,3945.68,3969.56,11637.564,1639883699999,46154271.05296,16295,6880.585,27280130.74039,0
1639883700000,3969.41,3987.62,3967.44,3975.36,15722.266,1639883999999,62547161.72881,18024,9481.303,37726209.03981,0
1639884000000,3975.36,4034.99,3972.98,4011.23,47158.892,1639884299999,189047314.52544,49363,29151.640,116826341.42661,0
1639884300000,4011.23,4020.09,4001.45,4009.03,15798.268,1639884599999,63390001.62907,19453,9315.620,37387090.13485,0
1639884600000,4008.96,4015.99,4002.26,4015.28,8711.402,1639884899999,34927053.75990,12449,3877.270,15546293.88179,0
1639884900000,4015.28,4015.53,4002.00,4006.71,6634.222,1639885199999,26585666.61388,9156,2424.308,9715811.26482,0
1639885200000,4006.80,4009.99,3995.52,3995.64,5333.113,1639885499999,21344141.40865,7777,1204.262,4822599.52324,0
1639885500000,3995.64,4003.05,3995.00,3995.49,4192.752,1639885799999,16767648.12569,7088,2021.624,8085252.76579,0
1639885800000,3995.02,3998.29,3986.83,3992.92,9290.823,1639886099999,37082224.28089,10248,3962.217,15814577.90267,0
1639886100000,3992.91,3995.00,3987.22,3987.73,3290.574,1639886399999,13132509.11718,5587,1492.628,5957765.66176,0
1639886400000,3987.73,4008.59,3987.21,3998.41,7926.971,1639886699999,31721179.76956,11079,5004.496,20026404.10422,0
1639886700000,3998.40,4002.59,3994.34,3997.25,3267.184,1639886999999,13063880.97895,4841,1427.217,5707857.32339,0
1639887000000,3997.25,4000.56,3994.91,4000.55,1680.707,1639887299999,6717959.52768,3896,970.178,3878082.15413,0
1639887300000,4000.40,4005.42,3994.03,3995.41,2569.087,1639887599999,10274878.32725,4733,1139.611,4559121.94013,0
1639887600000,3995.40,4001.18,3995.40,3997.00,2492.588,1639887899999,9968644.58709,3566,1251.421,5004915.84280,0
1639887900000,3997.00,4001.00,3993.60,4000.43,2477.425,1639888199999,9903971.45640,4024,1328.449,5311666.32816,0
1639888200000,4000.44,4004.98,3997.20,3999.28,2653.400,1639888499999,10616173.45884,4458,1579.934,6321815.61964,0
1639888500000,3999.28,4012.94,3998.00,4012.00,6081.521,1639888799999,24368696.55505,7288,4005.934,16052488.33481,0
1639888800000,4012.00,4015.00,4005.82,4009.31,6595.709,1639889099999,26453725.39040,6832,2428.714,9742978.58231,0
1639889100000,4009.30,4014.00,4006.65,4008.58,3536.231,1639889399999,14179122.25823,4736,1976.700,7926078.04246,0
1639889400000,4008.58,4024.42,4006.21,4016.52,6193.550,1639889699999,24876165.19599,8126,3886.683,15610153.18798,0
1639889700000,4016.52,4016.65,4007.80,4007.91,2979.265,1639889999999,11952893.79416,4778,1188.717,4770518.41013,0
1639890000000,4007.91,4011.00,4002.26,4003.84,3292.157,1639890299999,13191478.05275,5350,1171.165,4693977.28491,0
1639890300000,4003.84,4007.40,3999.65,4002.53,2781.613,1639890599999,11136506.64990,4511,1052.695,4215762.54847,0
1639890600000,4002.53,4015.15,4001.86,4013.72,2693.545,1639890899999,10797258.15099,4444,1976.921,7925549.89670,0
1639890900000,4013.73,4016.11,4007.80,4007.94,3206.488,1639891199999,12863698.20624,3941,1456.568,5844132.10252,0
1639891200000,4007.95,4011.17,4007.40,4009.40,928.142,1639891499999,3721189.49326,2388,426.041,1708146.09645,0
1639891500000,4009.40,4009.40,4002.20,4002.20,1560.151,1639891799999,6248067.43387,3052,708.488,2837305.23811,0
1639891800000,4002.21,4002.98,3999.09,4002.98,1692.993,1639892099999,6773485.19120,4052,723.097,2893267.36906,0
1639892100000,4002.47,4002.81,3986.84,3990.85,7147.605,1639892399999,28539456.54202,8819,1940.772,7746501.08898,0
1639892400000,3990.86,3993.55,3988.52,3991.21,2709.206,1639892699999,10812863.43647,4751,1331.910,5316636.14215,0
1639892700000,3991.22,3994.34,3989.00,3993.56,1654.183,1639892999999,6603308.79115,3625,1010.174,4033070.23161,0
1639893000000,3993.55,3995.00,3982.87,3988.66,3983.509,1639893299999,15885059.81112,6008,1439.812,5741649.36971,0
1639893300000,3988.66,3990.41,3982.99,3987.43,3532.841,1639893599999,14085894.26939,5377,1864.801,7435728.22695,0
1639893600000,3987.45,3990.78,3979.70,3987.33,4433.502,1639893899999,17666191.66703,7250,2065.318,8233092.73483,0
1639893900000,3987.27,3990.22,3976.70,3983.27,4552.748,1639894199999,18128324.38804,6825,1771.435,7056742.11996,0
1639894200000,3983.27,3987.22,3978.52,3985.82,1970.436,1639894499999,7849910.66895,4041,1275.562,5082095.43369,0
1639894500000,3986.10,3989.60,3985.00,3986.00,2035.102,1639894799999,8114973.76362,3641,1321.188,5268577.32577,0
1639894800000,3986.00,3988.73,3982.63,3986.47,1754.624,1639895099999,6993966.14958,2639,1017.202,4055152.40113,0
1639895100000,3986.47,3988.63,3984.28,3984.28,605.969,1639895399999,2415382.75925,2144,304.352,1213270.95141,0
1639895400000,3984.28,3987.62,3980.48,3984.60,1246.407,1639895699999,4965501.30843,2842,501.803,1999366.82256,0
1639895700000,3984.67,3984.68,3974.56,3977.00,3114.881,1639895999999,12390580.12992,4503,952.720,3790314.29821,0
1639896000000,3977.00,3981.20,3974.00,3978.18,2788.350,1639896299999,11090511.20874,3790,1897.930,7549602.18403,0
1639896300000,3978.19,3982.87,3978.19,3980.21,1542.520,1639896599999,6140686.56986,2718,1066.099,4244241.09700,0
1639896600000,3980.20,3983.27,3977.73,3978.08,1106.659,1639896899999,4405598.77677,2161,460.056,1831831.61657,0
1639896900000,3978.08,3979.84,3968.00,3969.21,4792.705,1639897199999,19037890.26614,6201,1334.867,5302079.87552,0
1639897200000,3969.21,3974.00,3966.00,3972.58,3298.360,1639897499999,13092545.31931,5246,2008.130,7971854.18199,0
1639897500000,3972.57,3978.52,3972.19,3978.52,2022.308,1639897799999,8040084.96156,3146,1670.788,6642485.24968,0
1639897800000,3978.51,3983.66,3973.00,3980.91,3552.692,1639898099999,14136381.77831,5655,2143.397,8529803.50074,0
1639898100000,3980.92,3984.33,3976.14,3977.40,2924.985,1639898399999,11640979.48843,4722,1155.736,4599892.10650,0
1639898400000,3977.40,3982.47,3977.40,3981.68,1088.534,1639898699999,4332971.65650,2625,802.555,3194573.24558,0
1639898700000,3981.67,3987.82,3981.11,3983.48,2804.827,1639898999999,11177926.44892,4329,1703.414,6788819.21755,0
1639899000000,3983.47,3992.38,3979.44,3990.45,2802.420,1639899299999,11169778.15597,4279,1906.535,7601046.99560,0
1639899300000,3990.41,3992.33,3980.92,3982.17,1934.962,1639899599999,7713445.45598,3399,757.485,3020096.56545,0
1639899600000,3982.11,3984.45,3978.00,3981.40,1854.879,1639899899999,7384731.96840,3227,683.768,2722333.79941,0
1639899900000,3981.40,3983.45,3976.50,3981.29,1722.979,1639900199999,6856825.98885,3087,779.561,3102578.82476,0
1639900200000,3981.29,3982.06,3973.00,3977.56,2710.298,1639900499999,10778583.43070,3626,882.711,3510305.12107,0
1639900500000,3977.57,3980.04,3972.52,3976.56,1188.650,1639900799999,4727150.06702,2748,552.474,2197314.89626,0
1639900800000,3976.52,3986.43,3976.30,3980.89,4156.498,1639901099999,16554936.08863,5148,2874.863,11450811.16511,0
1639901100000,3980.89,3986.25,3972.76,3983.80,7458.089,1639901399999,29678634.82625,6422,3754.207,14941000.90183,0
1639901400000,3983.79,3985.63,3979.31,3984.00,1261.274,1639901699999,5022745.65923,3379,630.071,2509038.96967,0
1639901700000,3984.00,3987.49,3981.78,3984.77,1437.883,1639901999999,5729777.22388,3059,870.038,3467221.03977,0
1639902000000,3985.10,3987.58,3982.55,3982.72,1526.471,1639902299999,6082837.08190,2964,968.525,3859518.20069,0
1639902300000,3982.54,3982.86,3978.45,3978.91,2242.818,1639902599999,8926303.17779,3032,256.404,1020425.52788,0
1639902600000,3978.91,3978.91,3962.29,3966.22,9536.097,1639902899999,37840117.65479,9259,3569.083,14160144.18297,0
1639902900000,3966.22,3974.96,3962.73,3974.96,3302.842,1639903199999,13107805.11838,4911,1959.215,7777477.78736,0
1639903200000,3974.96,3976.51,3969.83,3974.92,2037.194,1639903499999,8094207.67760,3549,1103.440,4384267.59847,0
1639903500000,3974.92,3974.92,3968.12,3974.09,2233.399,1639903799999,8866987.42873,3293,1485.513,5897613.46227,0
1639903800000,3974.09,3975.00,3969.10,3969.56,1719.306,1639904099999,6828153.42716,2806,534.114,2121298.18414,0
1639904100000,3969.70,3975.03,3966.66,3967.97,1318.426,1639904399999,5235156.97968,2764,662.865,2632439.70289,0
1639904400000,3967.96,3974.47,3966.65,3967.32,1562.752,1639904699999,6205447.80553,3178,764.957,3037971.48902,0
1639904700000,3967.31,3969.70,3952.80,3952.84,6862.907,1639904999999,27178142.73054,9170,1778.469,7043341.95148,0
1639905000000,3952.85,3954.70,3941.16,3944.97,17019.613,1639905299999,67191912.26517,18363,6235.855,24621198.24920,0
1639905300000,3944.71,3952.98,3941.32,3949.39,6403.678,1639905599999,25278663.34862,7534,2977.074,11755050.97311,0
1639905600000,3949.39,3954.78,3947.24,3949.45,2681.916,1639905899999,10598214.42931,5185,1602.076,6331747.81934,0
1639905900000,3949.44,3956.75,3938.95,3939.36,6458.314,1639906199999,25509770.78117,6709,3207.197,12677818.22318,0
1639906200000,3939.33,3950.82,3938.14,3947.55,4994.494,1639906499999,19701216.44366,7315,2809.445,11083486.17442,0
1639906500000,3947.54,3948.76,3941.76,3947.04,2428.626,1639906799999,9582288.33677,4690,1216.090,4798524.51441,0
1639906800000,3947.04,3954.37,3947.04,3950.60,2712.023,1639907099999,10715019.67004,4396,1825.617,7212742.00892,0
1639907100000,3950.60,3950.61,3943.85,3949.25,2786.362,1639907399999,10998007.26417,4054,905.990,3576628.90325,0
1639907400000,3949.25,3950.59,3939.85,3944.72,2066.137,1639907699999,8150052.93005,3741,795.484,3138267.45588,0
1639907700000,3944.72,3947.14,3937.76,3940.68,5458.929,1639907999999,21514623.52590,5313,3318.293,13076922.01246,0
1639908000000,3940.77,3942.56,3930.69,3931.04,3942.628,1639908299999,15519533.72930,7412,1326.995,5224380.08415,0
1639908300000,3931.07,3932.87,3909.72,3910.74,23240.215,1639908599999,91091292.32941,26290,10977.215,43022057.67661,0
1639908600000,3910.74,3919.54,3908.08,3911.46,9624.144,1639908899999,37662714.75186,15434,4930.313,19297300.91544,0
1639908900000,3911.46,3913.68,3896.11,3909.39,9689.561,1639909199999,37831687.90052,16847,4561.732,17814515.64107,0
1639909200000,3909.39,3915.60,3905.58,3915.59,3462.579,1639909499999,13547173.27657,6252,2347.968,9186588.45753,0
1639909500000,3915.59,3922.30,3911.31,3920.97,3853.253,1639909799999,15094895.44846,6627,2659.613,10419419.08086,0
1639909800000,3920.96,3926.28,3917.51,3918.13,6504.469,1639910099999,25516188.50436,8651,3384.957,13280414.03618,0
1639910100000,3918.33,3926.28,3916.78,3925.94,3468.022,1639910399999,13605985.83528,5193,2134.666,8375718.87781,0
1639910400000,3925.95,3928.05,3920.86,3927.38,2720.947,1639910699999,10679534.96267,5049,1665.328,6537464.91305,0
1639910700000,3927.38,3931.74,3923.62,3930.42,4682.131,1639910999999,18394726.74934,6568,3034.756,11923941.53509,0
1639911000000,3930.42,3933.68,3922.74,3923.26,3314.518,1639911299999,13022616.73892,4804,1529.867,6012660.97767,0
1639911300000,3923.26,3926.76,3920.00,3923.06,1433.242,1639911599999,5623180.67011,3562,555.658,2180172.34990,0
1639911600000,3923.06,3924.25,3898.98,3906.74,11787.758,1639911899999,46044662.72962,14135,4171.762,16292283.27820,0
1639911900000,3906.74,3913.13,3903.71,3911.57,3628.351,1639912199999,14183907.45043,5638,1890.584,7390636.70748,0
1639912200000,3911.57,3913.79,3903.16,3912.19,2685.973,1639912499999,10499216.47221,5139,1393.410,5448172.76848,0
1639912500000,3912.19,3918.99,3909.75,3917.00,2627.123,1639912799999,10287989.45386,5124,1325.917,5192511.36588,0
1639912800000,3917.01,3920.00,3912.55,3916.93,1449.469,1639913099999,5677712.39681,4134,891.304,3491779.20912,0
1639913100000,3916.93,3918.00,3906.48,3906.49,2214.808,1639913399999,8666407.03646,4591,797.221,3120204.66396,0
1639913400000,3906.49,3916.15,3905.95,3914.32,3046.038,1639913699999,11913343.13522,4872,1657.516,6483552.68281,0
1639913700000,3914.32,3923.17,3913.10,3922.96,2079.176,1639913999999,8146701.98029,4305,1554.205,6089967.17138,0
1639914000000,3922.97,3926.30,3918.16,3921.59,4799.932,1639914299999,18823662.04182,5443,2088.300,8191637.73592,0
1639914300000,3921.36,3930.00,3915.14,3927.03,5224.012,1639914599999,20495159.60879,6336,2865.972,11248447.51631,0
1639914600000,3927.03,3929.98,3923.32,3926.31,2496.243,1639914899999,9801753.85697,4408,940.413,3693294.49528,0
1639914900000,3926.31,3928.64,3920.01,3924.21,2860.576,1639915199999,11226852.46892,3783,1259.853,4944916.85685,0
1639915200000,3924.22,3926.48,3910.19,3912.93,5907.173,1639915499999,23137389.46384,7317,1896.471,7429253.66511,0
1639915500000,3912.93,3916.80,3908.99,3916.70,3375.514,1639915799999,13206982.60836,5807,1496.908,5857178.18523,0
1639915800000,3916.69,3920.40,3901.81,3906.57,7350.636,1639916099999,28763749.63890,10481,3775.693,14781985.27674,0
1639916100000,3906.87,3913.81,3896.85,3913.71,9212.927,1639916399999,35965468.94183,10579,3162.818,12353402.05788,0
1639916400000,3913.64,3924.32,3912.46,3918.14,3219.874,1639916699999,12621528.16765,6813,2118.150,8301941.64576,0
1639916700000,3918.14,3923.68,3916.91,3918.81,1858.894,1639916999999,7288780.49269,4012,1105.170,4333730.01606,0
1639917000000,3918.81,3923.80,3913.35,3919.93,1831.723,1639917299999,7175751.32819,4582,965.734,3783896.24527,0
1639917300000,3919.93,3927.46,3918.05,3924.72,2840.572,1639917599999,11145458.49349,5916,1909.798,7494336.82873,0
1639917600000,3924.72,3928.00,3922.39,3924.32,2194.720,1639917899999,8617183.45065,4595,1043.465,4097126.10277,0
1639917900000,3924.32,3934.53,3921.65,3932.22,3948.615,1639918199999,15513771.66082,6009,2652.042,10421806.66791,0
1639918200000,3931.81,3940.00,3930.01,3936.53,5648.006,1639918499999,22226001.33116,8565,3239.628,12749947.11057,0
1639918500000,3936.52,3944.34,3933.20,3940.25,4388.179,1639918799999,17289153.92862,6585,2553.435,10061741.87901,0
1639918800000,3940.25,3950.00,3935.50,3943.17,6328.005,1639919099999,24961064.89913,9415,3349.063,13212999.96841,0
1639919100000,3943.17,3970.00,3941.39,3964.70,18759.972,1639919399999,74266279.27521,18814,11611.058,45959536.83261,0
1639919400000,3964.70,3966.40,3955.00,3958.92,8185.385,1639919699999,32418510.55213,9783,4224.947,16732937.73873,0
1639919700000,3958.91,3959.08,3940.05,3943.07,8093.082,1639919999999,31946004.74344,10606,2105.667,8310056.99599,0
1639920000000,3943.22,3946.44,3940.00,3942.26,3216.136,1639920299999,12682565.02883,5752,1595.140,6291172.70290,0
1639920300000,3942.25,3950.00,3930.72,3931.63,6057.007,1639920599999,23878765.58184,6664,2403.660,9485721.79276,0
1639920600000,3931.64,3937.09,3921.84,3925.62,15497.657,1639920899999,60890274.35284,15638,8597.149,33775575.25915,0
1639920900000,3925.61,3927.80,3913.30,3916.42,6993.030,1639921199999,27410758.24042,11587,2714.294,10639369.27886,0
1639921200000,3916.43,3923.00,3905.90,3918.43,8145.191,1639921499999,31889429.71306,11127,4217.237,16515762.95908,0
1639921500000,3918.44,3927.93,3909.00,3924.61,8806.091,1639921799999,34496225.06452,9771,3544.464,13889815.93389,0
1639921800000,3924.61,3927.15,3915.81,3924.63,2411.797,1639922099999,9458272.16758,4455,1110.012,4352930.01272,0
1639922100000,3924.78,3979.51,3924.73,3963.21,30954.953,1639922399999,122523911.14509,33058,18133.344,71764223.97932,0
1639922400000,3963.08,3995.99,3953.98,3974.80,39477.593,1639922699999,157009299.80213,44663,20563.627,81815564.58583,0
1639922700000,3974.79,3995.56,3964.70,3985.74,21120.933,1639922999999,84150368.33748,25405,11076.888,44129705.16769,0
1639923000000,3985.80,3986.73,3912.00,3928.91,41226.700,1639923299999,162515800.02972,45420,15777.264,62196183.08872,0
1639923300000,3928.91,3946.15,3928.00,3939.96,20475.174,1639923599999,80592732.96587,23076,9272.147,36504446.44447,0
1639923600000,3939.96,3946.19,3925.01,3934.36,7776.835,1639923899999,30605322.09928,11972,3596.616,14155796.62501,0
1639923900000,3934.36,3944.28,3928.73,3938.42,4465.899,1639924199999,17585534.09109,7906,2622.978,10330664.21313,0
1639924200000,3938.43,3945.00,3937.00,3944.72,4490.551,1639924499999,17695635.87025,5983,2531.906,9978012.26220,0
1639924500000,3944.73,3967.46,3941.20,3945.89,13560.856,1639924799999,53601552.91762,16918,7855.256,31053900.39003,0
1639924800000,3946.53,3955.32,3946.52,3954.22,3640.155,1639925099999,14384084.01387,6081,2062.982,8152306.44773,0
1639925100000,3954.23,3954.37,3937.75,3944.63,4282.094,1639925399999,16884555.57908,7192,1611.707,6354934.13896,0
1639925400000,3944.63,3947.00,3931.00,3941.31,7759.930,1639925699999,30560540.79889,9492,3671.406,14462827.76606,0
1639925700000,3941.21,3945.13,3937.80,3941.23,2191.590,1639925999999,8638820.27522,4583,1099.621,4334675.16839,0
1639926000000,3941.23,3946.27,3933.53,3936.26,2382.352,1639926299999,9384860.46858,5571,1251.282,4930204.52772,0
1639926300000,3936.44,3937.00,3927.82,3934.99,4903.405,1639926599999,19277507.39382,7360,1921.274,7553583.99749,0
1639926600000,3934.99,3934.99,3923.22,3927.42,2547.135,1639926899999,10005855.53219,6576,997.734,3919529.04457,0
1639926900000,3927.38,3930.94,3918.32,3919.93,3510.842,1639927199999,13775015.01320,7458,1444.147,5667373.40892,0
1639927200000,3919.93,3933.99,3919.93,3933.13,4189.110,1639927499999,16455440.79219,6946,2879.991,11314996.93446,0
1639927500000,3933.12,3942.00,3932.77,3938.41,3545.092,1639927799999,13956310.42544,6116,2121.488,8352317.44969,0
1639927800000,3938.46,3941.56,3931.60,3936.14,1687.333,1639928099999,6642039.46796,4672,804.394,3167588.72501,0
1639928100000,3936.13,3936.14,3925.63,3925.73,2278.978,1639928399999,8954226.37991,6284,697.586,2741574.41468,0
1639928400000,3925.73,3933.17,3924.54,3928.21,1296.566,1639928699999,5094230.07966,4047,594.314,2335168.74019,0
1639928700000,3928.21,3934.75,3926.11,3933.02,1411.029,1639928999999,5547200.03750,4046,737.279,2898787.46447,0
1639929000000,3933.03,3933.45,3926.07,3931.07,1179.561,1639929299999,4635493.00245,3314,501.429,1970643.36641,0
1639929300000,3931.07,3932.16,3918.97,3925.59,3617.003,1639929599999,14189741.97512,7416,1382.811,5425303.14817,0
1639929600000,3925.59,3925.59,3915.88,3921.61,2919.433,1639929899999,11446417.24769,7380,1350.922,5297356.49779,0
1639929900000,3921.61,3931.00,3920.74,3930.54,3060.712,1639930199999,12020811.34941,6175,1726.735,6782048.41025,0
1639930200000,3930.54,3937.99,3929.04,3936.34,3196.988,1639930499999,12577384.45422,6522,2182.346,8585205.19307,0
1639930500000,3936.33,3942.00,3932.64,3938.01,2292.474,1639930799999,9026812.81693,5213,1252.774,4933493.25146,0
1639930800000,3938.00,3950.00,3935.77,3942.37,6655.646,1639931099999,26250376.05624,10434,3985.622,15721939.50260,0
1639931100000,3942.37,3946.50,3934.36,3943.23,3210.157,1639931399999,12651307.79033,5633,1045.894,4122848.23838,0
1639931400000,3943.24,3947.77,3933.08,3937.50,2595.435,1639931699999,10220723.72506,5126,936.312,3688498.44086,0
1639931700000,3937.49,3944.87,3936.15,3936.15,2030.638,1639931999999,8002047.42875,4468,1285.072,5064330.59439,0
1639932000000,3936.15,3937.37,3923.03,3929.96,4725.634,1639932299999,18567688.02407,7570,1724.277,6776353.41877,0
1639932300000,3930.37,3934.44,3925.58,3934.44,1992.551,1639932599999,7830860.85019,5227,1115.365,4384256.49467,0
1639932600000,3934.44,3936.41,3924.02,3925.29,2323.739,1639932899999,9132087.12680,4711,801.294,3149885.27875,0
1639932900000,3925.30,3928.61,3922.17,3922.17,2110.723,1639933199999,8284466.47581,4829,1086.854,4266386.21729,0
1639933200000,3922.18,3928.72,3914.78,3915.38,4783.572,1639933499999,18754145.37189,8574,1942.827,7619853.38151,0
1639933500000,3915.36,3918.97,3905.30,3915.17,11019.790,1639933799999,43103275.22556,13773,4569.780,17876993.75217,0
1639933800000,3915.17,3930.11,3913.38,3927.19,7606.417,1639934099999,29845225.72823,7783,4369.325,17142794.07162,0
1639934100000,3927.33,3929.51,3915.75,3919.91,6145.825,1639934399999,24101269.43535,7098,988.741,3878499.90044,0
1639934400000,3919.67,3920.36,3909.34,3911.60,2774.485,1639934699999,10857736.88617,5766,1129.310,4420241.78197,0
1639934700000,3911.60,3913.00,3904.00,3909.17,4789.662,1639934999999,18718407.51793,8149,2308.374,9022086.01707,0
1639935000000,3909.16,3913.00,3903.73,3912.50,2931.423,1639935299999,11456143.94763,6152,1644.924,6429323.17892,0
1639935300000,3912.50,3916.63,3908.45,3913.17,2379.341,1639935599999,9310667.24148,4646,1409.136,5515028.71235,0
1639935600000,3913.16,3916.24,3910.54,3911.21,711.661,1639935899999,2784739.15185,3193,355.243,1390146.58352,0
1639935900000,3911.21,3914.07,3903.47,3906.72,2309.383,1639936199999,9024430.00579,4579,1104.947,4317894.64281,0
1639936200000,3906.72,3920.67,3906.72,3917.03,2249.415,1639936499999,8808671.10662,4518,1526.726,5978646.21624,0
1639936500000,3917.03,3924.52,3915.09,3923.12,1829.810,1639936799999,7173106.56611,4128,1121.470,4396717.59265,0
1639936800000,3923.11,3923.12,3906.57,3912.03,2600.378,1639937099999,10176814.03566,5826,884.214,3460891.51266,0
1639937100000,3912.04,3917.79,3910.36,3913.69,1076.754,1639937399999,4214437.21654,3780,479.442,1876670.58910,0
1639937400000,3913.48,3915.44,3902.25,3904.99,2758.792,1639937699999,10776831.99806,5845,1003.934,3921160.92785,0
1639937700000,3904.98,3913.87,3904.20,3907.86,10391.724,1639937999999,40622966.11651,6501,5519.631,21575262.17679,0
1639938000000,3907.87,3916.00,3907.47,3913.94,1589.112,1639938299999,6218429.00651,3728,997.434,3903226.74798,0
1639938300000,3913.93,3916.86,3908.28,3914.62,1080.574,1639938599999,4228681.65590,3245,520.132,2035598.95938,0
1639938600000,3914.63,3919.53,3911.54,3917.53,1507.160,1639938899999,5901462.41067,3543,727.511,2849262.91729,0
1639938900000,3917.53,3917.54,3907.24,3914.14,2029.353,1639939199999,7935821.31137,3925,424.506,1660373.31276,0
1639939200000,3914.22,3921.35,3914.21,3920.23,1661.798,1639939499999,6510356.27242,3936,1201.395,4706424.60160,0
1639939500000,3920.23,3921.81,3912.72,3921.61,1250.129,1639939799999,4898248.43706,4022,608.123,2383150.72998,0
1639939800000,3921.61,3934.57,3921.61,3928.81,5018.208,1639940099999,19715232.05163,7979,3018.612,11859189.55591,0
1639940100000,3928.81,3931.48,3922.60,3930.03,1250.104,1639940399999,4908898.04029,3780,546.373,2145539.52650,0
1639940400000,3930.04,3934.26,3925.29,3930.52,1590.489,1639940699999,6251391.57091,4462,918.392,3609635.82841,0
1639940700000,3930.52,3931.03,3923.00,3927.40,1372.487,1639940999999,5387909.65553,4105,498.842,1958388.27929,0
1639941000000,3927.40,3927.66,3917.20,3918.15,2888.776,1639941299999,11326689.39625,4687,861.964,3380180.82586,0
1639941300000,3918.15,3925.00,3916.72,3917.50,1914.182,1639941599999,7504099.52941,3761,1175.701,4609012.89647,0
1639941600000,3917.50,3917.76,3882.52,3897.60,25749.242,1639941899999,100303635.14700,28363,10244.587,39902764.30572,0
1639941900000,3897.60,3903.70,3887.70,3895.64,7049.400,1639942199999,27455940.50045,10973,3134.840,12213308.32454,0
1639942200000,3895.64,3906.90,3887.70,3906.90,4927.035,1639942499999,19200524.38494,7678,3285.233,12803167.65042,0
1639942500000,3906.89,3909.34,3899.12,3908.74,2888.459,1639942799999,11282162.48226,6066,1317.150,5144286.43523,0
1639942800000,3908.60,3913.81,3900.48,3906.97,3311.924,1639943099999,12945642.79022,6095,2038.928,7971334.55202,0
1639943100000,3906.98,3912.24,3901.30,3910.50,2205.934,1639943399999,8619433.19269,5198,1294.734,5059942.47411,0
1639943400000,3910.66,3911.47,3899.50,3907.92,3195.890,1639943699999,12478316.08796,5668,1269.813,4959253.23692,0
1639943700000,3908.09,3916.15,3906.62,3911.85,3325.463,1639943999999,13010652.84093,5511,1858.548,7271481.21859,0
1639944000000,3911.85,3912.05,3895.22,3902.63,3591.285,1639944299999,14011123.04656,7495,1264.744,4934754.76872,0
1639944300000,3902.64,3914.20,3898.80,3913.93,3997.792,1639944599999,15620642.42557,6034,2825.731,11042492.80560,0
1639944600000,3913.93,3921.95,3908.73,3921.23,5910.451,1639944899999,23143158.63760,7332,3469.630,13588498.81602,0
1639944900000,3921.41,3927.10,3918.10,3920.80,3799.671,1639945199999,14908562.18966,7538,2006.371,7873254.57917,0
1639945200000,3920.79,3923.94,3914.98,3921.32,1952.965,1639945499999,7652733.58299,4861,844.993,3311779.13560,0
1639945500000,3921.32,3921.32,3912.50,3912.88,1134.960,1639945799999,4445504.61009,3512,357.815,1401724.84422,0
1639945800000,3912.87,3921.11,3912.53,3919.46,2127.548,1639946099999,8331557.06109,4144,1274.909,4992478.10559,0
1639946100000,3919.46,3923.51,3916.15,3919.67,1110.562,1639946399999,4353156.28504,3733,547.076,2144311.75212,0
1639946400000,3919.66,3923.00,3915.37,3918.35,1039.505,1639946699999,4074305.79047,3449,462.757,1813899.78979,0
1639946700000,3918.35,3924.33,3918.21,3921.22,1232.837,1639946999999,4834729.36541,3686,789.547,3096358.27830,0
1639947000000,3921.30,3926.67,3915.33,3926.08,2381.883,1639947299999,9339370.47334,4933,1012.735,3971751.14436,0
1639947300000,3926.07,3926.20,3915.09,3916.15,2296.124,1639947599999,8999251.05546,4451,907.341,3556182.31673,0
1639947600000,3916.14,3919.31,3911.00,3911.26,2804.432,1639947899999,10977376.29280,4259,709.127,2776073.86352,0
1639947900000,3911.26,3921.59,3910.70,3915.80,1608.092,1639948199999,6297875.85979,4020,833.912,3265947.72382,0
1639948200000,3916.13,3921.00,3912.99,3914.83,1118.004,1639948499999,4378704.38380,3593,464.452,1819140.13063,0
1639948500000,3914.82,3926.47,3910.30,3924.33,2203.823,1639948799999,8639923.84688,4853,1131.995,4437946.57547,0
1639948800000,3924.33,3933.69,3920.73,3928.47,3098.272,1639949099999,12169608.38298,6056,1372.896,5393250.78205,0
1639949100000,3928.46,3932.99,3922.94,3932.27,2300.107,1639949399999,9036115.96408,4637,1165.852,4580197.08472,0
1639949400000,3932.33,3936.41,3929.09,3934.60,1835.959,1639949699999,7222823.03268,4879,968.630,3810827.38713,0
1639949700000,3934.60,3935.96,3925.46,3925.46,1933.537,1639949999999,7596949.37942,4068,463.901,1823495.13897,0
1639950000000,3925.45,3936.79,3923.17,3933.92,2257.651,1639950299999,8876448.68058,4615,1439.301,5660427.59852,0
1639950300000,3933.92,3933.92,3922.78,3926.38,2042.479,1639950599999,8020676.64645,4272,777.164,3051364.03648,0
1639950600000,3926.38,3928.29,3917.30,3917.30,1872.750,1639950899999,7343753.90045,3936,705.061,2764537.57732,0
1639950900000,3917.30,3919.89,3912.25,3919.19,2625.751,1639951199999,10281547.81517,4637,1878.215,7354561.25315,0
1639951200000,3919.18,3927.79,3912.25,3927.54,2536.755,1639951499999,9945938.06902,4717,1460.416,5726204.39469,0
1639951500000,3927.53,3943.04,3925.94,3938.90,5553.632,1639951799999,21868250.68410,8757,2668.025,10505906.57644,0
1639951800000,3938.72,3955.00,3937.39,3948.16,12025.104,1639952099999,47491283.41916,12330,6429.651,25393324.67396,0
1639952100000,3948.16,3952.28,3941.74,3942.91,2644.672,1639952399999,10440684.90299,5526,1286.174,5078198.13311,0
1639952400000,3942.93,3945.00,3938.64,3938.98,1606.649,1639952699999,6332125.98411,3489,769.757,3033700.19203,0
1639952700000,3938.98,3943.43,3938.29,3938.79,1038.848,1639952999999,4093379.75183,2915,545.458,2149351.53192,0
1639953000000,3938.79,3939.30,3935.01,3935.30,917.639,1639953299999,3612730.16442,3175,250.211,985071.95570,0
1639953300000,3935.29,3938.45,3934.04,3935.71,975.145,1639953599999,3838106.56848,2159,374.143,1472850.84158,0
1639953600000,3935.71,3937.92,3932.13,3936.68,974.333,1639953899999,3833002.83319,2689,515.767,2029120.52961,0
1639953900000,3936.68,3961.82,3936.68,3960.50,7423.446,1639954199999,29358971.58216,10039,4026.876,15923907.54875,0
1639954200000,3960.49,3970.88,3953.17,3970.88,6224.863,1639954499999,24671512.99492,9203,4001.690,15865472.48513,0
1639954500000,3970.88,3990.00,3966.69,3976.77,14035.554,1639954799999,55870056.66374,19861,7683.289,30579917.12770,0
1639954800000,3976.41,3990.00,3963.26,3967.78,8926.840,1639955099999,35466040.42248,12576,4081.921,16218544.69587,0
1639955100000,3967.78,3978.01,3963.07,3966.01,4376.417,1639955399999,17374740.48183,7446,1712.418,6800960.51601,0
1639955400000,3966.01,3967.72,3953.80,3956.17,5198.105,1639955699999,20578577.13110,8011,1813.656,7179953.24822,0
1639955700000,3956.17,3959.59,3951.23,3955.74,2701.070,1639955999999,10680848.99231,5803,1426.393,5641538.98435,0
1639956000000,3955.73,3963.81,3942.21,3943.19,5369.220,1639956299999,21211376.66229,8650,1944.036,7683694.84958,0
1639956300000,3943.29,3951.71,3943.00,3948.04,2455.161,1639956599999,9692664.61615,4952,1344.026,5305756.06745,0
1639956600000,3948.03,3953.09,3931.35,3933.80,9382.691,1639956899999,36944551.21414,11216,4455.337,17544162.28140,0
1639956900000,3933.88,3943.05,3930.18,3940.90,4475.617,1639957199999,17617079.16185,7253,2518.604,9914545.15475,0
1639957200000,3940.89,3943.92,3930.96,3939.52,3394.989,1639957499999,13364504.06046,5566,1791.941,7056145.41839,0
1639957500000,3939.53,3940.51,3922.78,3923.22,3955.334,1639957799999,15543615.31871,7627,1562.568,6140896.35747,0
1639957800000,3923.22,3927.83,3918.49,3921.54,5312.556,1639958099999,20839236.90431,8316,2555.648,10026143.40500,0
1639958100000,3921.61,3926.20,3910.70,3922.51,6434.590,1639958399999,25205064.03497,9206,3263.894,12786721.35153,0
1639958400000,3922.51,3927.45,3905.09,3906.29,9909.261,1639958699999,38776311.75532,14133,3940.784,15424989.22612,0
1639958700000,3906.29,3920.78,3902.84,3919.90,7688.735,1639958999999,30072822.47560,10670,4432.389,17340194.05719,0
1639959000000,3919.90,3925.00,3898.16,3903.50,10902.259,1639959299999,42589344.05536,13299,4045.691,15811236.62889,0
1639959300000,3903.49,3905.32,3891.21,3900.28,8545.609,1639959599999,33298184.21803,13075,4852.799,18911150.68780,0
1639959600000,3900.28,3914.98,3899.63,3906.00,5352.603,1639959899999,20915156.64575,8088,3727.559,14564407.76307,0
1639959900000,3906.02,3918.87,3905.02,3916.77,3177.392,1639960199999,12441191.43725,6071,1793.646,7023237.97220,0
1639960200000,3916.60,3925.65,3910.19,3920.99,4065.452,1639960499999,15937966.39884,6782,2193.652,8600444.26935,0
1639960500000,3921.00,3924.27,3910.38,3920.74,2369.557,1639960799999,9282928.67995,5133,779.536,3054557.11998,0
1639960800000,3920.79,3930.37,3920.31,3930.37,3173.377,1639961099999,12459792.76568,5852,1871.516,7348556.36410,0
1639961100000,3930.37,3931.61,3922.78,3924.85,3333.082,1639961399999,13092403.54907,5981,1232.474,4841508.68723,0
1639961400000,3925.30,3933.30,3920.83,3930.80,2887.618,1639961699999,11343721.63802,4771,1578.317,6201676.69642,0
1639961700000,3930.79,3945.61,3930.79,3945.37,6975.953,1639961999999,27478647.20021,9626,4182.857,16476038.18557,0
1639962000000,3945.37,3958.99,3940.82,3950.00,11083.671,1639962299999,43797692.40443,13880,5551.367,21937138.44458,0
1639962300000,3950.00,3980.00,3949.34,3968.11,16732.417,1639962599999,66416609.63658,18890,10267.261,40752778.23474,0
1639962600000,3968.11,3981.48,3964.08,3968.56,9938.815,1639962899999,39482305.77717,14900,4969.706,19748386.07335,0
1639962900000,3968.57,3973.77,3946.55,3952.84,8671.493,1639963199999,34304947.84090,12513,3294.310,13028242.26712,0
1639963200000,3952.84,3957.56,3942.53,3944.18,4457.715,1639963499999,17601438.47449,7818,1616.299,6384545.19970,0
1639963500000,3944.19,3951.75,3937.19,3942.26,3958.197,1639963799999,15605754.18381,7556,1744.092,6876492.55726,0
1639963800000,3942.26,3943.84,3922.39,3929.12,10439.460,1639964099999,41037194.83658,13370,4537.318,17833992.98000,0
1639964100000,3929.12,3936.80,3919.18,3922.71,9791.987,1639964399999,38438345.52717,10197,4816.567,18910470.04438,0
1639964400000,3923.04,3926.98,3917.92,3921.54,5462.115,1639964699999,21420573.63144,7350,3278.315,12857468.59691,0
1639964700000,3921.53,3933.32,3921.05,3933.30,2916.306,1639964999999,11453364.66333,6198,2007.834,7886671.26225,0
1639965000000,3933.30,3941.48,3930.06,3940.55,4897.770,1639965299999,19280618.90378,6881,2941.750,11581413.13152,0
1639965300000,3940.69,3947.75,3929.25,3931.74,4406.528,1639965599999,17363654.60729,7308,2608.860,10283434.76610,0
1639965600000,3931.52,3936.35,3926.77,3928.02,4506.198,1639965899999,17714378.82371,7386,2194.370,8628054.34113,0
1639965900000,3928.02,3928.02,3911.52,3917.31,10060.286,1639966199999,39425775.96058,10866,2976.381,11666374.63340,0
1639966200000,3917.32,3921.22,3912.64,3914.61,4153.807,1639966499999,16269294.03899,7138,1908.041,7473771.06705,0
1639966500000,3914.61,3927.94,3914.38,3925.40,3906.248,1639966799999,15326249.07586,6656,2621.733,10286039.12490,0
1639966800000,3925.40,3930.45,3917.31,3928.64,2889.589,1639967099999,11339801.64401,5486,1610.958,6322364.81165,0
1639967100000,3928.63,3939.89,3925.25,3928.81,4308.349,1639967399999,16941846.23828,7213,2319.236,9120991.85323,0
1639967400000,3928.81,3931.06,3920.37,3923.55,4431.359,1639967699999,17396978.88894,6354,1553.305,6097692.38868,0
1639967700000,3923.57,3937.58,3922.49,3935.73,2494.005,1639967999999,9805172.52746,5720,1618.291,6362722.67530,0
1639968000000,3935.73,3936.80,3922.39,3929.42,2300.023,1639968299999,9032582.99851,4715,845.854,3321938.14187,0
1639968300000,3928.81,3932.91,3920.83,3922.33,1960.420,1639968599999,7695976.87201,4474,655.008,2572246.61633,0
1639968600000,3922.32,3924.30,3914.59,3920.36,2982.329,1639968899999,11687600.89373,5747,1124.550,4407917.88931,0
1639968900000,3920.36,3927.73,3916.20,3926.50,1644.285,1639969199999,6449449.48478,4370,918.083,3600956.48137,0
1639969200000,3926.49,3928.78,3919.00,3928.47,1831.028,1639969499999,7187502.09065,4750,890.562,3496325.13869,0
1639969500000,3928.48,3932.51,3922.00,3924.47,2143.639,1639969799999,8420631.67899,4871,860.263,3379278.54966,0
1639969800000,3924.47,3927.83,3915.62,3916.16,2669.455,1639970099999,10466407.95709,5520,823.414,3228289.87220,0
1639970100000,3916.16,3916.16,3898.00,3900.55,12840.701,1639970399999,50135563.76413,14630,4893.589,19102583.49775,0
1639970400000,3900.58,3906.41,3895.00,3902.87,5968.667,1639970699999,23284244.79038,9347,3110.413,12135995.63336,0
1639970700000,3902.89,3902.89,3892.38,3894.88,4693.150,1639970999999,18288040.09075,8196,2021.713,7878646.32147,0
1639971000000,3894.89,3904.85,3892.30,3900.96,4048.090,1639971299999,15784345.94250,7016,2368.074,9234124.69901,0
1639971300000,3900.95,3905.87,3888.00,3895.22,5750.416,1639971599999,22391051.95222,9733,2627.426,10233031.39240,0
1639971600000,3895.23,3904.85,3895.16,3896.76,4049.277,1639971899999,15792494.40409,7232,2134.543,8325261.78532,0
1639971900000,3896.76,3915.90,3896.02,3908.75,6100.956,1639972199999,23844480.53353,9106,4177.581,16326433.70071,0
1639972200000,3908.89,3915.76,3907.33,3910.00,2918.382,1639972499999,11417641.10310,5439,1529.638,5984521.71845,0
1639972500000,3910.00,3910.40,3900.58,3905.23,3273.814,1639972799999,12782141.59813,5586,1045.143,4080782.70377,0
1639972800000,3905.23,3914.18,3899.41,3913.41,4026.893,1639973099999,15739362.46302,7705,2228.837,8713146.15282,0
1639973100000,3913.42,3913.73,3906.54,3910.13,1558.162,1639973399999,6093128.40498,4967,659.177,2577780.98796,0
1639973400000,3910.14,3918.92,3909.28,3917.95,3476.016,1639973699999,13613721.63777,6371,2125.296,8323741.24259,0
1639973700000,3917.95,3924.38,3915.94,3921.30,3434.361,1639973999999,13466070.71514,6926,1948.741,7641886.22156,0
1639974000000,3921.39,3921.40,3906.37,3909.90,2770.634,1639974299999,10838926.64613,5465,1161.617,4544130.01028,0
1639974300000,3909.90,3918.00,3909.70,3911.83,1156.843,1639974599999,4528433.38234,3820,523.247,2048276.23154,0
1639974600000,3911.83,3918.50,3910.16,3916.17,1727.324,1639974899999,6762756.00314,3948,947.733,3710884.89048,0
1639974900000,3916.36,3916.93,3905.59,3905.88,1639.831,1639975199999,6412607.30578,4324,561.796,2197623.82209,0
1639975200000,3905.89,3913.59,3905.41,3913.41,1227.044,1639975499999,4796898.90681,3543,715.755,2798107.30405,0
1639975500000,3913.41,3923.22,3907.26,3921.03,2619.437,1639975799999,10261992.09320,5036,1591.600,6235823.29858,0
1639975800000,3921.03,3924.10,3916.24,3922.75,2217.737,1639976099999,8694054.16851,4883,1225.678,4805350.58065,0
1639976100000,3922.64,3926.00,3920.83,3924.75,1917.799,1639976399999,7523854.70578,4807,1073.992,4213798.00333,0
1639976400000,3924.75,3932.91,3923.85,3929.01,5324.433,1639976699999,20923155.65406,7496,2817.167,11070256.71854,0
1639976700000,3929.01,3929.16,3915.82,3918.39,4747.444,1639976999999,18617667.30729,6238,1760.912,6905850.88048,0
1639977000000,3918.40,3926.28,3916.15,3920.69,2516.438,1639977299999,9869189.96426,4638,1380.880,5415663.92919,0
1639977300000,3920.85,3923.91,3910.00,3911.13,3269.374,1639977599999,12806103.84828,5201,1617.728,6337125.37707,0
1639977600000,3911.20,3918.84,3910.30,3915.43,1037.651,1639977899999,4062519.66705,3716,557.041,2181143.24590,0
1639977900000,3915.37,3916.90,3902.09,3907.26,3092.061,1639978199999,12083283.34258,6104,1191.725,4657060.67885,0
1639978200000,3907.70,3912.06,3898.37,3900.22,5323.023,1639978499999,20773997.67213,7767,1636.517,6388267.63449,0
1639978500000,3900.55,3902.00,3892.39,3894.38,5816.047,1639978799999,22665026.60644,7925,2515.762,9803761.59829,0
1639978800000,3894.42,3896.66,3845.00,3872.12,24842.138,1639979099999,96227468.45653,30510,8804.540,34118609.04712,0
1639979100000,3872.11,3878.35,3864.16,3876.03,9148.200,1639979399999,35409974.94191,12510,5200.064,20131374.78905,0
1639979400000,3876.16,3876.21,3853.52,3859.33,12015.950,1639979699999,46395250.62245,17080,5034.291,19436220.55852,0
1639979700000,3859.33,3859.93,3833.77,3844.83,20168.198,1639979999999,77531442.44291,25105,7762.021,29842152.47515,0
1639980000000,3844.83,3848.00,3825.00,3847.70,18487.360,1639980299999,70906814.75774,23280,9651.898,37028640.72628,0
1639980300000,3847.85,3856.79,3840.06,3847.62,7321.848,1639980599999,28181200.73978,11781,3901.635,15017444.69831,0
1639980600000,3847.63,3852.99,3839.04,3852.71,5516.992,1639980899999,21215935.80569,9872,2741.074,10542411.21788,0
1639980900000,3852.47,3858.84,3846.32,3846.72,8097.744,1639981199999,31198386.54391,10903,3398.845,13097105.39699,0
1639981200000,3846.71,3855.54,3846.71,3846.90,2556.563,1639981499999,9844120.10781,6252,1222.997,4709807.65813,0
1639981500000,3847.15,3847.42,3832.52,3832.52,3324.008,1639981799999,12767065.11453,7855,1282.751,4928113.87856,0
1639981800000,3832.52,3848.25,3826.91,3840.56,6986.713,1639982099999,26819143.09022,10910,3706.467,14230543.07298,0
1639982100000,3840.56,3846.39,3831.31,3846.16,5547.191,1639982399999,21290683.60337,8656,2979.333,11436968.33756,0
1639982400000,3846.22,3849.99,3833.32,3848.90,4889.931,1639982699999,18792247.71908,7218,2583.379,9929429.32330,0
1639982700000,3848.90,3857.94,3843.13,3855.99,4432.430,1639982999999,17078115.77686,7504,2653.926,10225549.69947,0
1639983000000,3855.99,3857.02,3847.17,3854.19,3048.337,1639983299999,11742412.55113,5617,1255.492,4836930.90382,0
1639983300000,3854.19,3857.69,3848.43,3850.67,2745.574,1639983599999,10581032.74667,5216,1339.725,5163939.96335,0
1639983600000,3850.66,3850.90,3837.00,3837.00,4280.585,1639983899999,16450516.31758,7795,1485.654,5708386.01019,0
1639983900000,3837.01,3844.98,3812.63,3815.67,20347.766,1639984199999,77884918.72939,23197,7028.770,26907333.00104,0
1639984200000,3815.66,3825.74,3810.00,3825.44,11948.224,1639984499999,45612159.43162,17590,5764.848,22012719.97052,0
1639984500000,3825.44,3825.72,3804.19,3820.75,15061.092,1639984799999,57432571.60897,18883,6312.372,24079234.83102,0
1639984800000,3820.74,3826.57,3814.38,3820.82,6735.282,1639985099999,25732928.68747,10437,2969.269,11344940.04380,0
1639985100000,3820.82,3823.40,3811.02,3822.22,4448.682,1639985399999,16982575.66960,8945,2520.781,9624616.79852,0
1639985400000,3822.37,3828.56,3819.50,3822.68,5116.722,1639985699999,19569216.54864,8081,2627.946,10051257.02217,0
1639985700000,3822.85,3827.21,3816.38,3821.90,2704.272,1639985999999,10335822.94493,5865,1207.313,4614891.85436,0
1639986000000,3821.89,3831.58,3821.84,3830.61,3517.102,1639986299999,13463959.48562,6083,2249.685,8612064.49783,0
1639986300000,3830.78,3836.65,3825.15,3825.99,3647.801,1639986599999,13977719.82558,7223,2158.558,8272254.86608,0
1639986600000,3825.35,3832.81,3822.71,3825.30,1767.966,1639986899999,6765653.42589,5203,810.206,3101032.96352,0
1639986900000,3825.29,3834.00,3821.92,3822.45,3306.466,1639987199999,12661509.86471,6058,1708.415,6543267.75893,0
1639987200000,3822.33,3826.29,3806.25,3809.17,8447.730,1639987499999,32246317.01327,12318,3390.503,12946814.29489,0
1639987500000,3809.18,3826.51,3807.42,3821.80,6878.195,1639987799999,26266378.87454,9967,4961.449,18945452.93361,0
1639987800000,3821.45,3830.24,3821.28,3825.35,2579.052,1639988099999,9871449.11581,6864,1507.490,5770374.79368,0
1639988100000,3825.35,3832.75,3823.05,3826.82,3880.823,1639988399999,14861958.33509,6297,1764.004,6755311.99820,0
1639988400000,3826.75,3831.97,3820.67,3822.80,2696.148,1639988699999,10315687.83269,5820,1214.564,4647540.95203,0
1639988700000,3822.80,3831.58,3821.60,3827.15,3842.468,1639988999999,14707540.40517,5791,1939.058,7423211.78846,0
1639989000000,3827.30,3829.12,3814.83,3815.99,3687.596,1639989299999,14094286.10890,5721,965.248,3688530.79784,0
1639989300000,3815.98,3819.97,3806.01,3808.01,4900.697,1639989599999,18678391.81975,8489,1790.148,6824694.81809,0
1639989600000,3808.01,3813.26,3796.37,3809.56,11893.508,1639989899999,45230732.99771,15813,4448.394,16923331.45682,0
1639989900000,3809.56,3813.86,3790.68,3808.97,8913.488,1639990199999,33901358.38040,12986,4728.940,17995436.09043,0
1639990200000,3808.98,3813.45,3798.17,3810.14,4212.554,1639990499999,16039681.46707,7297,1978.188,7532945.23599,0
1639990500000,3810.01,3815.15,3802.20,3812.70,3277.523,1639990799999,12488407.17905,5845,1987.493,7574041.26767,0
1639990800000,3813.14,3816.32,3802.33,3804.04,3185.561,1639991099999,12133144.56821,7249,1592.109,6064909.47998,0
1639991100000,3804.26,3805.45,3778.46,3785.59,19413.590,1639991399999,73545256.18586,26743,6480.488,24553704.44854,0
1639991400000,3785.59,3788.58,3770.14,3781.70,11293.340,1639991699999,42694571.61648,18212,5061.639,19139918.44468,0
1639991700000,3781.70,3794.59,3768.00,3788.50,17858.548,1639991999999,67511521.99629,22742,10381.901,39257948.97081,0
1639992000000,3788.53,3792.05,3780.49,3784.99,5531.312,1639992299999,20941581.63215,9993,2757.891,10443089.93219,0
1639992300000,3785.00,3789.48,3777.12,3784.26,5167.757,1639992599999,19542059.67832,8429,2764.797,10455629.53501,0
1639992600000,3784.05,3786.98,3766.00,3776.58,8267.332,1639992899999,31212685.17063,13973,3773.329,14252696.27148,0
1639992900000,3776.58,3781.45,3771.78,3777.78,5047.890,1639993199999,19064773.29404,9501,2912.136,10999958.05080,0
1639993200000,3777.79,3782.86,3768.00,3772.05,4729.974,1639993499999,17846142.90687,9324,2437.630,9198003.47586,0
1639993500000,3772.18,3780.97,3769.35,3779.00,5063.307,1639993799999,19119834.87557,8064,2808.465,10607007.28971,0
1639993800000,3779.00,3780.33,3757.44,3771.03,8907.378,1639994099999,33560964.43044,14402,3431.381,12933712.96104,0
1639994100000,3771.03,3780.52,3765.01,3767.58,6123.078,1639994399999,23101935.21976,9994,3291.215,12420473.83286,0
1639994400000,3767.83,3792.23,3765.83,3789.44,12472.091,1639994699999,47176330.87599,16710,8751.983,33110305.58307,0
1639994700000,3789.45,3796.97,3783.42,3793.67,9609.596,1639994999999,36425572.05260,11736,4463.819,16924090.58492,0
1639995000000,3793.67,3812.49,3792.01,3807.02,12752.537,1639995299999,48518736.53940,17744,6522.214,24810041.81889,0
1639995300000,3807.09,3820.49,3804.31,3811.00,11331.189,1639995599999,43203343.97101,13438,6647.735,25348141.64271,0
1639995600000,3811.01,3813.65,3798.80,3805.86,7487.589,1639995899999,28499742.88565,10712,3396.146,12927484.63406,0
1639995900000,3805.85,3810.97,3797.68,3799.36,4213.392,1639996199999,16020560.77844,7445,1578.052,6001201.89707,0
1639996200000,3799.45,3804.84,3795.65,3803.80,3768.713,1639996499999,14319413.81592,7142,1657.978,6301172.43594,0
1639996500000,3803.79,3808.31,3798.00,3805.47,2676.374,1639996799999,10180073.64279,5950,1317.582,5012383.23713,0
1639996800000,3805.47,3806.36,3797.84,3804.68,2107.865,1639997099999,8014522.01561,5328,967.198,3677615.94854,0
1639997100000,3804.68,3813.66,3801.23,3811.85,2897.036,1639997399999,11034612.06480,6333,1649.681,6283819.63620,0
1639997400000,3811.60,3812.75,3800.48,3804.20,2599.299,1639997699999,9889570.85442,4938,1201.332,4571184.22871,0
1639997700000,3804.19,3806.10,3793.46,3796.90,4506.695,1639997999999,17117801.38774,6940,1617.573,6144664.05400,0
1639998000000,3796.89,3796.89,3786.38,3791.22,5887.767,1639998299999,22321382.26341,8450,1843.261,6988121.75851,0
1639998300000,3791.21,3799.91,3787.56,3798.34,4111.245,1639998599999,15596502.93240,6948,2524.209,9576649.10255,0
1639998600000,3798.08,3811.27,3795.95,3806.25,6620.894,1639998899999,25199843.63881,9299,4603.639,17522443.53095,0
1639998900000,3806.24,3809.76,3800.20,3802.90,2249.474,1639999199999,8558607.97166,5271,1029.827,3919291.33111,0
1639999200000,3802.80,3811.67,3802.01,3807.82,2501.859,1639999499999,9528883.93715,5523,1375.550,5239400.13600,0
1639999500000,3808.01,3819.01,3802.00,3817.80,3961.232,1639999799999,15098315.07412,7077,2160.421,8236844.34865,0
1639999800000,3817.46,3818.08,3807.83,3810.20,5461.520,1640000099999,20820600.88287,6923,2809.134,10708547.20886,0
1640000100000,3810.41,3813.06,3806.87,3807.48,2302.004,1640000399999,8768299.44481,4856,1368.066,5211160.91767,0
1640000400000,3807.39,3807.80,3798.86,3803.18,3695.672,1640000699999,14051518.04558,6457,1603.726,6097584.27331,0
1640000700000,3803.17,3808.00,3800.59,3805.62,1649.213,1640000999999,6273778.89236,4619,931.747,3544596.44063,0
1640001000000,3805.62,3808.79,3799.74,3808.58,1917.285,1640001299999,7293880.44755,4154,979.625,3727256.40293,0
1640001300000,3808.58,3812.80,3803.53,3811.71,2827.693,1640001599999,10769363.59932,5201,1520.692,5791699.25973,0
1640001600000,3811.72,3813.34,3800.00,3801.25,5801.207,1640001899999,22068438.08812,6893,2072.927,7886880.69254,0
1640001900000,3801.26,3802.98,3793.44,3795.63,4089.320,1640002199999,15529903.51578,7041,1475.655,5604631.89024,0
1640002200000,3795.46,3796.86,3789.34,3796.02,3311.204,1640002499999,12559918.35259,6647,1324.983,5026569.63742,0
1640002500000,3796.01,3796.17,3783.52,3786.75,4248.563,1640002799999,16088983.35636,8194,1632.816,6183445.41532,0
1640002800000,3786.75,3790.00,3777.00,3784.43,5609.724,1640003099999,21217486.55689,9738,2546.937,9635269.88289,0
1640003100000,3784.43,3787.55,3768.06,3781.71,9867.599,1640003399999,37264117.30857,14143,4181.121,15793841.89229,0
1640003400000,3781.71,3785.60,3771.95,3784.32,5377.447,1640003699999,20321296.23701,9428,2577.507,9743434.62945,0
1640003700000,3784.32,3796.00,3781.70,3792.28,5575.728,1640003999999,21130799.65031,8709,3048.925,11555132.96939,0
1640004000000,3792.29,3792.52,3780.26,3780.89,3985.797,1640004299999,15087707.25688,6214,1485.260,5622924.56267,0
1640004300000,3780.89,3784.46,3772.80,3781.84,5298.175,1640004599999,20025313.98163,7534,2480.806,9377340.53905,0
1640004600000,3781.84,3785.92,3774.09,3778.21,3791.691,1640004899999,14329761.02165,6562,1471.718,5563157.21479,0
1640004900000,3778.22,3784.84,3775.10,3781.01,2211.532,1640005199999,8361718.39940,5570,1192.588,4509445.21542,0
1640005200000,3781.00,3785.60,3764.56,3772.90,8864.770,1640005499999,33439827.18565,13290,4209.402,15880930.71672,0
1640005500000,3772.90,3786.00,3771.74,3786.00,4483.806,1640005799999,16951392.74972,8926,3084.010,11658944.95495,0
1640005800000,3785.69,3802.50,3785.05,3802.50,6837.780,1640006099999,25936183.68298,11102,4388.580,16648333.93253,0
1640006100000,3802.50,3810.00,3791.30,3791.31,8217.231,1640006399999,31237437.92926,11652,3743.877,14237207.91762,0
1640006400000,3791.31,3798.84,3785.09,3798.33,4979.702,1640006699999,18881450.92025,8459,2786.611,10566906.47235,0
1640006700000,3798.32,3802.00,3792.32,3794.62,3376.320,1640006999999,12821597.68714,6816,1774.503,6739765.29190,0
1640007000000,3794.62,3794.77,3781.18,3783.20,4047.481,1640007299999,15324261.54298,7977,1809.101,6849596.15702,0
1640007300000,3783.19,3795.43,3782.36,3794.77,2892.689,1640007599999,10964613.82103,6546,1832.088,6944622.75490,0
1640007600000,3794.78,3798.41,3790.09,3792.06,2139.514,1640007899999,8119749.76893,5446,1026.578,3896707.92281,0
1640007900000,3792.06,3797.23,3787.98,3789.69,1729.927,1640008199999,6560675.70363,4592,859.579,3260394.49172,0
1640008200000,3789.69,3791.16,3781.89,3790.09,2742.675,1640008499999,10384402.87191,5642,1484.836,5622755.63047,0
1640008500000,3790.28,3794.30,3773.91,3775.67,5987.706,1640008799999,22645057.71332,8788,2317.904,8766728.44390,0
1640008800000,3775.68,3786.81,3768.47,3786.25,6894.564,1640009099999,26038498.57013,10530,4120.789,15567812.04939,0
1640009100000,3786.06,3789.94,3766.66,3770.15,7771.958,1640009399999,29356991.31347,10412,2485.071,9390993.26853,0
1640009400000,3770.05,3778.66,3764.36,3768.10,5880.233,1640009699999,22171531.24832,10679,2485.980,9375687.46564,0
1640009700000,3768.06,3796.95,3767.63,3777.50,14448.461,1640009999999,54670499.42249,19019,8502.122,32163294.63040,0
1640010000000,3777.82,3778.52,3750.00,3771.29,20613.458,1640010299999,77536483.45601,28619,8197.855,30847974.40994,0
1640010300000,3771.69,3786.66,3763.25,3782.09,8092.038,1640010599999,30566553.27888,12484,5275.589,19928965.81844,0
1640010600000,3782.10,3787.94,3772.19,3779.75,7166.506,1640010899999,27097486.82968,12328,3250.923,12293268.69976,0
1640010900000,3779.76,3844.00,3776.58,3825.87,28779.949,1640011199999,109703849.86417,33300,19081.172,72728237.35697,0
1640011200000,3825.94,3828.21,3794.18,3814.39,23233.194,1640011499999,88507414.78544,28836,11108.002,42314185.68350,0
1640011500000,3814.34,3848.34,3806.40,3825.34,33302.223,1640011799999,127562421.23764,38859,17677.325,67716414.74174,0
1640011800000,3825.39,3827.85,3793.39,3811.32,21855.717,1640012099999,83220290.50484,24157,9349.931,35598437.39561,0
1640012100000,3811.32,3840.00,3808.57,3837.59,18127.722,1640012399999,69371052.31781,21472,12370.497,47343393.33086,0
1640012400000,3837.59,3839.03,3817.06,3821.28,10805.871,1640012699999,41345346.98721,15079,4292.081,16425780.97423,0
1640012700000,3821.30,3826.61,3810.00,3815.45,7242.242,1640012999999,27645100.06001,10502,2818.664,10763177.73207,0
1640013000000,3815.44,3825.00,3813.83,3824.17,4093.034,1640013299999,15629960.32011,7657,2241.576,8561888.45988,0
1640013300000,3823.79,3840.39,3815.00,3833.51,8701.508,1640013599999,33327399.67778,12220,4961.268,19004436.36974,0
1640013600000,3833.51,3836.63,3827.00,3832.85,4527.416,1640013899999,17346748.70220,8328,1978.106,7580332.31932,0
1640013900000,3832.85,3833.33,3823.01,3826.43,3795.633,1640014199999,14527935.57911,7233,1716.841,6572508.36161,0
1640014200000,3826.43,3828.08,3815.00,3818.73,6450.489,1640014499999,24638548.99881,8114,2770.173,10580580.20564,0
1640014500000,3818.73,3823.76,3813.21,3816.94,4197.657,1640014799999,16027511.48729,6661,1761.170,6725777.13022,0
1640014800000,3816.94,3822.59,3814.05,3821.06,2437.995,1640015099999,9308540.10435,5602,1511.337,5770501.13857,0
1640015100000,3821.06,3822.20,3808.20,3810.54,3807.047,1640015399999,14514181.67931,7183,1373.468,5236535.89187,0
1640015400000,3810.54,3816.90,3800.63,3803.23,4293.548,1640015699999,16347558.31052,7749,1532.415,5836764.99219,0
1640015700000,3803.23,3806.58,3791.44,3799.96,8003.738,1640015999999,30401220.24570,11632,3294.511,12516724.94922,0
1640016000000,3799.96,3806.43,3791.47,3800.02,6338.138,1640016299999,24078296.57456,10230,3326.113,12637938.20021,0
1640016300000,3800.03,3811.13,3798.07,3809.76,4612.837,1640016599999,17553371.76733,7454,2752.811,10476134.93347,0
1640016600000,3809.75,3821.80,3805.08,3811.97,6615.357,1640016899999,25234175.69138,9423,3423.979,13063485.34506,0
1640016900000,3811.97,3823.90,3809.37,3823.26,4132.435,1640017199999,15765059.82492,6941,2859.378,10910037.20551,0
1640017200000,3823.26,3827.69,3816.78,3818.00,5602.133,1640017499999,21413384.87992,7659,2598.493,9934126.89527,0
1640017500000,3818.01,3818.35,3805.09,3815.52,6159.522,1640017799999,23480048.34322,8558,3083.421,11754853.73749,0
1640017800000,3815.51,3819.99,3805.86,3813.86,4397.180,1640018099999,16763914.10969,7592,2262.509,8626585.99122,0
1640018100000,3813.85,3819.45,3808.00,3818.62,3583.041,1640018399999,13670150.01700,6261,1733.749,6615062.17761,0
1640018400000,3818.71,3823.65,3809.73,3823.60,3205.928,1640018699999,12236835.36664,5754,1937.657,7398417.78941,0
1640018700000,3823.60,3828.00,3814.45,3825.89,6010.373,1640018999999,22971361.84397,7744,3446.011,13171236.87236,0
1640019000000,3825.89,3845.16,3822.45,3842.11,16239.425,1640019299999,62279349.73610,16964,9879.795,37888017.97256,0
1640019300000,3842.11,3847.90,3837.00,3847.90,5972.125,1640019599999,22946905.02277,10300,2911.692,11189384.85590,0
1640019600000,3847.90,3847.90,3835.48,3841.12,4954.352,1640019899999,19025087.85105,8555,2076.731,7974779.22176,0
1640019900000,3841.11,3846.60,3835.48,3844.96,3711.201,1640020199999,14259886.56881,6431,2106.478,8095070.54166,0
1640020200000,3844.96,3845.90,3837.04,3839.79,3146.595,1640020499999,12089949.65137,6009,1356.538,5213072.59714,0
1640020500000,3839.79,3857.69,3835.00,3854.61,10410.716,1640020799999,40069502.59664,12045,6638.916,25557574.68899,0
1640020800000,3854.73,3857.92,3840.87,3843.49,4959.997,1640021099999,19088749.61561,8187,1837.849,7071861.60705,0
1640021100000,3843.49,3843.49,3832.36,3836.01,4958.302,1640021399999,19022782.54457,6583,2339.937,8976783.06562,0
1640021400000,3836.01,3836.01,3823.10,3827.98,8129.521,1640021699999,31114294.20200,9914,3147.675,12047561.49172,0
1640021700000,3827.98,3835.87,3825.97,3835.82,2293.230,1640021999999,8785955.81750,4859,1273.089,4878257.31772,0
1640022000000,3835.81,3837.04,3830.13,3833.60,1409.392,1640022299999,5404325.53342,3963,678.185,2600687.59585,0
1640022300000,3833.59,3838.21,3827.11,3833.59,4121.663,1640022599999,15791883.10568,5738,1572.437,6026608.73258,0
1640022600000,3833.53,3842.00,3829.05,3841.90,3192.878,1640022899999,12254149.45786,5313,1851.344,7105374.33404,0
1640022900000,3841.90,3841.90,3821.00,3823.15,5182.557,1640023199999,19840723.84816,7444,1318.410,5047244.32623,0
1640023200000,3823.36,3829.70,3820.32,3822.36,3479.984,1640023499999,13307251.77423,6874,1703.238,6513942.60957,0
1640023500000,3822.36,3828.47,3816.78,3828.28,2790.889,1640023799999,10666313.23143,5931,1194.200,4565289.20966,0
1640023800000,3828.28,3831.07,3822.96,3829.25,2369.613,1640024099999,9070645.82729,5024,1304.464,4993814.05364,0
1640024100000,3829.59,3835.52,3826.09,3829.59,2853.675,1640024399999,10930455.45526,4949,1376.580,5272986.11282,0
1640024400000,3829.60,3833.14,3823.77,3830.89,1054.422,1640024699999,4036477.69810,3314,511.999,1960015.09851,0
1640024700000,3830.89,3834.62,3826.00,3828.00,1523.125,1640024999999,5834030.04816,3434,925.263,3544014.50279,0
1640025000000,3828.05,3833.41,3821.13,3821.73,1883.874,1640025299999,7208416.04266,4183,823.294,3151039.15039,0
1640025300000,3821.72,3835.34,3821.26,3835.28,4626.630,1640025599999,17708970.97445,5626,2826.754,10822908.39141,0
1640025600000,3835.28,3847.17,3832.40,3842.50,5650.474,1640025899999,21701809.67635,7221,3143.584,12073670.05829,0
1640025900000,3842.50,3852.41,3841.37,3848.15,4943.562,1640026199999,19026027.12598,7214,2316.296,8915358.96845,0
1640026200000,3848.15,3853.02,3842.62,3851.36,2820.706,1640026499999,10856935.77396,5593,1318.264,5075029.08991,0
1640026500000,3851.37,3855.75,3844.21,3847.95,3804.903,1640026799999,14649322.70695,6060,1801.638,6937771.63100,0
1640026800000,3848.27,3853.41,3845.11,3846.50,2567.974,1640027099999,9885460.70946,5178,1069.456,4116947.85099,0
1640027100000,3846.49,3860.00,3845.95,3859.25,5880.182,1640027399999,22676491.28962,8441,3801.817,14661346.33855,0
1640027400000,3859.25,3874.99,3854.28,3864.83,9793.437,1640027699999,37848412.29112,12442,6520.923,25204782.05165,0
1640027700000,3864.83,3874.45,3863.07,3874.45,5243.107,1640027999999,20280472.28349,8256,2711.039,10487383.59115,0
1640028000000,3874.45,3877.00,3865.80,3869.09,5401.607,1640028299999,20915885.51630,8101,2618.774,10142455.68099,0
1640028300000,3869.10,3869.93,3858.86,3866.13,3725.793,1640028599999,14394848.17640,5672,1436.035,5548569.34098,0
1640028600000,3866.12,3868.18,3854.58,3863.35,4472.869,1640028899999,17266452.35185,5896,1715.926,6622735.65740,0
1640028900000,3863.14,3863.74,3857.31,3857.70,1523.976,1640029199999,5883241.79062,3707,624.413,2410828.30718,0
1640029200000,3857.77,3861.98,3853.52,3858.92,2916.528,1640029499999,11250955.97942,4213,1299.321,5013331.12116,0
1640029500000,3858.91,3875.62,3857.47,3875.61,4425.205,1640029799999,17120675.59532,6573,2923.336,11310554.78531,0
1640029800000,3875.62,3880.87,3871.91,3878.44,6740.382,1640030099999,26133755.98564,8693,4030.206,15627489.13121,0
1640030100000,3878.44,3879.03,3867.20,3870.89,4081.446,1640030399999,15803313.95576,6002,1600.478,6194955.40308,0
1640030400000,3870.65,3885.75,3870.45,3885.59,5062.814,1640030699999,19644234.42075,9028,2889.013,11211650.71795,0
1640030700000,3885.59,3893.00,3882.35,3891.44,9003.193,1640030999999,35002054.33565,11480,5273.876,20505795.12696,0
1640031000000,3891.44,3898.76,3890.42,3893.55,6424.255,1640031299999,25023435.05048,11028,3307.505,12884234.33965,0
1640031300000,3893.56,3903.99,3893.26,3896.63,7152.964,1640031599999,27889714.17274,11593,3425.671,13357990.83463,0
1640031600000,3896.66,3906.56,3894.73,3896.16,5507.656,1640031899999,21488698.83972,9580,2857.118,11149263.09417,0
1640031900000,3896.21,3899.99,3892.77,3894.75,3094.419,1640032199999,12053713.83005,6058,837.797,3263667.49337,0
1640032200000,3894.75,3894.76,3876.01,3882.39,8939.974,1640032499999,34720353.07771,10807,3405.809,13222631.39498,0
1640032500000,3882.34,3882.34,3873.67,3881.27,2978.931,1640032799999,11551080.53684,5369,1449.012,5619243.72664,0
1640032800000,3881.26,3887.10,3878.57,3882.63,2830.359,1640033099999,10991020.70599,5426,1705.078,6621894.57412,0
1640033100000,3882.64,3903.68,3881.48,3901.76,9566.145,1640033399999,37260250.37767,12015,5237.577,20398491.15632,0
1640033400000,3902.00,3942.71,3902.00,3933.27,34404.792,1640033699999,134952261.61504,43986,20618.577,80868843.46536,0
1640033700000,3933.53,3944.46,3925.31,3928.20,11475.730,1640033999999,45178089.19952,15618,4795.444,18882012.38966,0
1640034000000,3928.40,3956.79,3928.40,3942.19,18834.441,1640034299999,74268292.42318,24958,11445.642,45143532.42517,0
1640034300000,3942.19,3964.50,3940.29,3958.33,17799.947,1640034599999,70410192.91557,26459,11347.522,44886933.54228,0
1640034600000,3958.41,3962.81,3949.60,3959.08,6013.714,1640034899999,23793912.47221,11659,2863.126,11329924.65242,0
1640034900000,3959.09,3967.46,3946.16,3947.80,11071.795,1640035199999,43788817.10771,15651,5094.968,20154668.39840,0
1640035200000,3947.80,3948.41,3939.98,3944.91,5366.699,1640035499999,21167115.85839,9312,2077.073,8193201.59351,0
1640035500000,3944.91,3947.38,3938.75,3943.95,3105.730,1640035799999,12246733.70370,6709,1614.833,6368218.42518,0
1640035800000,3943.95,3949.09,3933.22,3934.37,5070.151,1640036099999,19967323.35372,8932,1886.952,7432993.38440,0
1640036100000,3934.38,3938.34,3931.20,3932.33,2517.445,1640036399999,9903840.97443,5973,1116.612,4393241.42605,0
1640036400000,3932.45,3934.91,3928.70,3929.40,3276.353,1640036699999,12878545.78331,5482,1364.244,5363111.22165,0
1640036700000,3929.41,3936.22,3927.84,3935.38,2964.786,1640036999999,11657652.99783,5174,1709.845,6724032.82297,0
1640037000000,3935.38,3937.17,3919.27,3919.27,5093.733,1640037299999,19988862.00975,8830,2008.658,7883550.45336,0
1640037300000,3919.28,3922.72,3910.69,3912.15,5813.387,1640037599999,22762498.09771,10275,2316.309,9069863.74807,0
1640037600000,3912.16,3926.51,3912.16,3920.44,3900.722,1640037899999,15297468.44042,7910,2431.432,9533335.56514,0
1640037900000,3920.44,3926.49,3917.22,3917.61,2588.870,1640038199999,10150245.72386,5538,1231.286,4828001.42077,0
1640038200000,3917.61,3922.43,3911.47,3911.56,2196.315,1640038499999,8602350.94879,5012,893.720,3500796.32613,0
1640038500000,3911.56,3916.70,3907.43,3914.80,3473.192,1640038799999,13586330.61517,6892,1569.854,6141630.20553,0
1640038800000,3914.80,3914.98,3897.29,3903.48,6279.685,1640039099999,24512974.82755,10005,1970.071,7690118.50372,0
1640039100000,3903.47,3903.68,3893.16,3896.43,3206.643,1640039399999,12498789.77891,7205,1296.164,5052278.00525,0
1640039400000,3896.42,3900.00,3895.25,3899.61,2552.078,1640039699999,9946788.71643,5364,1449.952,5651714.09618,0
1640039700000,3899.61,3905.43,3898.56,3899.23,2577.164,1640039999999,10058141.45032,4766,1618.337,6316475.66881,0
1640040000000,3899.27,3900.00,3896.26,3897.08,1115.289,1640040299999,4347863.67111,3378,447.735,1745582.62974,0
1640040300000,3897.08,3904.84,3893.33,3904.15,2812.767,1640040599999,10969104.95538,5108,1633.128,6369744.69649,0
1640040600000,3904.04,3904.46,3895.41,3896.37,2565.329,1640040899999,10004968.58687,4773,1191.906,4649372.48782,0
1640040900000,3896.38,3902.11,3889.30,3891.11,3556.927,1640041199999,13854725.79752,5888,1536.019,5984775.57096,0
1640041200000,3891.12,3914.11,3889.27,3908.18,8043.454,1640041499999,31409733.05597,9934,5058.241,19749981.91723,0
1640041500000,3908.09,3927.24,3904.51,3926.80,13907.018,1640041799999,54442500.04524,13390,8871.164,34739166.89113,0
1640041800000,3926.94,3928.49,3912.34,3917.53,4954.192,1640042099999,19425303.70928,9364,2541.737,9969418.21358,0
1640042100000,3917.50,3923.94,3912.29,3923.50,3106.312,1640042399999,12174366.05982,6482,1877.373,7356674.55015,0
1640042400000,3923.50,3927.44,3920.00,3924.33,2406.621,1640042699999,9441766.78016,6097,1257.812,4935154.47718,0
1640042700000,3924.33,3948.00,3923.06,3944.89,13796.775,1640042999999,54308747.76756,17098,7532.118,29646426.54832,0
1640043000000,3944.88,3948.89,3939.64,3942.64,6133.773,1640043299999,24200624.80251,10706,2816.300,11112720.25741,0
1640043300000,3942.81,3948.53,3938.36,3941.88,5586.662,1640043599999,22025600.85530,8485,1672.345,6595251.53908,0
1640043600000,3941.88,3954.49,3938.38,3946.75,5312.431,1640043899999,20968375.33236,9042,3333.731,13159069.69893,0
1640043900000,3946.76,3950.74,3934.08,3934.25,4067.396,1640044199999,16025837.26457,7471,1202.573,4738936.55035,0
1640044200000,3934.26,3936.27,3928.23,3930.27,6429.388,1640044499999,25276536.16391,7048,2211.666,8696278.71595,0
1640044500000,3930.25,3944.00,3929.17,3943.48,4289.336,1640044799999,16883853.41656,7090,2939.625,11571923.51369,0
1640044800000,3943.64,3977.18,3943.63,3963.69,32763.871,1640045099999,129887100.49699,31032,17125.158,67866600.25210,0
1640045100000,3963.69,3981.62,3953.47,3979.44,20666.825,1640045399999,81993427.65223,22657,13301.075,52775583.69594,0
1640045400000,3979.44,3980.44,3964.47,3969.29,6812.754,1640045699999,27062911.50867,11580,2905.798,11545334.79228,0
1640045700000,3969.29,3974.00,3961.36,3961.98,4108.676,1640045999999,16292338.87284,8038,1661.915,6590862.34405,0
1640046000000,3961.99,3964.42,3958.41,3958.99,3179.883,1640046299999,12597565.14190,7039,1526.369,6047537.95228,0
1640046300000,3958.99,3964.94,3957.06,3960.11,2496.769,1640046599999,9889240.31884,6139,1297.671,5140389.51741,0
1640046600000,3960.10,3961.78,3945.28,3947.67,7661.273,1640046899999,30273115.03078,10133,2641.103,10436844.09915,0
1640046900000,3947.46,3949.28,3937.97,3938.78,8062.286,1640047199999,31779703.39846,11120,3060.502,12064834.37433,0
1640047200000,3938.77,3943.27,3933.01,3933.91,5323.270,1640047499999,20964625.62757,9158,2204.507,8683832.93426,0
1640047500000,3933.92,3941.24,3933.91,3938.03,2457.279,1640047799999,9676936.87301,6352,1613.154,6353064.52810,0
1640047800000,3938.04,3940.00,3929.40,3933.57,3767.079,1640048099999,14817351.68920,8080,1486.444,5846983.60089,0
1640048100000,3933.56,3945.00,3931.43,3940.61,8901.325,1640048399999,35061914.35456,10463,3661.320,14421954.39630,0
1640048400000,3940.39,3948.33,3936.03,3938.52,4568.613,1640048699999,18010569.68171,7614,2550.928,10056990.04290,0
1640048700000,3938.52,3939.52,3930.18,3933.99,2175.158,1640048999999,8557144.88791,5020,564.828,2222577.24575,0
1640049000000,3933.99,3936.78,3918.11,3923.55,14972.117,1640049299999,58746960.63660,12272,6206.037,24347784.35229,0
1640049300000,3923.54,3929.96,3916.55,3919.63,3343.375,1640049599999,13119505.89425,6235,1665.993,6538685.31576,0
1640049600000,3919.59,3922.31,3914.26,3916.57,5699.763,1640049899999,22337078.43166,7102,3977.364,15588654.22027,0
1640049900000,3916.55,3923.17,3916.24,3918.96,2697.930,1640050199999,10577379.82757,5337,1545.107,6057778.09701,0
1640050200000,3918.96,3933.81,3918.65,3931.90,7610.056,1640050499999,29890390.19545,8583,5170.643,20308238.80579,0
1640050500000,3931.89,3934.38,3927.17,3931.37,2454.331,1640050799999,9649108.19543,5057,1192.680,4688953.97129,0
1640050800000,3931.37,3936.80,3926.79,3928.53,2041.433,1640051099999,8029830.12204,5053,1127.746,4436506.94723,0
1640051100000,3928.53,3934.44,3924.61,3930.19,2267.681,1640051399999,8909908.45993,4779,859.302,3377407.82049,0
1640051400000,3930.19,3935.00,3926.76,3931.75,1560.247,1640051699999,6134058.58976,4296,874.446,3437860.59892,0
1640051700000,3931.74,3934.00,3926.79,3929.21,1351.293,1640051999999,5310900.93640,3888,684.172,2689156.83589,0
1640052000000,3929.21,3939.53,3922.20,3922.50,3528.572,1640052299999,13865042.77898,7523,1478.398,5810801.17521,0
1640052300000,3922.50,3930.00,3922.00,3926.27,2120.764,1640052599999,8324317.33802,4673,1255.503,4927283.97615,0
1640052600000,3926.28,3929.90,3922.74,3925.50,841.668,1640052899999,3304598.60137,3610,448.559,1761181.54536,0
1640052900000,3925.50,3928.00,3920.00,3926.37,2075.487,1640053199999,8145225.05722,4173,987.918,3877947.21983,0
1640053200000,3926.37,3937.00,3925.96,3931.97,6239.479,1640053499999,24538621.22347,6276,4506.538,17722252.27586,0
1640053500000,3931.97,3933.99,3925.93,3929.25,1291.325,1640053799999,5074446.63014,3889,772.409,3035341.80445,0
1640053800000,3929.40,3938.75,3925.33,3926.76,5607.871,1640054099999,22048241.26282,6124,1707.494,6715478.19752,0
1640054100000,3926.76,3936.72,3926.75,3928.62,1703.137,1640054399999,6697004.41295,4460,1029.216,4047151.99564,0
1640054400000,3928.62,3929.79,3921.77,3922.37,2071.937,1640054699999,8133504.04748,4057,590.094,2316108.93068,0
1640054700000,3922.39,3926.20,3916.93,3921.66,2659.347,1640054999999,10426093.06396,4633,1185.858,4649847.44303,0
1640055000000,3921.66,3924.07,3912.26,3916.04,2449.582,1640055299999,9597149.37037,5703,948.151,3715041.82519,0
1640055300000,3916.13,3919.98,3914.34,3919.28,1734.669,1640055599999,6794693.21983,3689,1106.404,4333634.32437,0
1640055600000,3919.28,3928.60,3916.52,3927.33,3704.158,1640055899999,14537478.61241,6797,2692.124,10566040.62188,0
1640055900000,3927.32,3928.23,3920.49,3925.28,1912.155,1640056199999,7504074.00463,5117,920.518,3612833.45056,0
1640056200000,3925.28,3932.13,3925.00,3931.12,2669.299,1640056499999,10486975.04794,5664,1839.532,7227036.43597,0
1640056500000,3931.12,3935.91,3926.15,3933.03,2167.586,1640056799999,8524039.36621,5451,1326.679,5217510.37284,0
1640056800000,3933.03,3944.77,3932.90,3943.33,6332.595,1640057099999,24948017.45787,8532,3787.473,14920475.73211,0
1640057100000,3943.33,3952.78,3941.05,3947.11,12817.034,1640057399999,50592083.81042,12648,7475.111,29505245.91085,0
1640057400000,3947.20,3987.47,3940.15,3970.96,28266.659,1640057699999,112221658.88625,27955,18125.276,71952896.74789,0
1640057700000,3971.07,3978.38,3965.00,3965.90,15083.643,1640057999999,59893392.90744,16916,7466.758,29653548.87081,0
1640058000000,3965.90,3971.42,3961.72,3962.71,4380.775,1640058299999,17373053.55987,9389,2319.394,9199608.00069,0
1640058300000,3962.71,3968.07,3960.19,3961.45,2577.571,1640058599999,10218145.00524,6865,1072.096,4250566.16578,0
1640058600000,3961.46,4019.00,3961.22,4014.15,39717.297,1640058899999,158769276.62982,47025,26036.623,104053156.16870,0
1640058900000,4013.97,4024.88,4005.20,4008.04,16520.655,1640059199999,66311977.00218,28423,9064.637,36390106.58712,0
1640059200000,4008.08,4032.00,4007.79,4026.76,19796.118,1640059499999,79663137.62160,30327,10855.363,43685904.26710,0
1640059500000,4026.75,4040.00,4015.13,4017.95,15727.479,1640059799999,63346028.45974,23253,8073.499,32534200.58993,0
1640059800000,4017.94,4031.64,4016.12,4024.09,7361.157,1640060099999,29633080.93749,13307,4131.950,16634583.22930,0
1640060100000,4024.09,4031.50,4019.19,4024.75,5515.944,1640060399999,22195907.77932,11390,2211.212,8899130.77475,0
1640060400000,4024.74,4044.00,4022.73,4039.68,12350.483,1640060699999,49832513.21493,17867,5767.102,23272494.60879,0
1640060700000,4039.68,4052.50,4033.45,4035.29,16743.685,1640060999999,67706743.26978,22310,9345.984,37801407.26587,0
1640061000000,4035.21,4055.53,4034.88,4046.50,12655.409,1640061299999,51200635.21410,19149,6826.725,27623614.78172,0
1640061300000,4046.35,4049.79,4033.00,4036.17,5636.777,1640061599999,22761524.07359,11347,1854.444,7488313.05135,0
1640061600000,4036.17,4040.95,4031.57,4034.31,4471.352,1640061899999,18045651.41844,7726,2149.023,8673640.22582,0
1640061900000,4034.30,4040.48,4026.00,4027.32,4521.046,1640062199999,18227135.66257,8300,2110.370,8507216.32340,0
1640062200000,4027.27,4034.57,4023.71,4028.40,3949.931,1640062499999,15908944.73970,8297,2142.320,8628877.91636,0
1640062500000,4028.39,4037.36,4028.39,4031.18,3776.985,1640062799999,15232688.44419,8236,1503.822,6065848.88411,0
1640062800000,4031.17,4043.51,4030.25,4031.83,5387.126,1640063099999,21750736.12015,9572,2464.287,9949475.86450,0
1640063100000,4031.97,4037.95,4030.01,4030.51,2074.790,1640063399999,8369021.51975,5968,1042.606,4205888.05778,0
1640063400000,4030.51,4035.98,4026.83,4026.83,4023.268,1640063699999,16218620.80400,7198,1633.366,6584757.76866,0
1640063700000,4026.84,4028.06,4017.86,4024.47,7996.453,1640063999999,32168608.17828,11284,3132.646,12602724.89543,0
1640064000000,4024.47,4024.56,4015.00,4017.83,4895.466,1640064299999,19671846.34744,7228,2241.598,9007976.93033,0
1640064300000,4017.83,4017.84,4009.41,4010.61,5157.762,1640064599999,20699264.85787,8273,2548.511,10227970.97981,0
1640064600000,4010.61,4017.30,4007.73,4008.89,3375.786,1640064899999,13541463.13881,7181,1681.613,6746775.09077,0
1640064900000,4008.90,4009.68,4001.11,4003.22,6244.764,1640065199999,25015447.79275,10016,3031.184,12143744.91256,0
1640065200000,4003.19,4007.16,3998.01,4000.48,5537.464,1640065499999,22158950.23189,9965,2538.428,10159976.71941,0
1640065500000,4000.48,4009.91,4000.00,4008.29,4465.063,1640065799999,17888818.13193,7693,2916.578,11684629.64592,0
1640065800000,4008.50,4018.56,4002.54,4016.21,4803.481,1640066099999,19265074.03935,8213,3069.023,12310688.19919,0
1640066100000,4016.23,4017.00,4007.73,4011.13,3794.603,1640066399999,15222545.16774,6530,1706.541,6846986.65918,0
1640066400000,4011.32,4016.28,4006.23,4008.71,3367.059,1640066699999,13505094.11978,7981,1772.551,7110562.24587,0
1640066700000,4008.70,4010.19,3999.33,4002.59,3273.995,1640066999999,13113407.44355,7130,1502.377,6018918.75227,0
1640067000000,4002.59,4008.32,4000.33,4005.78,1905.656,1640067299999,7631339.37619,5918,880.555,3526323.35968,0
1640067300000,4005.77,4009.64,4001.02,4004.88,1520.067,1640067599999,6087485.72785,5348,757.222,3032657.39734,0
1640067600000,4004.88,4007.53,4000.39,4002.73,1456.093,1640067899999,5828677.58477,4447,650.907,2605672.94213,0
1640067900000,4002.73,4004.28,3992.11,3992.53,5554.775,1640068199999,22198318.52282,9354,1571.153,6278629.80016,0
1640068200000,3992.54,4002.90,3992.20,4000.81,2450.197,1640068499999,9799818.27807,6388,1513.732,6054447.34672,0
1640068500000,4000.99,4002.00,3993.31,3993.31,2345.845,1640068799999,9379314.38951,5404,821.099,3282892.20794,0
1640068800000,3993.31,3997.00,3990.58,3992.89,2984.024,1640069099999,11917592.50162,5925,1396.702,5579130.49121,0
1640069100000,3992.89,4006.67,3992.88,4004.53,3423.194,1640069399999,13694062.80707,6924,2200.378,8802866.77080,0
1640069400000,4004.52,4012.65,4004.52,4007.95,3318.472,1640069699999,13304946.47832,6653,2205.174,8841391.53259,0
1640069700000,4007.95,4016.75,4005.82,4013.30,4990.112,1640069999999,20022629.90394,7095,3069.305,12315194.23297,0
1640070000000,4013.30,4018.64,4008.02,4009.93,3602.855,1640070299999,14458954.67440,7431,1807.617,7254820.81076,0
1640070300000,4009.93,4011.80,4003.10,4008.26,2390.176,1640070599999,9576878.13225,5139,556.849,2231493.05186,0
1640070600000,4008.25,4011.63,4005.98,4010.98,1474.453,1640070899999,5910304.74212,4717,937.408,3757718.98380,0
1640070900000,4010.93,4012.46,4004.24,4007.03,1750.947,1640071199999,7019039.58882,4623,1151.962,4618357.62891,0
1640071200000,4007.03,4015.56,4006.27,4014.50,2535.017,1640071499999,10171422.24716,5572,1554.947,6238803.97309,0
1640071500000,4014.50,4025.02,4010.15,4023.17,6705.523,1640071799999,26952947.13927,7678,4848.438,19491967.77014,0
1640071800000,4023.17,4023.51,4013.32,4014.65,3192.220,1640072099999,12828749.03639,6447,1476.959,5935828.55280,0
1640072100000,4014.65,4017.08,4007.63,4009.66,2058.615,1640072399999,8259784.71292,4643,796.186,3194687.80702,0
1640072400000,4009.66,4009.84,4000.29,4005.39,4089.463,1640072699999,16375178.86730,6472,1488.662,5960330.62088,0
1640072700000,4005.39,4008.37,3995.65,4001.54,3474.932,1640072999999,13902668.89752,7585,1355.535,5424112.89361,0
1640073000000,4001.55,4010.18,3998.32,4008.13,2171.150,1640073299999,8695027.99964,7165,1332.473,5336823.56504,0
1640073300000,4008.07,4010.85,3998.77,4002.90,3529.252,1640073599999,14130316.46739,6979,1894.473,7586104.57701,0
1640073600000,4002.90,4019.55,3993.57,4015.89,12963.169,1640073899999,51968414.93445,15839,8064.678,32339068.69051,0
1640073900000,4015.88,4028.00,4015.87,4024.83,16623.797,1640074199999,66884395.86487,13500,5588.204,22483917.80434,0
1640074200000,4024.83,4037.69,4015.00,4017.38,13564.594,1640074499999,54628385.45973,15772,6899.179,27796708.80271,0
1640074500000,4017.34,4026.83,4011.78,4020.64,4121.500,1640074799999,16560968.65141,7596,2287.582,9194127.54161,0
1640074800000,4020.86,4029.94,4015.00,4026.61,5148.414,1640075099999,20716615.79126,8584,3024.304,12171614.85408,0
1640075100000,4026.61,4030.67,4025.01,4028.57,4836.815,1640075399999,19482739.93891,7116,3317.150,13361638.27290,0
1640075400000,4028.57,4029.05,4021.58,4025.12,2321.878,1640075699999,9344738.31018,5568,1059.271,4263116.07027,0
1640075700000,4025.13,4026.47,4017.74,4021.94,4001.819,1640075999999,16096640.55770,5785,1322.215,5318361.84874,0
1640076000000,4021.94,4024.42,4016.00,4016.42,1663.992,1640076299999,6687727.33184,4465,711.691,2860855.69099,0
1640076300000,4016.42,4024.10,4014.00,4017.12,2254.743,1640076599999,9062069.12603,5858,1169.975,4702884.17447,0
1640076600000,4017.13,4022.63,4016.69,4020.58,2274.918,1640076899999,9144079.08205,4351,1284.543,5163482.41777,0
1640076900000,4020.57,4023.92,4014.49,4018.33,2868.429,1640077199999,11523024.59972,4466,828.813,3330085.62867,0
1640077200000,4018.33,4022.00,4012.21,4018.25,3138.131,1640077499999,12602540.78769,6142,1708.650,6862573.94769,0
1640077500000,4018.25,4022.54,4012.49,4020.26,2378.757,1640077799999,9557641.04636,5804,1476.786,5934310.85700,0
1640077800000,4020.26,4022.39,4010.07,4012.25,4090.006,1640078099999,16421785.80723,8126,1637.026,6572896.19627,0
1640078100000,4012.25,4014.35,4008.00,4009.39,2425.366,1640078399999,9728096.86737,6511,1169.152,4689906.66722,0
1640078400000,4009.39,4015.90,4008.23,4015.12,2169.116,1640078699999,8699474.06332,6008,854.017,3425744.47988,0
1640078700000,4015.13,4020.47,4015.08,4020.47,2274.248,1640078999999,9138300.86508,5421,1419.082,5702012.43728,0
1640079000000,4020.47,4022.54,4015.16,4018.48,1817.280,1640079299999,7302582.50263,5011,657.297,2642165.10149,0
1640079300000,4018.47,4028.00,4017.59,4023.00,4702.064,1640079599999,18926423.10341,7204,2627.136,10575253.04108,0
1640079600000,4022.99,4029.00,4018.67,4022.15,2330.728,1640079899999,9380576.45664,5983,967.548,3894640.76300,0
1640079900000,4022.14,4025.76,4017.85,4020.01,2011.906,1640080199999,8089950.22307,4757,863.133,3471233.04416,0
1640080200000,4020.01,4024.86,4019.01,4019.60,1364.375,1640080499999,5487854.62438,3838,738.941,2972315.72802,0
1640080500000,4019.61,4022.45,4016.54,4017.86,954.972,1640080799999,3838188.15574,3714,379.710,1526052.77064,0
1640080800000,4017.86,4021.30,4011.65,4020.97,4434.587,1640081099999,17807679.38846,5945,1595.644,6408311.05689,0
1640081100000,4020.97,4021.27,4015.12,4019.41,1290.553,1640081399999,5185662.75429,3280,719.044,2889323.98100,0
1640081400000,4019.42,4024.09,4015.72,4017.90,1601.002,1640081699999,6438065.46112,4131,863.187,3471634.10728,0
1640081700000,4017.89,4020.73,4015.02,4017.86,1040.453,1640081999999,4179921.54159,3518,532.420,2139064.31363,0
1640082000000,4017.87,4025.00,4017.62,4021.37,1602.789,1640082299999,6447259.84495,4047,926.021,3725156.17209,0
1640082300000,4021.46,4028.99,4020.68,4027.43,2099.347,1640082599999,8451094.76051,5077,1233.829,4967094.94830,0
1640082600000,4027.43,4031.44,4021.07,4026.80,3414.317,1640082899999,13752697.21296,7648,2159.206,8697814.44881,0
1640082900000,4026.81,4031.69,4022.51,4026.92,2288.453,1640083199999,9215837.90911,6077,1408.792,5674083.17144,0
1640083200000,4026.92,4026.93,4020.73,4026.86,1640.251,1640083499999,6599683.54571,5225,688.012,2768303.40878,0
1640083500000,4026.85,4032.21,4024.36,4027.82,2679.818,1640083799999,10795893.95023,6193,1614.036,6502648.47677,0
1640083800000,4027.83,4028.54,4022.00,4022.00,1985.604,1640084099999,7991303.62607,4728,687.851,2768493.23130,0
1640084100000,4022.00,4024.51,4018.22,4018.82,1970.413,1640084399999,7922956.84421,4448,770.850,3100036.02448,0
1640084400000,4018.81,4025.29,4017.08,4021.37,2443.417,1640084699999,9825523.20957,6511,1271.748,5113824.64280,0
1640084700000,4021.37,4023.44,4017.00,4022.90,1619.215,1640084999999,6509644.55359,6415,834.887,3356587.34445,0
1640085000000,4022.90,4025.70,4018.25,4022.29,2124.399,1640085299999,8546058.80850,6788,1290.222,5190903.80043,0
1640085300000,4022.33,4024.88,4018.88,4021.46,1567.513,1640085599999,6304819.57156,5900,883.877,3555365.93565,0
1640085600000,4021.56,4025.73,4018.55,4024.16,3008.366,1640085899999,12098685.67206,7445,1888.283,7594395.14647,0
1640085900000,4024.17,4028.69,4022.54,4028.68,1970.454,1640086199999,7932494.08710,5084,1163.728,4685152.16036,0
1640086200000,4028.69,4029.16,4023.25,4027.22,2011.864,1640086499999,8101411.78348,5538,1091.269,4394716.19810,0
1640086500000,4027.22,4029.55,4018.64,4020.14,2115.195,1640086799999,8512095.08508,5987,977.479,3934054.33307,0
1640086800000,4020.14,4020.26,4016.54,4018.43,2178.835,1640087099999,8755169.72689,5765,966.411,3883325.81671,0
1640087100000,4018.42,4025.25,4017.08,4024.27,2091.188,1640087399999,8408003.29353,5553,1116.470,4489260.36890,0
1640087400000,4024.27,4027.50,4018.65,4024.42,3005.329,1640087699999,12092233.99741,5393,1455.337,5855789.81587,0
1640087700000,4024.42,4026.20,4022.00,4025.76,1763.757,1640087999999,7098631.62323,4488,793.015,3191667.28065,0
1640088000000,4025.75,4027.49,4018.64,4022.70,3940.801,1640088299999,15855695.43972,7071,1645.807,6623579.78640,0
1640088300000,4022.70,4024.33,4018.00,4023.22,3202.108,1640088599999,12876413.39703,5481,1491.586,5998606.68924,0
1640088600000,4023.23,4030.16,4020.65,4028.64,2268.367,1640088899999,9132190.44087,5578,1214.777,4891045.63187,0
1640088900000,4028.65,4033.10,4026.00,4029.47,3618.924,1640089199999,14584350.97040,7274,2022.823,8152626.98946,0
1640089200000,4029.47,4046.70,4027.93,4039.31,14160.593,1640089499999,57189714.74861,16837,8533.384,34462804.61524,0
1640089500000,4039.30,4042.61,4033.45,4038.63,4458.015,1640089799999,18005140.71265,8242,2119.237,8559653.79851,0
1640089800000,4038.63,4063.00,4038.32,4056.89,16763.380,1640090099999,67962535.85851,24882,10250.094,41556470.57869,0
1640090100000,4056.90,4060.00,4043.51,4043.51,8411.312,1640090399999,34073155.56593,12216,3037.766,12307719.27742,0
1640090400000,4043.51,4043.67,4028.00,4034.82,9451.281,1640090699999,38135735.21697,13247,3950.834,15939207.61579,0
1640090700000,4034.82,4039.37,4017.08,4023.00,10778.217,1640090999999,43378499.71143,15023,4078.559,16415850.80549,0
1640091000000,4022.99,4027.80,4018.25,4020.11,5872.945,1640091299999,23619395.15362,9418,2569.447,10334647.76508,0
1640091300000,4020.11,4021.92,4010.00,4016.54,7691.135,1640091599999,30884171.46103,11171,3244.315,13029738.30697,0
1640091600000,4016.53,4021.88,4012.41,4020.99,4782.905,1640091899999,19212206.10442,9457,2829.499,11366773.30199,0
1640091900000,4021.14,4021.76,4010.19,4010.19,3736.248,1640092199999,15006911.49291,6774,1168.453,4694370.76844,0
1640092200000,4010.12,4011.51,4002.28,4010.20,8092.661,1640092499999,32430106.45072,12903,3347.178,13414685.87987,0
1640092500000,4010.20,4015.51,4005.01,4010.44,4000.966,1640092799999,16049778.99009,8611,1963.008,7875886.26529,0
1640092800000,4010.27,4015.53,4006.61,4010.99,2899.301,1640093099999,11631132.91408,7265,1833.595,7356382.17950,0
1640093100000,4010.99,4021.69,4010.31,4011.73,3914.010,1640093399999,15716665.73491,8376,2435.216,9779045.49799,0
1640093400000,4011.72,4018.64,4007.32,4012.72,4056.818,1640093699999,16276991.13593,8347,2564.674,10291963.79681,0
1640093700000,4012.72,4018.00,4008.14,4010.65,2827.831,1640093999999,11347090.93587,6874,1446.255,5803964.27659,0
1640094000000,4010.66,4016.66,4008.39,4015.50,1815.501,1640094299999,7284488.69817,5008,796.975,3198101.03612,0
1640094300000,4015.50,4018.64,4010.00,4011.52,2207.266,1640094599999,8862167.68701,5337,978.870,3930376.80914,0
1640094600000,4011.52,4016.24,4009.16,4011.84,1257.036,1640094899999,5044880.18000,3612,641.991,2576640.13554,0
1640094900000,4011.69,4014.61,4007.12,4010.40,2816.954,1640095199999,11297891.95093,6196,1341.889,5382504.51978,0
1640095200000,4010.40,4014.99,4002.97,4003.98,3893.259,1640095499999,15608419.61891,6844,1351.434,5420420.18054,0
1640095500000,4003.98,4009.29,4003.08,4006.21,2203.551,1640095799999,8828568.35363,6066,1005.283,4027983.41859,0
1640095800000,4006.21,4009.85,4000.54,4003.90,2696.052,1640096099999,10798030.12743,7241,983.115,3938641.52392,0
1640096100000,4003.85,4004.99,3993.31,3996.73,7675.554,1640096399999,30681388.97649,12352,2850.267,11391613.01871,0
1640096400000,3996.73,3997.42,3983.50,3985.15,8525.049,1640096699999,34019179.45370,12499,3271.767,13058821.48597,0
1640096700000,3985.15,3998.01,3985.15,3990.81,7438.919,1640096999999,29698954.71981,9743,4343.356,17339482.35755,0
1640097000000,3990.81,4004.99,3990.81,3999.74,5165.297,1640097299999,20664385.60477,9202,3334.055,13339262.99738,0
1640097300000,3999.74,4015.36,3996.54,4013.58,6792.977,1640097599999,27237172.14203,9411,3545.984,14219634.55422,0
1640097600000,4013.58,4014.01,4005.78,4008.95,3730.816,1640097899999,14959466.01723,6944,1377.962,5526098.99320,0
1640097900000,4008.95,4008.96,3994.00,3994.75,4807.051,1640098199999,19230378.05020,8689,1722.447,6891242.89297,0
1640098200000,3994.25,4002.67,3988.99,3996.83,5012.646,1640098499999,20024287.20867,8727,2582.735,10319220.19772,0
1640098500000,3996.83,4001.11,3996.00,3997.45,1988.161,1640098799999,7949656.32741,4941,941.765,3765922.73262,0
1640098800000,3997.41,4006.56,3995.23,3996.30,4945.312,1640099099999,19794992.69260,7894,2745.329,10990291.32700,0
1640099100000,3996.29,4003.44,3994.49,3995.65,3005.073,1640099399999,12014852.46864,5896,1756.672,7024435.45172,0
1640099400000,3995.65,4001.89,3993.25,3998.39,2451.077,1640099699999,9798349.10172,5595,1171.759,4684689.41603,0
1640099700000,3998.39,4007.12,3997.00,4002.31,3591.877,1640099999999,14379633.56553,6405,2264.816,9067022.37796,0
1640100000000,4002.31,4005.71,3995.00,3996.09,2354.771,1640100299999,9420121.63515,5709,880.236,3522728.22073,0
1640100300000,3996.10,4000.72,3980.00,3980.16,13091.838,1640100599999,52215859.08077,16385,4833.740,19284185.89989,0
1640100600000,3980.15,3985.38,3965.00,3966.89,16058.471,1640100899999,63818588.73684,20726,5849.727,23255877.92829,0
1640100900000,3966.86,3975.07,3961.16,3968.01,9411.886,1640101199999,37334352.67825,15147,4748.108,18836915.15318,0
1640101200000,3968.01,3976.55,3966.80,3971.16,5101.473,1640101499999,20264348.54709,10752,3100.789,12317830.16750,0
1640101500000,3971.15,3978.39,3965.00,3973.71,4916.730,1640101799999,19543057.31976,8833,2523.049,10028778.32998,0
1640101800000,3973.70,3982.46,3973.70,3979.63,3307.983,1640102099999,13163957.18429,6568,2150.468,8557880.10199,0
1640102100000,3979.62,3982.08,3973.89,3978.16,2552.658,1640102399999,10154806.00688,5619,963.138,3831071.23546,0
1640102400000,3978.17,3982.40,3970.54,3981.14,5828.855,1640102699999,23183390.88598,7407,3155.934,12556254.08571,0
1640102700000,3981.15,3996.43,3981.14,3994.72,9973.203,1640102999999,39793360.31618,11431,6678.651,26648851.56685,0
1640103000000,3994.73,4004.20,3991.60,3996.42,7959.458,1640103299999,31817320.07052,10914,4165.293,16653008.75489,0
1640103300000,3996.42,3996.94,3988.66,3991.57,2715.403,1640103599999,10842679.19387,6410,1200.684,4794801.51830,0
1640103600000,3991.76,3994.94,3980.39,3984.00,4593.845,1640103899999,18314746.71321,7326,1598.712,6375448.78077,0
1640103900000,3984.00,3989.76,3981.76,3986.78,2299.310,1640104199999,9165511.89224,4899,1208.870,4818802.28882,0
1640104200000,3986.78,3990.46,3976.95,3979.92,2086.973,1640104499999,8313100.22815,5562,895.698,3568717.04335,0
1640104500000,3979.91,3991.36,3977.31,3989.78,2336.099,1640104799999,9311165.41588,4917,1570.381,6259856.46154,0
1640104800000,3989.78,3999.59,3986.01,3997.00,3667.740,1640105099999,14655894.21911,6581,1928.274,7703959.89604,0
1640105100000,3997.00,4002.72,3991.75,3994.02,3300.570,1640105399999,13197207.12916,6628,1592.803,6368456.81197,0
1640105400000,3994.01,4001.69,3992.14,4000.78,1559.276,1640105699999,6233814.55806,4577,923.967,3694134.52686,0
1640105700000,4000.78,4002.00,3994.88,3996.74,2690.968,1640105999999,10761570.77358,4927,952.654,3810291.77615,0
1640106000000,3996.74,4001.57,3995.10,3998.09,2366.454,1640106299999,9462157.08159,4231,933.441,3732648.28652,0
1640106300000,3997.98,4000.98,3994.88,3999.58,1352.600,1640106599999,5407321.55770,4188,698.418,2792295.73786,0
1640106600000,3999.58,4008.51,3999.58,4004.42,3246.900,1640106899999,13005306.38533,7481,2124.238,8508680.70498,0
1640106900000,4004.42,4013.58,4002.57,4005.19,4818.336,1640107199999,19316331.58962,8035,2883.289,11560429.64349,0
1640107200000,4005.18,4005.19,3998.38,4000.50,2291.326,1640107499999,9166219.15115,4252,943.484,3774210.95166,0
1640107500000,4000.50,4000.51,3996.03,3996.54,1879.072,1640107799999,7512581.99187,3685,456.405,1824814.01499,0
1640107800000,3996.54,3999.99,3994.10,3994.37,1412.194,1640108099999,5644483.48547,3524,599.765,2397516.42001,0
1640108100000,3994.36,3998.78,3991.44,3997.01,1758.908,1640108399999,7026413.10606,3845,671.142,2681578.56124,0
1640108400000,3997.01,3997.20,3990.01,3990.43,1974.128,1640108699999,7880529.66952,4061,847.908,3384830.33839,0
1640108700000,3990.43,3992.82,3985.13,3989.11,2889.739,1640108999999,11525182.33472,5529,952.577,3799494.04037,0
1640109000000,3989.11,3992.38,3984.00,3989.31,3853.720,1640109299999,15363749.95097,5033,1763.184,7030264.08470,0
1640109300000,3989.31,3992.84,3987.24,3991.86,916.000,1640109599999,3655254.72736,3483,564.426,2252404.89304,0
1640109600000,3991.87,3992.20,3984.90,3991.92,2471.869,1640109899999,9858636.86574,4554,1603.747,6395922.77122,0
1640109900000,3991.87,3991.87,3986.93,3987.87,1164.346,1640110199999,4645075.63672,3579,580.879,2317670.76759,0
1640110200000,3987.86,3990.12,3983.63,3986.02,1277.771,1640110499999,5092751.91535,4288,505.243,2013718.44963,0
1640110500000,3986.02,3992.33,3984.06,3984.07,1537.330,1640110799999,6131539.82045,4096,919.814,3668507.24334,0
1640110800000,3984.08,3987.06,3982.01,3984.76,1250.187,1640111099999,4980859.44033,3496,525.624,2094050.43217,0
1640111100000,3984.75,3993.70,3984.42,3991.61,2913.880,1640111399999,11629474.36473,4781,1873.497,7477066.53748,0
1640111400000,3991.61,3996.08,3989.17,3992.14,1364.220,1640111699999,5447582.27949,4197,636.413,2541492.58564,0
1640111700000,3992.15,3994.46,3988.76,3989.82,713.991,1640111999999,2849702.24315,2847,377.413,1506361.14327,0
1640112000000,3989.82,3997.00,3989.09,3994.45,949.596,1640112299999,3792958.77980,3247,584.749,2335577.08398,0
1640112300000,3994.44,3999.51,3991.23,3992.11,1037.897,1640112599999,4145850.70713,3251,444.447,1775500.09606,0
1640112600000,3992.10,3994.29,3985.00,3985.75,2671.861,1640112899999,10656693.61780,4010,733.955,2927729.56146,0
1640112900000,3985.85,3987.20,3983.44,3986.72,1441.766,1640113199999,5745745.35804,3570,1010.091,4025494.17025,0
1640113200000,3986.72,3995.00,3985.91,3993.16,1205.130,1640113499999,4810178.16008,3340,543.615,2169521.38506,0
1640113500000,3993.17,3998.77,3992.65,3997.84,1765.548,1640113799999,7056466.52316,4158,1137.577,4546650.97645,0
1640113800000,3997.83,4001.86,3995.75,3999.75,1978.033,1640114099999,7911523.10364,4194,985.353,3941126.66703,0
1640114100000,3999.77,4002.75,3997.57,3998.76,1250.830,1640114399999,5003682.58764,2983,699.133,2796951.26616,0
1640114400000,3998.76,4000.48,3995.64,3996.37,1373.973,1640114699999,5492699.57507,3005,533.483,2132868.11201,0
1640114700000,3996.75,4002.36,3996.37,4000.94,1209.839,1640114999999,4839473.40196,2702,830.667,3322752.38171,0
1640115000000,4000.94,4001.90,3996.00,3996.38,1276.718,1640115299999,5103912.83937,2861,768.525,3072348.23596,0
1640115300000,3996.37,3996.40,3991.11,3991.34,1155.915,1640115599999,4615954.35119,2770,452.954,1808765.30875,0
1640115600000,3991.33,3991.91,3983.21,3984.13,2210.952,1640115899999,8816824.91318,4543,669.099,2668855.35146,0
1640115900000,3984.13,3992.38,3981.73,3991.53,3692.024,1640116199999,14721366.28173,5491,2316.260,9236263.65642,0
1640116200000,3991.53,4001.16,3991.19,4001.16,2185.498,1640116499999,8734462.05031,4377,1239.232,4952714.64208,0
1640116500000,4001.16,4011.93,4001.15,4007.94,4612.994,1640116799999,18487515.62511,7169,2425.252,9718736.96880,0
1640116800000,4007.94,4021.90,4005.16,4021.29,8494.153,1640117099999,34108450.94339,10999,5444.672,21866282.94059,0
1640117100000,4021.29,4023.49,4015.87,4020.56,3485.401,1640117399999,14009120.72165,6337,1338.747,5381923.70100,0
1640117400000,4020.56,4029.48,4019.24,4025.15,5910.106,1640117699999,23785513.47149,8794,4002.065,16107476.18949,0
1640117700000,4025.15,4026.01,4013.36,4014.12,4564.056,1640117999999,18330694.48106,6348,1120.995,4501932.31833,0
1640118000000,4014.14,4014.29,4000.18,4001.40,4324.223,1640118299999,17331364.34235,6558,1186.632,4755612.52439,0
1640118300000,4001.41,4004.57,3998.77,4004.21,2611.525,1640118599999,10450848.18172,5197,1355.453,5424602.70401,0
1640118600000,4004.23,4009.94,4001.48,4006.62,1996.960,1640118899999,7998740.56258,4269,1274.651,5105677.35114,0
1640118900000,4006.64,4009.70,4004.44,4006.37,1326.159,1640119199999,5314393.61938,3202,653.392,2618336.83540,0
1640119200000,4006.37,4015.42,4001.16,4003.90,4929.037,1640119499999,19750112.78400,5414,2850.738,11426183.36815,0
1640119500000,4003.90,4005.56,3997.15,3998.01,3656.954,1640119799999,14631356.68515,4640,1075.166,4302780.87621,0
1640119800000,3998.06,4010.71,3998.06,4010.24,2295.960,1640120099999,9194703.93021,4200,1658.975,6644729.90500,0
1640120100000,4010.24,4013.18,4005.57,4008.87,2353.581,1640120399999,9437579.61130,4286,1116.480,4477416.35730,0
1640120400000,4008.92,4008.92,4002.48,4005.97,1526.670,1640120699999,6114418.26712,3409,691.623,2770149.79073,0
1640120700000,4005.98,4014.60,4005.98,4010.43,2697.493,1640120999999,10820950.13546,5007,1662.447,6669182.94341,0
1640121000000,4010.43,4015.25,4009.18,4011.01,1757.464,1640121299999,7050532.39922,3971,836.262,3355375.88318,0
1640121300000,4011.01,4019.59,4010.00,4013.62,2634.662,1640121599999,10576637.03408,5059,1517.885,6093809.77762,0
1640121600000,4013.61,4015.99,4010.87,4012.28,1483.679,1640121899999,5954215.02865,3317,425.509,1707755.81361,0
1640121900000,4012.29,4016.40,4010.00,4016.40,1297.562,1640122199999,5206535.81107,2895,708.923,2844875.48294,0
1640122200000,4016.39,4019.85,4012.78,4018.96,1731.317,1640122499999,6954201.45927,3703,975.407,3918181.39186,0
1640122500000,4018.96,4027.77,4018.50,4023.57,3755.029,1640122799999,15110435.98737,6016,2326.698,9362127.78567,0
1640122800000,4023.57,4035.00,4022.00,4033.75,5254.720,1640123099999,21177691.25762,8435,3354.464,13519646.54120,0
1640123100000,4033.74,4035.55,4022.58,4022.93,4302.487,1640123399999,17333610.53687,7506,1831.616,7381830.22493,0
1640123400000,4022.93,4026.46,4017.99,4023.27,2950.219,1640123699999,11863599.09617,5263,1020.567,4104656.22474,0
1640123700000,4023.26,4028.40,4021.27,4025.99,1842.766,1640123999999,7416725.12061,3935,976.339,3929891.82885,0
1640124000000,4026.14,4026.80,4019.19,4023.98,1932.532,1640124299999,7773601.05229,4356,812.751,3269786.56645,0
1640124300000,4023.90,4026.35,4018.22,4019.71,1535.224,1640124599999,6175612.23170,3317,817.880,3290193.23114,0
1640124600000,4019.72,4023.19,4013.83,4015.52,2374.609,1640124899999,9539699.00900,3927,590.975,2375474.93987,0
1640124900000,4015.52,4019.18,4014.75,4017.50,1563.577,1640125199999,6280514.65244,3365,880.197,3535704.04229,0
1640125200000,4017.50,4019.19,4013.18,4017.06,1890.369,1640125499999,7591493.06424,3516,746.959,3000048.41991,0
1640125500000,4017.15,4021.19,4017.01,4020.61,1986.529,1640125799999,7985300.28407,3072,1443.135,5801258.85415,0
1640125800000,4020.60,4025.00,4020.60,4025.00,846.530,1640126099999,3405436.22697,2960,546.194,2197343.09711,0
1640126100000,4024.99,4027.99,4024.40,4027.21,1124.451,1640126399999,4527295.87884,3012,757.833,3051243.76025,0
1640126400000,4027.20,4029.00,4023.96,4023.96,898.652,1640126699999,3619322.15553,2702,372.430,1500093.46972,0
1640126700000,4023.96,4025.63,4019.58,4024.35,1364.129,1640126999999,5486892.61180,2952,766.628,3083754.55282,0
1640127000000,4024.35,4025.00,4018.00,4022.22,2439.862,1640127299999,9811505.32074,3928,1141.780,4591725.54179,0
1640127300000,4022.23,4028.58,4022.03,4028.58,2038.086,1640127599999,8204303.80335,3675,1184.023,4766387.75600,0
1640127600000,4028.50,4033.93,4023.07,4029.39,4515.936,1640127899999,18193243.88223,6998,2352.197,9478057.94747,0
1640127900000,4029.05,4029.06,4023.62,4028.17,2244.846,1640128199999,9037323.21843,4177,1166.580,4696782.30277,0
1640128200000,4028.17,4029.10,4021.27,4022.82,2455.160,1640128499999,9880435.04396,4924,1021.599,4111628.62081,0
1640128500000,4022.81,4024.22,4018.40,4023.87,2829.879,1640128799999,11379699.23524,5336,1312.242,5277556.96552,0
1640128800000,4023.88,4031.67,4023.79,4031.35,3266.695,1640129099999,13160776.58078,4879,2342.309,9437121.23611,0
1640129100000,4031.36,4039.20,4030.21,4038.52,4780.932,1640129399999,19292488.03280,7100,3270.192,13196947.46811,0
1640129400000,4038.50,4042.53,4034.08,4036.15,5075.163,1640129699999,20496802.69578,7254,2168.949,8762039.60476,0
1640129700000,4036.15,4036.44,4029.66,4031.91,2793.399,1640129999999,11264549.08136,4822,934.929,3770304.75014,0
1640130000000,4031.90,4035.32,4027.65,4030.46,2698.738,1640130299999,10878886.88773,3921,1021.002,4116538.10642,0
1640130300000,4030.46,4030.47,4026.00,4026.73,2215.128,1640130599999,8923223.61050,3934,833.892,3359069.60323,0
1640130600000,4026.73,4026.73,4017.95,4018.40,4396.199,1640130899999,17682612.90812,6123,1469.656,5911478.19663,0
1640130900000,4018.42,4022.84,4013.96,4014.38,4255.188,1640131199999,17096210.02249,7078,1709.534,6869578.84962,0
1640131200000,4014.38,4024.01,4013.30,4019.51,4935.525,1640131499999,19835709.95978,7245,3061.149,12303358.07581,0
1640131500000,4019.50,4020.87,4006.66,4013.22,6485.611,1640131799999,26022261.09920,8195,2602.551,10444134.54114,0
1640131800000,4013.22,4017.99,4012.76,4017.33,2542.501,1640132099999,10211246.34925,4467,1543.312,6198558.29604,0
1640132100000,4017.32,4019.60,4013.57,4018.09,2111.619,1640132399999,8482006.02227,4719,1182.699,4750902.55412,0
1640132400000,4018.09,4021.37,4015.22,4019.22,2106.621,1640132699999,8465707.57112,4094,1101.006,4424441.97830,0
1640132700000,4019.23,4023.16,4018.06,4021.81,2197.814,1640132999999,8837187.91159,3940,1339.682,5386806.20122,0
1640133000000,4021.81,4025.63,4019.60,4025.62,2017.656,1640133299999,8116156.28612,3981,1224.195,4924892.63790,0
1640133300000,4025.63,4027.24,4020.81,4025.66,2402.049,1640133599999,9665213.04746,4105,935.993,3766273.12349,0
1640133600000,4025.67,4026.03,4016.79,4017.00,1640.719,1640133899999,6595800.02858,3426,416.426,1673730.77090,0
1640133900000,4017.01,4018.40,4000.01,4001.51,7365.361,1640134199999,29518884.20409,8141,2274.172,9113863.59425,0
1640134200000,4001.51,4003.51,3995.87,3999.71,4799.821,1640134499999,19198716.65764,8191,1619.080,6476475.88082,0
1640134500000,3999.70,4001.01,3993.06,3995.20,4162.069,1640134799999,16634437.24578,7167,1854.865,7414530.84769,0
1640134800000,3995.20,4002.31,3991.85,4002.31,3613.530,1640135099999,14440177.23803,7389,2285.530,9134981.77021,0
1640135100000,4002.30,4003.11,3997.04,4003.10,2511.360,1640135399999,10047285.05224,4946,1294.035,5177861.66952,0
1640135400000,4003.10,4009.55,4002.31,4006.56,4615.398,1640135699999,18488360.42121,5106,3156.022,12641750.10796,0
1640135700000,4006.67,4010.75,4006.31,4009.56,2172.569,1640135999999,8709495.12232,4834,1243.232,4984044.45640,0
1640136000000,4009.56,4022.42,4008.83,4020.87,6024.820,1640136299999,24192826.56980,7530,4039.757,16221529.10805,0
1640136300000,4021.00,4024.00,4019.19,4022.39,3451.843,1640136599999,13880391.33394,6288,1469.638,5910266.80001,0
1640136600000,4022.04,4023.00,4015.21,4017.19,2325.006,1640136899999,9343359.34687,4398,762.124,3063030.71185,0
1640136900000,4017.12,4017.99,4013.00,4017.99,1927.063,1640137199999,7737638.84540,3414,748.843,3007235.26368,0
1640137200000,4017.98,4026.43,4016.79,4026.43,4822.623,1640137499999,19397581.41132,5739,3138.349,12622507.98947,0
1640137500000,4026.42,4031.00,4025.23,4030.31,2979.909,1640137799999,12004102.98796,5480,1693.456,6821727.20991,0
1640137800000,4030.32,4034.89,4026.08,4034.75,3020.013,1640138099999,12171995.88494,5650,1795.295,7236333.09187,0
1640138100000,4034.74,4040.00,4031.81,4038.32,6552.338,1640138399999,26452051.48532,7896,3778.533,15255245.58206,0
1640138400000,4038.32,4038.99,4033.28,4036.69,3089.437,1640138699999,12469734.05474,5601,1550.439,6258293.66559,0
1640138700000,4036.69,4049.00,4033.87,4047.34,9153.480,1640138999999,37023216.43127,11239,5949.569,24065063.17441,0
1640139000000,4047.33,4054.59,4040.99,4048.83,6730.187,1640139299999,27247575.57841,10746,4081.976,16528558.89553,0
1640139300000,4048.84,4054.59,4047.45,4053.04,3452.375,1640139599999,13984317.40790,7392,1728.612,7002257.22101,0
1640139600000,4053.05,4062.21,4051.20,4055.78,9702.274,1640139899999,39369830.52718,12558,4959.765,20127341.54700,0
1640139900000,4055.78,4058.46,4051.04,4057.96,4002.549,1640140199999,16228971.29189,6369,2181.359,8845832.90671,0
1640140200000,4057.96,4074.99,4057.70,4067.06,15238.119,1640140499999,61992335.01562,21390,9066.721,36885480.10135,0
1640140500000,4067.05,4071.20,4065.85,4069.84,3533.285,1640140799999,14374119.56299,6494,1790.050,7282750.46752,0
1640140800000,4069.85,4074.30,4059.83,4062.84,6385.852,1640141099999,25961918.40960,8752,2519.603,10246226.13208,0
1640141100000,4063.05,4065.85,4059.02,4061.05,3904.426,1640141399999,15863062.21872,5378,1395.348,5669163.36171,0
1640141400000,4061.06,4068.96,4060.83,4064.67,2945.034,1640141699999,11973865.57471,4973,1846.971,7509244.78742,0
1640141700000,4064.67,4064.93,4053.81,4054.59,5342.389,1640141999999,21681714.64089,6145,1215.338,4932165.90803,0
1640142000000,4054.60,4061.00,4052.74,4052.98,3718.413,1640142299999,15079955.34120,5997,2025.334,8214550.64778,0
1640142300000,4052.98,4054.19,4049.00,4050.40,2606.066,1640142599999,10558218.25500,4817,1026.879,4160254.36415,0
1640142600000,4050.41,4052.18,4043.00,4045.58,4323.784,1640142899999,17494471.13307,6338,1716.975,6947017.66417,0
1640142900000,4045.59,4056.20,4044.54,4054.19,3178.487,1640143199999,12873367.04813,5516,2273.453,9207630.16381,0
1640143200000,4054.20,4054.94,4047.98,4050.97,1974.107,1640143499999,7996277.20742,3443,849.396,3440467.82406,0
1640143500000,4050.97,4050.97,4045.34,4046.15,1444.628,1640143799999,5846747.62061,3109,673.131,2724224.58713,0
1640143800000,4046.15,4054.19,4045.74,4051.37,6400.803,1640144099999,25933517.29508,4442,2365.181,9580697.39911,0
1640144100000,4051.37,4056.16,4050.17,4050.17,2474.437,1640144399999,10029703.63010,3782,1498.889,6075881.02920,0
1640144400000,4050.17,4054.06,4047.35,4051.78,2461.112,1640144699999,9966633.22755,3580,1568.304,6351449.35331,0
1640144700000,4051.77,4061.79,4051.44,4057.03,5039.516,1640144999999,20445678.61904,6512,3033.495,12306941.35043,0
1640145000000,4057.03,4058.42,4046.63,4047.25,2704.005,1640145299999,10960463.60935,4162,1226.057,4971170.59506,0
1640145300000,4047.26,4050.36,4045.48,4048.77,2378.834,1640145599999,9628806.47379,3772,1486.077,6015433.07603,0
1640145600000,4048.77,4052.00,4042.53,4050.02,7866.302,1640145899999,31837248.07074,8194,4613.378,18673378.79738,0
1640145900000,4050.03,4055.00,4047.83,4048.17,2950.610,1640146199999,11954197.99637,4688,1526.982,6187485.42643,0
1640146200000,4048.17,4051.38,4047.25,4047.63,1632.208,1640146499999,6608641.43279,3307,736.831,2983478.91107,0
1640146500000,4047.64,4050.00,4043.73,4045.31,2285.631,1640146799999,9250543.55077,3570,1120.334,4534966.03066,0
1640146800000,4045.30,4048.43,4042.53,4047.06,1517.821,1640147099999,6139753.78344,3380,815.725,3299968.58270,0
1640147100000,4047.06,4048.78,4044.00,4044.54,1456.760,1640147399999,5894049.88805,3034,598.095,2420402.51197,0
1640147400000,4044.53,4050.00,4042.13,4047.73,2312.610,1640147699999,9358688.83897,4104,1388.211,5617898.86973,0
1640147700000,4047.73,4050.72,4046.15,4049.49,1664.502,1640147999999,6738702.22952,3207,1057.975,4283222.61513,0
1640148000000,4049.50,4052.17,4048.99,4050.26,1348.418,1640148299999,5461796.49028,2897,801.937,3248430.95883,0
1640148300000,4050.22,4055.40,4047.76,4051.61,2407.738,1640148599999,9755355.82593,3630,1214.964,4923057.23180,0
1640148600000,4051.79,4054.58,4051.43,4052.01,795.955,1640148899999,3225956.16230,2433,425.934,1726279.96611,0
1640148900000,4052.00,4054.23,4051.78,4053.72,932.815,1640149199999,3780763.66811,2472,552.742,2240306.24972,0
1640149200000,4053.73,4055.00,4049.46,4049.61,1585.730,1640149499999,6425480.45999,3127,556.491,2254952.98974,0
1640149500000,4049.61,4051.51,4044.14,4046.22,2297.408,1640149799999,9298332.74207,4082,707.091,2862196.43185,0
1640149800000,4046.22,4047.76,4042.80,4043.11,1738.747,1640150099999,7033460.11124,3697,568.546,2300042.71889,0
1640150100000,4043.11,4046.00,4040.11,4041.60,3436.645,1640150399999,13893190.88895,6071,1569.730,6346591.21209,0
1640150400000,4041.60,4041.73,4036.90,4040.12,3529.705,1640150699999,14256824.34636,5802,1165.554,4708274.27414,0
1640150700000,4040.11,4040.77,4036.89,4037.32,1461.641,1640150999999,5903245.01379,3193,584.653,2361417.51691,0
1640151000000,4037.33,4040.80,4036.90,4039.08,1695.159,1640151299999,6845948.24611,3523,770.653,3112598.73174,0
1640151300000,4039.08,4044.95,4038.37,4042.55,2446.124,1640151599999,9887011.66991,3939,1805.081,7295718.74649,0
1640151600000,4042.56,4044.54,4040.92,4044.42,1132.567,1640151899999,4578924.98808,2790,782.481,3163765.91723,0
1640151900000,4044.42,4044.54,4035.69,4038.33,1786.812,1640152199999,7218123.86051,3543,682.031,2755245.54892,0
1640152200000,4038.33,4038.80,4033.68,4034.93,2985.713,1640152499999,12049777.05104,4944,1024.830,4136008.70557,0
1640152500000,4034.94,4037.30,4031.00,4034.16,2598.837,1640152799999,10482640.48302,4375,1070.281,4317040.79439,0
1640152800000,4034.16,4034.89,4030.00,4032.23,2285.307,1640153099999,9214878.85257,4513,840.611,3389979.44812,0
1640153100000,4032.20,4037.70,4030.86,4034.48,1858.373,1640153399999,7497351.01288,4095,1030.885,4159489.99272,0
1640153400000,4034.47,4040.52,4034.28,4040.52,2269.794,1640153699999,9166613.03752,3510,1744.985,7047092.86817,0
1640153700000,4040.52,4043.89,4040.51,4040.85,3942.099,1640153999999,15935483.95407,3697,2592.999,10482032.84912,0
1640154000000,4040.85,4042.13,4037.20,4038.27,1475.559,1640154299999,5960192.97284,2846,505.242,2040954.75044,0
1640154300000,4038.30,4040.00,4036.49,4039.00,1576.353,1640154599999,6365289.35441,2484,880.264,3554552.12623,0
1640154600000,4039.00,4043.33,4038.99,4042.94,2566.315,1640154899999,10371899.86975,3045,2069.221,8363030.53405,0
1640154900000,4042.95,4044.54,4041.36,4041.99,1831.042,1640155199999,7402875.53193,3013,705.620,2852969.07870,0
1640155200000,4041.99,4049.77,4041.32,4048.09,3693.421,1640155499999,14946227.73165,4653,2374.129,9607748.08391,0
1640155500000,4048.09,4048.55,4044.99,4045.11,1622.318,1640155799999,6565938.22167,2962,721.146,2918772.49595,0
1640155800000,4045.22,4046.15,4041.06,4043.38,2220.099,1640156099999,8976506.86420,2806,854.349,3454845.92177,0
1640156100000,4043.38,4045.74,4037.10,4038.20,3109.617,1640156399999,12563722.58459,3691,1281.891,5178676.31351,0
1640156400000,4038.21,4040.92,4037.92,4040.79,1461.905,1640156699999,5905570.02722,2494,872.170,3523303.76526,0
1640156700000,4040.80,4044.14,4040.11,4041.62,1348.244,1640156999999,5449426.43518,2664,695.299,2810429.36220,0
1640157000000,4041.62,4053.13,4040.56,4051.97,3521.225,1640157299999,14255419.58128,4630,2515.551,10183772.44763,0
1640157300000,4051.97,4057.41,4049.77,4057.41,2888.015,1640157599999,11709005.48571,5317,1856.754,7528277.48866,0
1640157600000,4057.41,4059.80,4055.77,4057.99,2659.748,1640157899999,10793004.51420,4032,1419.247,5759059.66607,0
1640157900000,4058.00,4058.62,4046.15,4048.01,6203.345,1640158199999,25121991.92816,5500,1693.751,6859991.84782,0
1640158200000,4048.01,4049.77,4043.02,4046.26,3396.562,1640158499999,13744516.67719,4155,1658.417,6711372.73547,0
1640158500000,4046.26,4051.38,4045.63,4049.37,1478.156,1640158799999,5984322.11079,2886,871.333,3528086.30325,0
1640158800000,4049.36,4051.78,4048.59,4049.44,1266.581,1640159099999,5129691.32617,2854,517.668,2096633.66820,0
1640159100000,4049.44,4053.00,4046.49,4052.15,1947.367,1640159399999,7886879.69129,3492,1060.149,4293835.28009,0
1640159400000,4052.16,4052.28,4048.19,4048.90,970.203,1640159699999,3929432.26929,2706,375.220,1519818.51164,0
1640159700000,4048.90,4050.00,4046.61,4046.91,1328.960,1640159999999,5380435.60009,2933,719.628,2913649.66280,0
1640160000000,4046.91,4050.57,4041.72,4041.72,2750.740,1640160299999,11129536.08535,4201,976.238,3950476.82132,0
1640160300000,4041.72,4041.72,4035.69,4038.26,4212.261,1640160599999,17011517.15954,5852,1562.207,6309548.71413,0
1640160600000,4038.27,4046.95,4037.47,4044.93,2889.869,1640160899999,11683619.31900,3853,2142.839,8664110.71602,0
1640160900000,4044.94,4046.65,4041.79,4044.54,2316.818,1640161199999,9370114.44809,3709,942.330,3811548.88231,0
1640161200000,4044.53,4051.77,4043.33,4046.15,2951.986,1640161499999,11950082.11976,4059,1939.644,7851727.34258,0
1640161500000,4046.15,4052.16,4043.24,4050.89,2468.001,1640161799999,9987942.44206,3473,1061.209,4295787.78135,0
1640161800000,4050.75,4055.71,4048.00,4052.96,3191.019,1640162099999,12928011.19667,4262,2044.753,8284812.92250,0
1640162100000,4052.96,4059.81,4051.38,4057.62,4095.128,1640162399999,16612490.40204,5322,2601.616,10554574.99415,0
1640162400000,4057.62,4063.04,4055.80,4056.45,4172.195,1640162699999,16936522.83037,6204,2281.026,9260677.44869,0
1640162700000,4056.46,4057.41,4052.38,4052.40,2078.314,1640162999999,8428023.72916,4638,559.986,2271189.42662,0
1640163000000,4052.40,4055.40,4048.16,4052.52,2598.325,1640163299999,10527261.74922,4319,1262.094,5113991.04915,0
1640163300000,4052.53,4053.10,4033.00,4033.00,9512.397,1640163599999,38450099.10476,9116,2909.658,11756746.48343,0
1640163600000,4033.01,4038.51,4032.69,4037.42,4561.836,1640163899999,18411897.99190,7001,2760.049,11140412.84211,0
1640163900000,4037.44,4037.67,4028.76,4029.00,9912.723,1640164199999,39960332.43562,9168,3423.756,13800174.13678,0
1640164200000,4029.00,4032.87,4027.24,4032.68,5289.069,1640164499999,21314130.17367,6684,3486.954,14053990.62907,0
1640164500000,4032.61,4033.00,4026.00,4027.24,2701.372,1640164799999,10882600.75616,5444,1031.915,4156918.20715,0
1640164800000,4027.24,4030.85,4020.59,4020.62,4320.683,1640165099999,17387131.38957,7505,1166.478,4695022.10289,0
1640165100000,4020.62,4024.81,4020.08,4020.53,3233.083,1640165399999,13005501.47611,5193,1559.950,6275627.78375,0
1640165400000,4020.54,4023.00,4018.40,4018.40,4192.288,1640165699999,16856717.98361,6972,1704.534,6854623.23221,0
1640165700000,4018.40,4018.40,4003.11,4004.88,11201.424,1640165999999,44931997.47139,13722,3507.325,14067967.08340,0
1640166000000,4004.88,4013.90,4003.51,4012.01,7094.073,1640166299999,28445320.55523,8396,4401.562,17648748.76078,0
1640166300000,4012.01,4014.88,4008.98,4011.70,4680.734,1640166599999,18779960.48755,6649,2197.545,8818067.41165,0
1640166600000,4011.69,4013.17,4009.08,4009.09,1773.476,1640166899999,7114211.59206,4485,799.490,3207405.85099,0
1640166900000,4009.09,4013.97,4006.33,4013.97,4161.892,1640167199999,16687336.75333,5720,2280.440,9145226.91753,0
1640167200000,4013.97,4014.88,4008.70,4013.83,3393.729,1640167499999,13617449.26297,5105,2054.136,8243173.61667,0
1640167500000,4013.83,4020.00,4013.46,4018.18,6572.256,1640167799999,26406766.45568,6570,4309.937,17315739.02936,0
1640167800000,4018.17,4025.00,4017.98,4022.95,5743.649,1640168099999,23103142.89720,6723,3724.203,14979326.74796,0
1640168100000,4022.85,4023.59,4020.00,4022.94,3120.058,1640168399999,12547830.47214,4682,1236.822,4974271.14949,0
1640168400000,4022.77,4023.54,4019.49,4021.98,1603.817,1640168699999,6448669.20397,3626,788.465,3170270.83112,0
1640168700000,4021.98,4023.94,4021.19,4021.77,1791.332,1640168999999,7206145.11495,4209,1022.092,4111839.43656,0
1640169000000,4021.77,4024.38,4012.93,4015.05,3161.867,1640169299999,12701931.68668,5519,1080.339,4340242.07490,0
1640169300000,4015.06,4017.17,4011.17,4016.38,2184.407,1640169599999,8768887.18711,4374,1100.645,4418441.70587,0
1640169600000,4016.39,4019.58,4016.16,4017.99,1815.791,1640169899999,7295836.74601,3105,1081.238,4344602.55055,0
1640169900000,4017.99,4020.78,4017.98,4020.48,1522.029,1640170199999,6118146.13716,3094,951.200,3823497.52225,0
1640170200000,4020.64,4025.00,4020.10,4023.59,2316.760,1640170499999,9320404.20245,3852,1309.102,5266381.80809,0
1640170500000,4023.58,4026.39,4021.58,4021.98,2194.135,1640170799999,8830667.48419,4062,1028.744,4140452.08240,0
1640170800000,4021.97,4031.19,4021.97,4030.01,3928.608,1640171099999,15820498.11080,6351,2707.051,10901542.15071,0
1640171100000,4030.01,4032.81,4027.94,4030.06,3069.027,1640171399999,12370186.49868,5194,1499.857,6045943.22019,0
1640171400000,4030.06,4032.76,4029.05,4031.64,2573.201,1640171699999,10373162.62474,4027,1213.409,4891846.30934,0
1640171700000,4031.64,4033.85,4028.14,4029.22,2585.217,1640171999999,10423101.66368,3924,923.493,3723476.75820,0
1640172000000,4029.21,4030.14,4021.99,4024.59,2856.885,1640172299999,11502669.53249,5014,810.772,3265155.86307,0
1640172300000,4024.60,4026.47,4020.28,4020.60,2601.762,1640172599999,10466712.78917,3910,1220.565,4910215.32148,0
1640172600000,4020.61,4026.02,4019.07,4024.72,2275.444,1640172899999,9153110.09125,4285,1100.904,4428760.03455,0
1640172900000,4024.71,4026.17,4023.20,4025.01,635.131,1640173199999,2556199.50876,2136,346.154,1393202.65928,0
1640173200000,4025.01,4027.93,4021.37,4021.37,2109.749,1640173499999,8491589.40918,2926,922.362,3712871.55364,0
1640173500000,4021.23,4024.31,4018.52,4019.20,1669.628,1640173799999,6713402.02408,3580,622.905,2504953.80973,0
1640173800000,4019.20,4020.28,4013.43,4018.67,3268.657,1640174099999,13129223.94837,4880,1429.287,5740796.64530,0
1640174100000,4018.67,4023.64,4018.67,4021.73,1421.403,1640174399999,5715862.34119,2935,933.794,3755027.77423,0
1640174400000,4021.73,4029.95,4021.03,4029.59,4497.292,1640174699999,18112127.31330,6134,2740.650,11037322.08303,0
1640174700000,4029.59,4030.35,4025.76,4027.70,2203.290,1640174999999,8876283.60197,4586,901.644,3632631.21069,0
1640175000000,4027.71,4029.95,4026.03,4027.50,1473.559,1640175299999,5935696.52334,3934,824.861,3322866.45693,0
1640175300000,4027.50,4028.34,4013.03,4014.00,4886.087,1640175599999,19632613.25427,7192,1933.562,7767948.69584,0
1640175600000,4014.01,4015.98,3994.00,3994.00,13274.132,1640175899999,53131124.33721,18223,4070.971,16296832.07257,0
1640175900000,3994.00,3997.43,3981.33,3993.31,16054.219,1640176199999,64085832.46377,31843,7968.330,31814042.73499,0
1640176200000,3993.31,3996.52,3975.00,3980.51,13499.954,1640176499999,53770200.02799,22684,4988.956,19867250.35285,0
1640176500000,3980.52,3989.96,3977.00,3977.96,6420.330,1640176799999,25577295.25934,11529,3708.953,14777118.53664,0
1640176800000,3977.96,3988.87,3977.96,3988.62,3824.242,1640177099999,15237110.05323,8301,2337.881,9315926.54184,0
1640177100000,3988.64,3992.33,3979.00,3979.00,4070.093,1640177399999,16226975.85679,9161,1782.375,7107213.90541,0
1640177400000,3979.06,3984.07,3924.36,3953.66,34506.961,1640177699999,136379341.35911,45224,13292.251,52527091.05478,0
1640177700000,3953.66,3962.77,3946.05,3954.04,12939.744,1640177999999,51194008.77903,17359,6750.667,26710770.97430,0
1640178000000,3954.20,3970.00,3948.25,3968.47,10318.776,1640178299999,40847676.05576,14877,6091.952,24120257.72902,0
1640178300000,3968.66,3975.44,3947.80,3951.51,21550.295,1640178599999,85382100.63142,22974,9493.648,37644009.62447,0
1640178600000,3951.50,3968.35,3950.96,3956.34,6382.994,1640178899999,25284445.59074,12277,3036.896,12028645.90725,0
1640178900000,3956.37,3962.00,3954.84,3961.85,3261.137,1640179199999,12910897.33675,7125,1912.575,7571940.06203,0
1640179200000,3961.86,3965.00,3955.62,3957.90,2995.503,1640179499999,11863706.49729,6522,1543.688,6114129.18969,0
1640179500000,3957.90,3957.90,3942.84,3946.37,7663.502,1640179799999,30257466.74905,12308,3087.542,12190378.25763,0
1640179800000,3946.38,3955.22,3943.21,3944.87,4198.659,1640180099999,16583283.01613,7948,2431.844,9605966.65104,0
1640180100000,3944.88,3953.00,3943.00,3946.33,3076.510,1640180399999,12146808.58157,5981,1849.291,7301009.58694,0
1640180400000,3946.41,3959.13,3946.40,3958.03,3438.487,1640180699999,13597702.56658,6508,1917.248,7581931.18916,0
1640180700000,3958.03,3966.26,3956.93,3964.49,5070.247,1640180999999,20085547.28633,7780,3338.182,13223867.53184,0
1640181000000,3964.54,3965.11,3946.47,3952.47,6467.866,1640181299999,25567423.14618,10066,2546.812,10066268.67055,0
1640181300000,3952.47,3961.21,3951.92,3959.18,2442.201,1640181599999,9666456.95076,5139,1459.046,5774937.36153,0
1640181600000,3959.16,3964.98,3956.52,3963.11,4145.302,1640181899999,16421661.11283,6180,2478.349,9817603.07441,0
1640181900000,3963.11,3968.99,3963.11,3968.99,4075.379,1640182199999,16165224.62253,5928,2685.631,10652807.08845,0
1640182200000,3968.99,3969.94,3964.72,3969.13,3594.662,1640182499999,14261797.87822,6354,1806.820,7168945.65878,0
1640182500000,3969.13,3971.50,3966.53,3967.04,2903.548,1640182799999,11526129.99235,6367,1601.201,6356496.82653,0
1640182800000,3967.05,3979.38,3966.01,3977.67,7733.015,1640183099999,30740711.16394,9512,4877.789,19388917.56491,0
1640183100000,3977.68,3982.98,3977.60,3981.57,6554.351,1640183399999,26092934.86570,9230,3736.281,14874191.25334,0
1640183400000,3981.58,3981.58,3971.43,3974.09,4569.540,1640183699999,18167665.25420,7488,1435.132,5705470.49662,0
1640183700000,3974.10,3979.24,3970.33,3979.24,4273.318,1640183999999,16986124.66442,6242,2163.713,8601468.83369,0
1640184000000,3979.23,3987.58,3972.72,3987.34,6348.469,1640184299999,25277298.39515,7859,3762.940,14984937.99446,0
1640184300000,3987.34,4008.10,3984.98,4002.41,16026.859,1640184599999,64077987.49065,18651,10929.078,43695423.61089,0
1640184600000,4002.40,4005.95,3994.60,4005.82,7260.693,1640184899999,29044910.24064,9748,3773.514,15097976.19383,0
1640184900000,4005.60,4006.74,3995.66,3997.23,5201.373,1640185199999,20808391.48240,6833,1729.220,6918846.90045,0
1640185200000,3997.24,4006.74,3993.29,3995.24,6912.478,1640185499999,27642621.82021,8182,2895.556,11585170.09612,0
1640185500000,3995.24,3995.26,3985.77,3987.35,6578.375,1640185799999,26246390.91534,8167,2321.790,9263679.07124,0
1640185800000,3987.35,3994.99,3987.27,3991.55,3765.889,1640186099999,15034675.27925,4809,2676.941,10687740.16119,0
1640186100000,3991.55,3998.30,3988.54,3994.47,3556.886,1640186399999,14204802.58393,5716,1794.415,7167937.81479,0
1640186400000,3994.46,3997.49,3991.31,3991.31,1837.332,1640186699999,7340741.76918,4770,940.309,3757009.99501,0
1640186700000,3991.38,3993.88,3981.50,3982.69,4200.087,1640186999999,16748996.55129,5590,1424.937,5684518.26370,0
1640187000000,3982.70,3996.31,3982.17,3993.92,4056.692,1640187299999,16182023.85741,5800,2696.109,10756661.20401,0
1640187300000,3993.93,4000.80,3993.11,3998.43,4886.548,1640187599999,19536727.44058,6907,2739.350,10952529.68073,0
1640187600000,3998.43,4000.80,3995.34,3999.00,2184.870,1640187899999,8735958.37873,4770,1229.535,4916358.47426,0
1640187900000,3998.99,4001.61,3995.81,3996.05,1973.420,1640188199999,7891143.34317,4284,1018.073,4071254.74452,0
1640188200000,3996.06,4001.64,3995.66,3999.97,2454.107,1640188499999,9813734.23948,4206,1536.142,6142815.00922,0
1640188500000,3999.96,4007.14,3999.80,4005.86,3245.926,1640188799999,12997448.04809,5301,2145.857,8592098.61989,0
1640188800000,4005.69,4007.69,3998.03,3998.60,4853.652,1640189099999,19433273.90878,7626,1788.318,7161723.53039,0
1640189100000,3998.59,4028.50,3993.73,4023.01,15516.485,1640189399999,62271393.73227,20224,10768.816,43222776.57736,0
1640189400000,4023.01,4033.65,4023.01,4026.83,13751.240,1640189699999,55387109.29853,17677,6783.838,27326272.99327,0
1640189700000,4026.84,4029.00,4012.42,4016.23,9139.045,1640189999999,36740906.28608,10260,3721.704,14965922.58760,0
1640190000000,4016.24,4018.22,4007.93,4010.23,3600.730,1640190299999,14445209.46700,6995,1747.678,7011854.59253,0
1640190300000,4009.99,4017.43,4007.93,4015.26,2958.722,1640190599999,11873294.46584,5518,1705.132,6843742.14787,0
1640190600000,4015.26,4019.80,4009.21,4016.72,4595.510,1640190899999,18448496.24261,5849,2223.390,8927821.62448,0
1640190900000,4016.71,4020.19,4012.29,4017.44,1863.917,1640191199999,7487518.48491,4670,1122.743,4510470.07683,0
1640191200000,4017.44,4019.40,4010.70,4013.11,1721.598,1640191499999,6910880.40816,4187,707.917,2841783.63632,0
1640191500000,4013.08,4013.64,4001.60,4001.95,4617.004,1640191799999,18495469.55643,6212,1237.447,4957546.73472,0
1640191800000,4001.95,4008.71,4001.95,4006.38,1900.002,1640192099999,7610193.89880,3954,1233.080,4938669.89629,0
1640192100000,4006.38,4009.91,4005.16,4007.13,1413.774,1640192399999,5665781.71613,3118,788.050,3158246.13009,0
1640192400000,4007.13,4014.66,4006.39,4012.66,2295.234,1640192699999,9204478.35826,4637,1428.395,5728312.98881,0
1640192700000,4012.65,4012.65,4005.05,4005.05,2273.151,1640192999999,9110461.80506,4066,940.879,3771088.68010,0
1640193000000,4005.05,4005.06,3995.66,3999.58,3459.228,1640193299999,13834530.78654,6512,1177.938,4710648.58237,0
1640193300000,3999.58,4004.23,3997.65,4000.00,2641.154,1640193599999,10567815.40046,4157,1283.003,5133587.64847,0
1640193600000,3999.99,4005.35,3998.83,4000.01,1963.936,1640193899999,7859480.09039,3371,1212.279,4851176.61777,0
1640193900000,4000.00,4000.66,3991.00,3992.55,3765.063,1640194199999,15037959.87780,5889,894.185,3571206.99022,0
1640194200000,3992.56,3994.87,3988.14,3992.49,2683.801,1640194499999,10712743.64619,5096,1289.216,5145976.87962,0
1640194500000,3992.48,3994.09,3981.63,3985.77,4792.398,1640194799999,19108269.79548,6619,1551.768,6188727.89323,0
1640194800000,3985.76,3985.99,3975.25,3975.49,6245.910,1640195099999,24856424.30753,8858,2449.009,9746914.92245,0
1640195100000,3975.49,3982.99,3975.00,3979.10,3516.837,1640195399999,13991423.18943,6489,2124.981,8454597.56100,0
1640195400000,3979.21,3986.95,3979.20,3983.60,2529.443,1640195699999,10079590.57907,4184,1290.614,5142326.41184,0
1640195700000,3983.59,3985.99,3980.00,3980.32,1173.486,1640195999999,4675079.51286,3079,550.615,2193760.45695,0
1640196000000,3980.32,3990.08,3977.06,3988.98,3861.035,1640196299999,15384311.80869,6182,2504.945,9983515.91564,0
1640196300000,3988.97,3990.26,3983.40,3988.73,2065.596,1640196599999,8237526.38799,4072,988.649,3942982.20745,0
1640196600000,3988.72,3989.69,3985.03,3986.17,1600.448,1640196899999,6380670.94589,3055,503.333,2006766.12724,0
1640196900000,3986.18,3989.28,3982.27,3986.38,2416.893,1640197199999,9634612.89209,3431,1457.617,5810685.72543,0
1640197200000,3986.45,3992.89,3985.14,3989.33,1807.059,1640197499999,7209953.24211,3450,1129.310,4506054.76075,0
1640197500000,3989.33,3991.78,3985.77,3988.05,1113.285,1640197799999,4440830.65771,2719,421.119,1680095.48867,0
1640197800000,3988.05,3990.28,3986.56,3988.97,710.993,1640198099999,2835711.81257,2647,379.538,1513748.51951,0
1640198100000,3989.24,3989.34,3960.00,3965.60,9805.915,1640198399999,38927117.86565,12430,3112.505,12353626.70058,0
1640198400000,3965.59,3966.97,3954.00,3964.83,9814.958,1640198699999,38882118.86107,11653,4922.755,19504157.29672,0
1640198700000,3964.83,3973.00,3962.43,3969.13,4124.596,1640198999999,16372798.35976,6491,2254.945,8952235.52006,0
1640199000000,3969.12,3985.77,3966.77,3978.42,5045.504,1640199299999,20070025.63894,7594,3344.454,13303160.99080,0
1640199300000,3978.41,3980.62,3970.60,3979.83,3749.317,1640199599999,14901482.81333,5427,2284.494,9080349.51901,0
1640199600000,3979.83,3980.23,3971.52,3976.10,2273.120,1640199899999,9035321.92820,4291,943.225,3749142.17224,0
1640199900000,3976.09,3977.60,3972.41,3975.60,1128.392,1640200199999,4485859.38958,3201,611.222,2429968.19886,0
1640200200000,3975.50,3982.86,3975.11,3982.35,1570.828,1640200499999,6250697.74309,3591,961.634,3826809.08107,0
1640200500000,3982.35,3986.16,3979.09,3984.95,1306.625,1640200799999,5204404.80014,3377,769.183,3063903.61831,0
1640200800000,3984.95,3986.00,3981.24,3983.38,1123.916,1640201099999,4477532.19427,2778,577.164,2299406.98231,0
1640201100000,3983.37,3987.35,3979.83,3982.93,1325.982,1640201399999,5281654.08509,3254,524.114,2088215.78033,0
1640201400000,3982.61,3987.77,3982.01,3984.56,1597.662,1640201699999,6368311.57317,3218,938.612,3741560.07293,0
1640201700000,3984.57,3988.93,3984.48,3988.53,1098.242,1640201999999,4379079.42080,3597,628.510,2506039.11273,0
1640202000000,3988.53,3996.51,3987.20,3995.55,3121.493,1640202299999,12465693.76991,6555,2230.143,8905339.04599,0
1640202300000,3995.54,3997.02,3986.16,3988.92,2843.845,1640202599999,11354536.21741,4969,806.440,3220715.56545,0
1640202600000,3988.92,3996.00,3987.35,3995.27,1439.944,1640202899999,5748541.99913,4077,925.968,3696562.96847,0
1640202900000,3995.27,3998.57,3991.77,3995.79,2896.376,1640203199999,11572626.04984,4498,1522.033,6081869.96628,0
1640203200000,3995.97,3996.85,3992.15,3996.30,1570.866,1640203499999,6273979.05480,3396,739.059,2951775.95581,0
1640203500000,3996.30,4000.41,3993.68,4000.30,1728.014,1640203799999,6907845.42601,4019,1270.108,5077834.00787,0
1640203800000,3999.94,4004.92,3996.58,4003.56,1836.342,1640204099999,7348112.35212,4680,1232.735,4933178.01536,0
1640204100000,4003.56,4003.56,3994.10,3995.18,2438.995,1640204399999,9752905.66083,4369,772.954,3091337.92397,0
1640204400000,3995.19,3997.38,3993.02,3994.68,1247.160,1640204699999,4982574.41074,2980,640.041,2557232.46527,0
1640204700000,3994.69,3997.05,3989.34,3991.04,1938.426,1640204999999,7741066.71610,3666,392.868,1569452.46869,0
1640205000000,3991.04,3993.67,3987.08,3990.25,2016.189,1640205299999,8044266.71139,3842,786.290,3137306.52590,0
1640205300000,3990.25,3993.82,3988.62,3992.67,1023.260,1640205599999,4083471.40360,2740,528.145,2107689.47422,0
1640205600000,3992.66,3994.08,3988.31,3994.07,1473.595,1640205899999,5881520.58458,3200,838.697,3347469.92627,0
1640205900000,3994.07,3998.34,3992.50,3996.67,1608.690,1640206199999,6428740.93693,3436,887.674,3547418.37138,0
1640206200000,3996.68,4008.33,3995.67,4004.38,3411.662,1640206499999,13656795.74268,7014,2167.815,8678129.35305,0
1640206500000,4004.39,4012.98,3995.34,4003.58,5078.999,1640206799999,20333890.79423,8692,2309.347,9246872.96928,0
1640206800000,4003.98,4007.93,3998.03,4007.89,2865.814,1640207099999,11473707.79477,4978,1987.753,7958804.09164,0
1640207100000,4007.89,4007.89,3997.72,4000.41,2273.791,1640207399999,9097765.76710,4374,864.957,3461165.46602,0
1640207400000,4000.41,4005.16,3998.43,4003.85,2163.510,1640207699999,8657108.53506,3515,966.309,3867795.79325,0
1640207700000,4003.76,4014.81,4001.89,4009.61,3810.759,1640207999999,15277764.88533,6320,2052.755,8229628.84195,0
1640208000000,4009.61,4015.71,4007.53,4013.41,2022.858,1640208299999,8117149.54703,5152,1191.999,4783337.69156,0
1640208300000,4013.45,4018.62,4011.52,4017.03,2761.203,1640208599999,11089396.73636,5627,1822.342,7319026.61215,0
1640208600000,4017.03,4017.04,4009.91,4013.97,2007.391,1640208899999,8057091.95506,3859,630.700,2531448.14098,0
1640208900000,4013.97,4016.23,4011.75,4014.71,1106.730,1640209199999,4442744.39409,3229,564.335,2265495.55400,0
1640209200000,4014.72,4016.22,4009.26,4015.14,2821.666,1640209499999,11320443.98712,4483,910.069,3651460.64499,0
1640209500000,4015.15,4017.82,4012.29,4015.21,1681.972,1640209799999,6753697.09835,3297,782.768,3143169.37704,0
1640209800000,4015.21,4017.52,4012.30,4015.85,1261.663,1640210099999,5066080.39566,3222,808.410,3246125.87712,0
1640210100000,4015.85,4017.43,4011.29,4011.48,1124.268,1640210399999,4513310.31144,3059,337.024,1353333.30139,0
1640210400000,4011.49,4016.88,4010.70,4013.08,1565.166,1640210699999,6283408.74375,3593,553.206,2220464.33765,0
1640210700000,4013.07,4013.08,4005.35,4006.23,2170.970,1640210999999,8702799.94051,3930,680.274,2726904.90397,0
1640211000000,4006.24,4007.44,3995.13,3998.11,5270.752,1640211299999,21080368.16542,7015,1609.686,6438217.28856,0
1640211300000,3998.11,4000.87,3996.86,3996.86,1721.022,1640211599999,6882509.37204,4057,1072.444,4289155.82202,0
1640211600000,3996.86,3997.37,3990.12,3993.99,4167.249,1640211899999,16639770.01899,6053,1420.531,5672161.07326,0
1640211900000,3994.04,3995.20,3991.00,3992.89,1697.826,1640212199999,6780171.45709,3664,1094.513,4371091.74969,0
1640212200000,3992.90,3995.43,3991.79,3994.79,1099.503,1640212499999,4390681.84040,3186,716.998,2863374.29362,0
1640212500000,3994.80,3996.42,3993.81,3995.28,919.110,1640212799999,3672076.41049,2673,552.065,2205709.71548,0
1640212800000,3995.28,3997.64,3995.28,3997.00,747.265,1640213099999,2986413.22679,2473,488.261,1951377.20109,0
1640213100000,3997.00,4001.40,3996.48,3999.63,1614.954,1640213399999,6459193.07382,3177,851.443,3405374.81360,0
1640213400000,3999.63,4007.38,3998.40,3998.83,2391.053,1640213699999,9571107.73657,3930,1374.866,5503360.78134,0
1640213700000,3998.83,4001.59,3996.99,3999.21,1251.147,1640213999999,5002941.08716,3059,521.303,2084565.46535,0
1640214000000,3999.22,4001.60,3987.75,3990.63,3543.496,1640214299999,14151322.16995,5390,1230.753,4915793.65638,0
1640214300000,3990.62,3993.68,3989.13,3991.31,1312.627,1640214599999,5238893.04290,3480,639.812,2553512.60510,0
1640214600000,3991.31,3993.29,3981.81,3982.60,3812.358,1640214899999,15192959.82294,5903,1678.075,6688417.35308,0
1640214900000,3982.61,3985.67,3976.01,3978.68,4702.019,1640215199999,18714918.07514,6834,2302.949,9166473.86561,0
1640215200000,3978.45,3983.39,3972.49,3982.94,3544.256,1640215499999,14096574.59180,6169,1931.836,7685029.96888,0
1640215500000,3982.94,3991.70,3982.92,3991.00,4007.906,1640215799999,15983574.10182,6016,2653.644,10581901.38117,0
1640215800000,3991.00,3991.61,3982.60,3987.44,2644.472,1640216099999,10543576.72385,3851,1183.487,4718270.72745,0
1640216100000,3987.44,3988.80,3981.81,3981.82,1264.459,1640216399999,5039983.99629,3024,500.876,1996535.47273,0
1640216400000,3981.81,3981.90,3973.32,3973.33,2902.461,1640216699999,11542433.22025,4294,851.699,3386553.04234,0
1640216700000,3973.34,3986.56,3973.11,3981.02,3096.681,1640216999999,12327381.75441,4764,2061.622,8206106.35090,0
1640217000000,3981.02,3985.76,3978.25,3979.39,1716.353,1640217299999,6834692.39278,3338,785.169,3127060.52215,0
1640217300000,3979.39,3984.18,3975.39,3978.62,3160.822,1640217599999,12575579.62611,4118,1741.117,6927061.78380,0
1640217600000,3978.63,3985.99,3978.33,3980.60,4118.626,1640217899999,16403194.01437,5788,2302.780,9171997.47146,0
1640217900000,3980.61,3980.76,3941.80,3947.17,31701.429,1640218199999,125482603.48291,31014,10781.344,42660965.92412,0
1640218200000,3946.77,3949.76,3937.00,3949.05,13100.580,1640218499999,51666009.90170,16882,5580.199,22011122.47186,0
1640218500000,3949.18,3954.90,3925.00,3928.65,25882.301,1640218799999,101889597.95941,28660,9856.988,38802417.89887,0
1640218800000,3928.66,3930.37,3906.79,3911.66,21847.577,1640219099999,85644323.57452,29869,8852.330,34713699.15806,0
1640219100000,3911.66,3926.01,3910.60,3919.19,8908.601,1640219399999,34907478.09987,11120,4996.987,19582495.60913,0
1640219400000,3919.19,3924.43,3908.20,3923.48,9447.433,1640219699999,36987357.30800,11611,5589.650,21890140.68492,0
1640219700000,3923.11,3925.00,3913.65,3925.00,5159.067,1640219999999,20224120.36695,7222,2579.174,10112243.06300,0
1640220000000,3925.00,3940.26,3924.03,3937.72,9048.719,1640220299999,35601017.60249,10417,5593.969,22007036.63273,0
1640220300000,3937.72,3941.84,3935.78,3939.43,4706.930,1640220599999,18541114.42511,7482,2714.055,10691276.70346,0
1640220600000,3939.44,3942.00,3933.53,3939.66,3405.020,1640220899999,13409414.12270,5548,1820.177,7168729.76267,0
1640220900000,3939.67,3940.65,3930.71,3937.94,3950.513,1640221199999,15543836.70946,5235,1520.670,5984293.75938,0
1640221200000,3937.95,3938.68,3929.06,3937.03,3901.825,1640221499999,15347922.73431,6152,1655.070,6510061.78379,0
1640221500000,3937.03,3949.00,3934.72,3945.72,4490.595,1640221799999,17713328.58945,6815,2834.375,11179551.21217,0
1640221800000,3945.72,3947.44,3940.29,3941.98,2471.843,1640222099999,9748256.85088,4504,1418.108,5592891.86489,0
1640222100000,3941.85,3947.14,3935.30,3938.03,3499.596,1640222399999,13793545.17237,5448,1730.487,6822074.89257,0
1640222400000,3938.04,3938.38,3924.30,3935.05,7045.507,1640222699999,27688138.03533,7919,2725.873,10710535.51462,0
1640222700000,3935.05,3945.82,3931.84,3944.63,3170.268,1640222999999,12494155.83186,5165,1902.057,7496047.12742,0
1640223000000,3944.63,3950.16,3944.23,3948.07,3831.587,1640223299999,15128148.32538,5819,2359.943,9317623.83672,0
1640223300000,3948.06,3950.00,3943.00,3945.40,2790.536,1640223599999,11015468.82912,4362,1367.687,5399309.11809,0
1640223600000,3945.87,3948.20,3940.32,3947.39,2561.655,1640223899999,10102198.89075,3801,990.416,3906830.90607,0
1640223900000,3947.39,3951.47,3946.48,3949.63,2469.466,1640224199999,9752485.64933,4286,1410.560,5570672.81824,0
1640224200000,3949.63,3953.06,3948.00,3950.69,4007.671,1640224499999,15834276.82253,5353,1849.792,7308933.77436,0
1640224500000,3950.69,3954.64,3949.01,3952.74,2696.286,1640224799999,10657490.23986,5217,1343.001,5308615.59087,0
1640224800000,3952.72,3952.73,3943.23,3948.46,4071.920,1640225099999,16071929.88874,7930,1762.856,6957721.47078,0
1640225100000,3948.47,3985.00,3946.93,3983.85,17717.093,1640225399999,70330340.07265,18201,12554.548,49828222.22339,0
1640225400000,3983.85,4004.34,3983.00,3992.91,25596.671,1640225699999,102212719.19993,24972,13325.109,53211566.98643,0
1640225700000,3992.91,4003.84,3984.64,3985.46,10761.749,1640225999999,42977385.09460,11847,4704.379,18791875.28847,0
1640226000000,3985.47,3986.62,3981.72,3986.01,4708.446,1640226299999,18762194.43536,6063,2343.326,9338117.46981,0
1640226300000,3986.00,3990.00,3983.24,3987.84,2552.591,1640226599999,10175502.39840,4751,1442.933,5752335.25448,0
1640226600000,3987.84,3995.95,3985.10,3990.66,5634.171,1640226899999,22482091.60126,6460,2938.014,11724173.03981,0
1640226900000,3990.67,3991.53,3985.19,3988.86,2124.409,1640227199999,8471111.04833,3604,975.500,3889642.55513,0
1640227200000,3988.86,3988.86,3981.07,3981.11,2581.433,1640227499999,10286587.54349,3807,741.048,2953369.00243,0
1640227500000,3981.11,3988.51,3973.44,3975.07,5611.049,1640227799999,22331090.57271,6243,2507.637,9979696.13489,0
1640227800000,3975.06,3977.00,3968.86,3973.75,7398.741,1640228099999,29396857.24273,7064,3636.110,14447236.38948,0
1640228100000,3973.74,3973.74,3960.00,3964.36,8485.532,1640228399999,33658780.06658,7753,2192.658,8698248.51121,0
1640228400000,3964.37,3969.00,3956.51,3956.52,4244.923,1640228699999,16819792.43491,5999,1577.512,6253094.51873,0
1640228700000,3956.52,3963.28,3956.11,3958.30,3407.993,1640228999999,13491695.59925,4625,1388.347,5496782.10421,0
1640229000000,3958.30,3958.31,3948.00,3948.95,6328.295,1640229299999,25015569.67037,7863,1690.137,6682930.12747,0
1640229300000,3948.95,3950.00,3933.00,3940.44,10799.781,1640229599999,42573941.78922,13391,4516.722,17805630.67673,0
1640229600000,3940.44,3951.33,3937.04,3949.73,5601.483,1640229899999,22100919.36140,6331,3731.487,14724619.12698,0
1640229900000,3949.72,3954.65,3945.10,3954.12,2982.937,1640230199999,11782077.82329,5579,1743.132,6885699.37665,0
1640230200000,3954.11,3955.88,3951.23,3955.46,2325.289,1640230499999,9193823.33196,5241,1270.342,5022652.11336,0
1640230500000,3955.61,3962.00,3955.47,3959.92,4422.275,1640230799999,17510209.65549,6864,2411.208,9547283.31921,0
1640230800000,3959.84,3961.99,3954.12,3954.54,2577.246,1640231099999,10201099.43923,5409,927.827,3673198.98208,0
1640231100000,3954.60,3961.29,3953.72,3961.23,2302.035,1640231399999,9109859.14465,5669,1304.106,5161271.32647,0
1640231400000,3961.28,3965.27,3960.17,3962.89,3262.911,1640231699999,12928547.66205,5913,1709.701,6774648.95265,0
1640231700000,3962.90,3965.52,3959.44,3959.44,2172.379,1640231999999,8609773.70556,5015,959.623,3803645.71400,0
1640232000000,3959.45,3962.88,3955.82,3961.54,4036.477,1640232299999,15978503.13860,5805,2063.702,8169541.79846,0
1640232300000,3961.43,3963.95,3956.29,3956.29,2011.970,1640232599999,7969380.71682,5029,919.716,3643530.93829,0
1640232600000,3956.43,3958.87,3952.92,3954.75,3946.899,1640232899999,15612233.79462,5740,2365.872,9358771.64805,0
1640232900000,3955.00,3960.35,3954.11,3960.00,3376.159,1640233199999,13357098.83020,5322,2221.966,8790611.89901,0
1640233200000,3960.35,3964.08,3959.04,3964.08,1798.421,1640233499999,7124897.75401,4944,942.250,3733073.34579,0
1640233500000,3964.07,3971.24,3960.70,3967.90,3275.323,1640233799999,12995012.00079,6687,1952.486,7747545.73356,0
1640233800000,3967.89,3969.82,3962.42,3964.35,1842.578,1640234099999,7307941.53187,5288,683.413,2710877.55547,0
1640234100000,3964.36,3967.81,3962.85,3965.11,1616.450,1640234399999,6409602.70194,4978,821.402,3257102.25830,0
1640234400000,3965.46,3966.85,3961.00,3965.00,2351.762,1640234699999,9321809.41187,4989,1320.421,5233725.43587,0
1640234700000,3965.12,3965.50,3957.70,3958.69,2088.814,1640234999999,8273218.41621,5445,820.503,3249969.34763,0
1640235000000,3958.70,3959.08,3950.00,3951.32,4122.664,1640235299999,16298073.86675,7110,1341.582,5303238.75403,0
1640235300000,3951.49,3952.06,3942.96,3947.78,4707.180,1640235599999,18579404.05413,7718,1832.217,7231551.03406,0
1640235600000,3947.78,3956.79,3947.43,3955.70,2208.133,1640235899999,8726550.71807,5974,1071.003,4232725.11455,0
1640235900000,3955.71,3962.88,3955.28,3960.60,2248.867,1640236199999,8904377.27298,5318,1222.013,4838068.18079,0
1640236200000,3960.60,3963.68,3957.02,3960.25,2177.101,1640236499999,8623632.92596,4705,1161.856,4602211.67473,0
1640236500000,3960.50,3962.70,3951.72,3952.51,3164.741,1640236799999,12523902.40134,5411,1175.357,4651344.61032,0
1640236800000,3952.51,3955.00,3947.75,3951.62,2428.499,1640237099999,9595236.08671,5788,1072.451,4237257.61267,0
1640237100000,3951.62,3955.71,3946.63,3954.37,3364.123,1640237399999,13292184.88770,6033,1681.334,6644464.73371,0
1640237400000,3954.35,3958.62,3952.12,3952.71,1694.023,1640237699999,6702656.26281,4550,888.892,3517057.66444,0
1640237700000,3952.52,3953.72,3947.01,3948.15,2808.460,1640237999999,11092451.27902,5673,1333.119,5265275.14780,0
1640238000000,3948.15,3951.94,3940.78,3942.00,3532.925,1640238299999,13937577.43260,6626,1283.276,5062078.78952,0
1640238300000,3941.87,3947.00,3940.33,3942.12,2202.669,1640238599999,8685521.16504,5754,1069.963,4219143.24580,0
1640238600000,3941.86,3948.54,3940.57,3945.09,1768.581,1640238899999,6977003.48760,4894,948.710,3742912.08570,0
1640238900000,3945.08,3949.33,3943.00,3944.96,2443.541,1640239199999,9643326.51247,5142,1490.089,5880583.85018,0
1640239200000,3944.93,3944.96,3935.39,3944.55,4493.968,1640239499999,17703426.29019,8432,2054.684,8094856.50902,0
1640239500000,3944.54,3948.13,3940.60,3945.61,2077.358,1640239799999,8194860.26972,5731,1215.041,4793226.44663,0
1640239800000,3945.48,3956.70,3944.50,3953.99,3909.740,1640240099999,15450737.69303,6893,2442.412,9652480.54657,0
1640240100000,3953.99,3960.49,3952.12,3958.52,4091.846,1640240399999,16191301.65314,7199,2285.809,9045069.42998,0
1640240400000,3958.52,3959.37,3955.00,3955.57,1658.235,1640240699999,6561496.97209,5224,603.989,2390011.74653,0
1640240700000,3955.62,3957.70,3952.38,3953.49,1898.453,1640240999999,7507896.18915,5324,957.975,3788719.82602,0
1640241000000,3953.49,3954.10,3946.55,3949.72,2241.511,1640241299999,8852408.91377,5603,1104.141,4360190.18741,0
1640241300000,3949.77,3956.34,3948.25,3953.30,2095.973,1640241599999,8286654.86181,5136,1252.224,4951044.44987,0
1640241600000,3953.29,3953.66,3942.56,3945.33,2726.413,1640241899999,10759116.70033,5228,914.711,3609609.13293,0
1640241900000,3945.33,3950.32,3943.36,3948.37,1401.548,1640242199999,5532528.74813,4492,671.116,2649233.51047,0
1640242200000,3948.38,3951.72,3945.35,3950.93,1455.257,1640242499999,5746388.61816,4289,777.983,3072191.83031,0
1640242500000,3950.93,3960.85,3948.32,3958.90,4583.277,1640242799999,18131775.77025,7137,2701.238,10684876.35464,0
1640242800000,3958.90,3962.08,3953.32,3953.50,3394.155,1640243099999,13434678.96189,6467,1679.161,6647874.74832,0
1640243100000,3953.50,3960.58,3953.50,3956.39,1812.730,1640243399999,7174756.64003,4685,897.475,3552578.54159,0
1640243400000,3956.40,3959.69,3953.88,3956.83,1315.744,1640243699999,5205699.49584,4634,634.201,2509450.26851,0
1640243700000,3956.85,3957.30,3952.12,3956.81,1672.823,1640243999999,6613876.58115,4633,532.891,2107203.87398,0
1640244000000,3956.82,3959.00,3954.22,3957.64,1368.709,1640244299999,5416209.81779,4312,570.439,2257268.43235,0
1640244300000,3957.65,3960.60,3955.64,3960.11,1999.569,1640244599999,7914854.90459,4562,1170.306,4632809.66224,0
1640244600000,3960.12,3960.28,3945.00,3945.28,3428.816,1640244899999,13548182.87744,6056,1255.755,4961119.20524,0
1640244900000,3945.16,3948.96,3942.16,3943.27,3414.977,1640245199999,13472545.90778,6595,1741.734,6871410.48753,0
1640245200000,3943.47,3947.22,3938.59,3944.94,4256.921,1640245499999,16783737.04235,7450,2191.900,8642878.71294,0
1640245500000,3944.95,3945.99,3923.74,3930.06,13903.978,1640245799999,54639892.74341,17684,5489.479,21564602.15191,0
1640245800000,3930.05,3931.01,3917.53,3920.75,9508.856,1640246099999,37305483.41496,13977,3141.405,12325477.60742,0
1640246100000,3920.75,3921.89,3896.26,3909.65,27573.835,1640246399999,107789997.14991,31545,11155.851,43619532.70186,0
1640246400000,3909.85,3912.12,3888.87,3898.16,27601.822,1640246699999,107678991.06574,32404,13580.005,52983734.98047,0
1640246700000,3898.11,3909.89,3892.00,3909.10,12120.413,1640246999999,47283680.10894,18849,7405.261,28891821.07204,0
1640247000000,3909.09,3917.00,3905.97,3916.66,5753.914,1640247299999,22509877.93057,11348,3599.298,14080829.30955,0
1640247300000,3916.66,3925.43,3911.88,3912.19,9872.499,1640247599999,38706631.92975,14372,5526.902,21672029.31248,0
1640247600000,3912.20,3921.00,3911.09,3918.31,2916.548,1640247899999,11422504.19010,8064,1606.453,6291655.78653,0
1640247900000,3918.59,3923.44,3916.67,3921.66,3004.438,1640248199999,11781034.41430,7486,1627.483,6381939.62213,0
1640248200000,3921.81,3929.41,3920.53,3927.20,4722.787,1640248499999,18540112.42757,8990,2739.546,10755468.80947,0
1640248500000,3927.19,3929.81,3921.71,3927.63,3036.470,1640248799999,11919286.90754,7188,1332.837,5231977.17514,0
1640248800000,3927.63,3931.00,3920.65,3928.97,4285.640,1640249099999,16827396.60433,8278,2199.135,8635711.97716,0
1640249100000,3928.97,3931.80,3925.50,3929.85,3009.250,1640249399999,11823635.28282,6827,1655.292,6504263.78856,0
1640249400000,3929.81,3930.99,3925.01,3929.02,2271.437,1640249699999,8922764.97844,5930,966.601,3797158.45931,0
1640249700000,3929.02,3930.47,3922.58,3928.26,2188.352,1640249999999,8591200.27581,5883,1109.496,4356036.56454,0
1640250000000,3928.26,3930.21,3918.66,3922.27,3444.570,1640250299999,13518447.99713,7623,1348.714,5294679.95040,0
1640250300000,3922.27,3926.63,3916.27,3923.44,2937.764,1640250599999,11517501.92592,7035,1371.147,5377092.82986,0
1640250600000,3923.45,3926.00,3922.69,3924.89,1483.682,1640250899999,5822814.07711,5749,874.759,3433173.86005,0
1640250900000,3924.92,3926.55,3920.53,3924.61,1726.586,1640251199999,6774420.72191,7335,753.952,2958584.23504,0
1640251200000,3924.62,3926.89,3911.49,3921.66,6468.370,1640251499999,25352025.44278,11652,3384.123,13266290.76134,0
1640251500000,3921.65,3922.34,3918.00,3919.06,1629.692,1640251799999,6388337.58053,5893,738.130,2893676.17553,0
1640251800000,3919.07,3919.37,3897.28,3904.42,12794.215,1640252099999,49985307.69901,13972,3636.103,14210191.47869,0
1640252100000,3904.44,3916.47,3904.22,3915.26,4207.052,1640252399999,16456256.90925,8566,2771.884,10843539.99452,0
1640252400000,3915.27,3922.87,3914.74,3922.87,3566.514,1640252699999,13978684.96457,7133,1949.612,7641955.66321,0
1640252700000,3922.78,3923.87,3914.00,3914.25,2913.958,1640252999999,11422550.00947,6293,1171.877,4594143.09635,0
1640253000000,3914.25,3923.79,3914.25,3920.66,1650.868,1640253299999,6471050.06570,5362,907.048,3555481.69193,0
1640253300000,3920.66,3932.59,3920.65,3928.62,6311.247,1640253599999,24794024.31510,8220,3057.412,12009553.97981,0
1640253600000,3928.62,3934.59,3927.02,3930.80,4969.011,1640253899999,19532591.41026,8238,2303.222,9055210.72411,0
1640253900000,3930.80,3934.20,3928.00,3930.91,3187.858,1640254199999,12532764.79840,6991,1903.813,7485147.35235,0
1640254200000,3930.84,3934.00,3917.26,3919.90,4052.253,1640254499999,15904281.50653,7547,1335.539,5242931.36917,0
1640254500000,3919.90,3923.52,3913.08,3919.80,3499.949,1640254799999,13713465.89187,6606,1791.277,7019904.89344,0
1640254800000,3919.80,3927.42,3916.27,3927.10,2614.363,1640255099999,10251032.45587,5968,1377.804,5403099.91310,0
1640255100000,3927.28,3931.76,3925.83,3931.73,3939.258,1640255399999,15477160.63784,7305,2144.367,8425313.78024,0
1640255400000,3931.73,3932.20,3923.84,3927.28,3000.510,1640255699999,11782413.85028,6160,1077.317,4230389.66624,0
1640255700000,3927.25,3930.00,3925.12,3927.42,1284.389,1640255999999,5044804.37933,5069,684.041,2686840.84817,0
1640256000000,3927.43,3931.41,3923.84,3931.16,1584.902,1640256299999,6224547.25439,5124,829.431,3257741.91063,0
1640256300000,3931.17,3950.00,3929.83,3946.81,17544.836,1640256599999,69164071.07502,17626,10357.483,40840784.94432,0
1640256600000,3946.81,3953.32,3945.00,3948.22,8030.050,1640256899999,31711189.30833,11127,4226.113,16690434.00291,0
1640256900000,3948.22,3948.63,3937.78,3941.08,5339.542,1640257199999,21046818.51939,8221,1897.272,7478378.13222,0
1640257200000,3941.14,3946.55,3937.00,3945.10,5165.337,1640257499999,20363642.02287,9222,3125.894,12324665.00559,0
1640257500000,3945.10,3946.55,3940.43,3945.63,2523.128,1640257799999,9951071.37287,6919,1261.755,4976448.93914,0
1640257800000,3945.63,3950.00,3941.92,3942.83,3715.993,1640258099999,14664936.39429,7970,1940.058,7656947.52835,0
1640258100000,3942.84,3943.48,3931.66,3933.40,6064.034,1640258399999,23877357.77438,8870,2414.330,9506119.56013,0
1640258400000,3933.41,3936.18,3926.23,3927.58,3289.684,1640258699999,12931496.62582,7420,1633.580,6422280.31852,0
1640258700000,3927.59,3933.40,3927.35,3930.40,2197.570,1640258999999,8636635.60607,6246,1201.054,4720557.12937,0
1640259000000,3930.41,3930.41,3920.65,3921.00,4381.882,1640259299999,17197095.42944,8757,1710.116,6711689.61843,0
1640259300000,3921.00,3930.21,3920.65,3930.21,2690.602,1640259599999,10561800.90726,6545,1886.952,7407443.24219,0
1640259600000,3930.20,3932.17,3920.00,3924.20,3665.876,1640259899999,14395165.48764,7447,1321.343,5188449.59308,0
1640259900000,3924.21,3941.27,3923.56,3936.42,4865.846,1640260199999,19151926.43046,8966,3210.630,12636011.53953,0
1640260200000,3936.41,3941.76,3933.00,3934.66,3234.966,1640260499999,12736318.35048,6552,1273.689,5014987.15204,0
1640260500000,3934.66,3939.35,3931.59,3932.11,2186.373,1640260799999,8605810.48845,4957,1416.108,5574447.73202,0
1640260800000,3932.10,3939.76,3931.32,3939.01,2830.578,1640261099999,11143130.43280,6508,1811.448,7131957.88466,0
1640261100000,3939.02,3941.76,3935.89,3937.79,2784.144,1640261399999,10968337.20624,6208,1548.508,6100960.85034,0
1640261400000,3937.80,3939.76,3934.14,3934.60,1261.179,1640261699999,4964838.33930,6069,572.322,2253114.20897,0
1640261700000,3934.60,3939.26,3925.83,3926.34,2599.476,1640261999999,10220846.73066,7153,1024.287,4028578.75803,0
1640262000000,3926.34,3931.35,3923.04,3926.85,2718.602,1640262299999,10674351.25742,7564,1417.929,5567942.44290,0
1640262300000,3926.85,3936.00,3925.74,3934.99,1809.739,1640262599999,7115289.52255,5918,1034.973,4069207.46629,0
1640262600000,3934.99,3939.30,3931.59,3938.57,2928.908,1640262899999,11528715.27157,6543,1498.477,5898311.19910,0
1640262900000,3938.57,3950.93,3938.57,3949.99,6977.377,1640263199999,27537135.74558,11129,4539.244,17914896.29911,0
1640263200000,3950.00,3951.58,3944.43,3950.47,4362.059,1640263499999,17226003.16893,8404,1773.426,7003418.38300,0
1640263500000,3950.47,3956.51,3947.68,3949.04,6990.400,1640263799999,27628822.69097,10521,3991.998,15780533.28227,0
1640263800000,3949.04,3949.36,3940.57,3943.89,4253.977,1640264099999,16779773.79791,6738,1420.049,5600556.42678,0
1640264100000,3943.90,3945.00,3940.00,3942.98,2096.084,1640264399999,8264550.99197,5268,1123.573,4430225.02275,0
1640264400000,3942.98,3964.47,3942.82,3956.70,8492.878,1640264699999,33595529.36652,12786,5873.309,23235525.23955,0
1640264700000,3956.70,3961.67,3952.85,3955.71,4845.074,1640264999999,19173053.27143,9688,2340.446,9262927.59492,0
1640265000000,3955.71,3955.99,3949.75,3951.96,4313.644,1640265299999,17052594.51274,8187,1692.949,6693038.25175,0
1640265300000,3952.59,3958.99,3950.91,3957.44,2472.598,1640265599999,9778345.02520,6874,1412.442,5586380.66249,0
1640265600000,3957.34,3963.68,3952.90,3959.45,3678.807,1640265899999,14562405.83662,7919,2097.354,8303780.26840,0
1640265900000,3959.22,3959.98,3953.82,3957.76,2149.249,1640266199999,8503433.31729,6235,804.899,3184684.04636,0
1640266200000,3957.88,3963.54,3953.61,3956.92,5084.838,1640266499999,20129125.93361,7961,2182.269,8640362.38849,0
1640266500000,3956.92,3959.04,3953.02,3957.30,2769.971,1640266799999,10959675.67001,6598,1661.988,6575765.26813,0
1640266800000,3957.30,3957.70,3948.00,3948.80,4495.547,1640267099999,17765802.34497,7991,1443.764,5706795.91235,0
1640267100000,3948.79,3952.17,3947.76,3949.52,2997.076,1640267399999,11837281.43828,6497,1409.049,5565506.96674,0
1640267400000,3949.87,3954.15,3949.77,3952.91,2185.004,1640267699999,8635241.85648,5696,1346.974,5323551.54562,0
1640267700000,3952.91,3953.75,3942.00,3945.46,3781.310,1640267999999,14927665.12163,7364,1811.451,7151336.42685,0
1640268000000,3945.47,3948.22,3940.01,3946.26,3479.735,1640268299999,13726218.59167,7098,1596.012,6296296.33300,0
1640268300000,3946.26,3952.17,3943.19,3951.43,2265.687,1640268599999,8945972.79595,5534,1396.652,5514958.61731,0
1640268600000,3951.69,3953.36,3949.53,3950.94,1774.530,1640268899999,7011856.88104,5251,946.998,3742199.67228,0
1640268900000,3950.94,3952.56,3939.51,3939.52,5035.005,1640269199999,19863528.02066,7294,1290.764,5093832.82551,0
1640269200000,3939.52,3941.06,3927.25,3931.01,9448.416,1640269499999,37173905.46870,12781,3558.508,14002388.30013,0
1640269500000,3931.00,3936.35,3929.33,3935.34,4058.709,1640269799999,15964052.38296,7141,2674.500,10519866.82194,0
1640269800000,3935.16,3937.14,3928.72,3932.34,3547.249,1640270099999,13949828.50936,7088,1797.475,7069517.24383,0
1640270100000,3932.35,3942.00,3931.63,3936.49,5623.659,1640270399999,22149885.20935,7987,3639.690,14335227.11179,0
1640270400000,3936.49,3939.91,3935.95,3937.88,1957.761,1640270699999,7709315.71751,5625,1101.523,4337820.62647,0
1640270700000,3937.73,3940.65,3924.09,3925.57,7794.107,1640270999999,30628993.31540,11179,2017.277,7927021.95925,0
1640271000000,3925.69,3934.81,3924.09,3933.15,4640.472,1640271299999,18240557.79303,6962,3029.485,11909767.66391,0
1640271300000,3932.86,3939.51,3929.63,3938.37,2647.470,1640271599999,10418058.39306,5341,1574.960,6198595.52337,0
1640271600000,3938.38,3943.08,3935.96,3937.08,3594.588,1640271899999,14164145.69645,6593,1856.313,7314868.31391,0
1640271900000,3937.08,3940.30,3936.35,3938.33,1722.118,1640272199999,6782296.08650,5380,899.489,3542639.97418,0
1640272200000,3938.33,3950.59,3937.08,3947.77,6131.191,1640272499999,24188983.92061,8992,3925.098,15486377.67316,0
1640272500000,3947.78,3953.00,3943.94,3952.79,3588.472,1640272799999,14172704.59952,7728,1760.342,6952453.72811,0
1640272800000,3952.79,3954.85,3950.99,3954.53,2734.679,1640273099999,10810345.11132,6794,1463.048,5783799.37403,0
1640273100000,3954.54,3954.85,3949.54,3950.92,1921.888,1640273399999,7596097.23731,6312,884.074,3494285.39728,0
1640273400000,3950.82,3954.55,3949.40,3949.45,1838.643,1640273699999,7266065.48657,6201,837.377,3309405.05129,0
1640273700000,3949.45,3949.65,3945.45,3947.00,2325.001,1640273999999,9177215.53761,5513,953.020,3761965.69563,0
1640274000000,3947.00,3947.51,3943.34,3944.00,2150.577,1640274299999,8484047.49487,5319,834.417,3291935.12210,0
1640274300000,3944.00,3944.66,3940.52,3942.93,1813.834,1640274599999,7150353.01584,5579,816.308,3218054.04452,0
1640274600000,3942.68,3950.53,3942.42,3947.27,2402.762,1640274899999,9485168.13142,5660,1464.721,5781611.57368,0
1640274900000,3947.27,3951.00,3946.24,3948.30,2033.340,1640275199999,8029928.16790,5175,1208.831,4773991.71331,0
1640275200000,3948.30,3962.73,3946.67,3959.81,9098.437,1640275499999,35990881.29285,13720,5886.447,23286238.43448,0
1640275500000,3959.82,3970.74,3959.37,3963.60,11206.287,1640275799999,44438453.81890,15070,6837.961,27116133.08399,0
1640275800000,3963.60,3965.89,3955.86,3955.87,5180.093,1640276099999,20521057.90184,9053,1572.118,6229935.09378,0
1640276100000,3956.30,3965.57,3955.73,3964.47,4820.178,1640276399999,19097599.75438,7618,3350.790,13276798.12530,0
1640276400000,3964.43,3964.83,3951.78,3953.37,4849.246,1640276699999,19182523.71989,9746,1819.740,7198262.09350,0
1640276700000,3953.34,3955.60,3950.59,3951.46,3021.633,1640276999999,11944133.90945,7012,1373.127,5428200.49770,0
1640277000000,3951.46,3954.05,3944.00,3944.99,3737.076,1640277299999,14755756.16332,7726,1205.486,4760530.50911,0
1640277300000,3944.99,3952.57,3944.26,3952.56,4506.112,1640277599999,17791297.49503,6937,2535.801,10011783.22843,0
1640277600000,3952.57,3966.81,3952.56,3965.66,6696.276,1640277899999,26514411.71557,8732,4538.760,17971656.49952,0
1640277900000,3965.87,3981.00,3965.61,3972.51,13619.749,1640278199999,54148114.32452,16975,8084.537,32142037.52531,0
1640278200000,3972.39,3984.60,3971.45,3982.22,6801.961,1640278499999,27058338.24200,10105,4097.751,16303877.62090,0
1640278500000,3982.56,3989.84,3980.00,3983.45,8451.447,1640278799999,33683364.71180,12251,4194.135,16717716.33490,0
1640278800000,3983.46,3992.00,3982.23,3983.81,8830.354,1640279099999,35209259.14601,11120,4047.218,16140411.79400,0
1640279100000,3983.81,3994.99,3983.39,3993.88,5735.502,1640279399999,22882711.50441,9356,3034.284,12108266.62111,0
1640279400000,3993.87,3994.99,3988.91,3989.80,5358.120,1640279699999,21389088.44039,9063,2187.606,8733364.76822,0
1640279700000,3989.80,3994.99,3986.99,3987.10,4433.787,1640279999999,17695425.74890,8823,1888.051,7536402.22400,0
1640280000000,3987.02,3996.00,3987.02,3994.22,5804.016,1640280299999,23167640.42091,8392,3323.500,13268169.01116,0
1640280300000,3994.23,3999.95,3993.00,3994.43,8418.643,1640280599999,33649106.15858,10679,4110.286,16428388.16709,0
1640280600000,3994.49,4016.44,3991.33,4001.72,18525.041,1640280899999,74199060.99447,23066,10713.460,42919955.61448,0
1640280900000,4001.71,4013.08,4001.34,4010.98,7556.205,1640281199999,30278195.68600,11182,3980.529,15950900.02291,0
1640281200000,4010.99,4024.07,4010.50,4014.60,12188.111,1640281499999,48966947.31567,17687,6401.443,25722766.52048,0
1640281500000,4014.61,4040.78,4013.37,4036.11,22974.431,1640281799999,92559081.19033,26436,13039.378,52539030.97044,0
1640281800000,4036.12,4047.00,4030.01,4045.33,15928.314,1640282099999,64316636.99957,21074,8586.093,34670966.53766,0
1640282100000,4045.48,4047.00,4037.49,4042.00,7514.872,1640282399999,30381974.91360,13205,3341.961,13511568.56237,0
1640282400000,4042.13,4086.19,4042.06,4065.57,41309.317,1640282699999,167959032.96504,51696,24375.170,99119610.69462,0
1640282700000,4065.71,4078.58,4052.45,4057.25,15409.427,1640282999999,62636592.33757,19806,7377.487,29987894.40623,0
1640283000000,4057.26,4072.40,4057.20,4065.95,10038.072,1640283299999,40817869.26138,13698,6312.353,25668113.09367,0
1640283300000,4065.84,4090.87,4065.70,4085.07,20385.841,1640283599999,83182090.03227,26966,11378.410,46433332.65596,0
1640283600000,4085.07,4108.00,4081.83,4086.54,27470.271,1640283899999,112406958.48835,37032,15299.967,62621504.30528,0
1640283900000,4086.55,4106.98,4086.55,4102.50,12116.988,1640284199999,49642937.22604,18708,6962.489,28527844.37627,0
1640284200000,4102.50,4104.58,4092.36,4097.68,8737.901,1640284499999,35798386.17683,16039,3827.900,15683615.43005,0
1640284500000,4097.61,4101.20,4090.27,4091.09,6410.968,1640284799999,26250614.57479,11660,2742.625,11231322.73950,0
1640284800000,4091.09,4093.86,4077.58,4080.28,14404.922,1640285099999,58842803.71519,16650,5570.722,22756913.30461,0
1640285100000,4079.86,4090.27,4073.08,4088.23,11315.186,1640285399999,46199159.77269,13843,6132.309,25041916.30814,0
1640285400000,4087.99,4092.40,4084.62,4086.78,4816.950,1640285699999,19698133.11606,8225,2934.947,12002942.77155,0
1640285700000,4086.78,4098.50,4081.01,4093.66,9011.645,1640285999999,36855781.54360,11851,4748.183,19420081.43542,0
1640286000000,4093.66,4099.99,4088.03,4092.34,5217.362,1640286299999,21362741.22378,10160,2608.449,10680810.48022,0
1640286300000,4092.35,4097.85,4088.75,4095.26,3948.714,1640286599999,16168087.68820,8322,1998.533,8183503.47068,0
1640286600000,4095.26,4111.79,4094.88,4107.76,12288.482,1640286899999,50444849.10594,17819,6912.174,28376336.72357,0
1640286900000,4107.70,4123.00,4107.29,4113.84,10547.517,1640287199999,43411507.10997,19946,5985.442,24636647.63697,0
1640287200000,4113.84,4132.19,4112.79,4123.19,11369.277,1640287499999,46885952.17958,19669,6558.256,27047473.98192,0
1640287500000,4123.19,4138.00,4122.96,4125.19,11392.894,1640287799999,47070246.00387,20805,5526.289,22834715.90501,0
1640287800000,4125.19,4138.00,4125.19,4132.09,4964.887,1640288099999,20526768.93783,10626,2489.824,10293522.85561,0
1640288100000,4132.10,4139.05,4129.82,4136.34,5540.286,1640288399999,22907960.16989,10081,2574.308,10645351.32573,0
1640288400000,4136.33,4148.48,4132.57,4142.00,11562.998,1640288699999,47860450.13745,17984,6417.057,26565293.98829,0
1640288700000,4141.99,4153.71,4138.55,4145.70,10965.469,1640288999999,45467760.52166,17696,6269.143,26000373.68242,0
1640289000000,4145.70,4146.90,4129.11,4136.94,9665.621,1640289299999,39978100.55284,15558,3670.950,15182393.44786,0
1640289300000,4136.92,4145.63,4130.93,4133.89,6109.656,1640289599999,25292182.14513,10278,2547.183,10543910.13989,0
1640289600000,4133.88,4137.88,4118.65,4118.67,19303.364,1640289899999,79656800.95563,21677,8636.031,35641236.36024,0
1640289900000,4118.98,4130.93,4118.98,4130.51,6937.098,1640290199999,28621685.21563,12351,3689.398,15224666.70181,0
1640290200000,4130.52,4143.97,4129.58,4134.47,6123.036,1640290499999,25333651.97180,13081,3332.560,13788965.72709,0
1640290500000,4134.48,4137.76,4121.12,4126.24,6260.947,1640290799999,25845910.93400,12600,2151.572,8881621.93638,0
1640290800000,4126.35,4129.29,4115.39,4116.66,5095.765,1640291099999,20998844.90271,11736,1846.929,7611991.36236,0
1640291100000,4116.66,4117.50,4106.06,4116.37,10964.170,1640291399999,45086534.53451,17107,4661.524,19169163.96729,0
1640291400000,4116.37,4117.49,4105.99,4107.54,4314.624,1640291699999,17741692.19199,9876,1500.738,6173204.50472,0
1640291700000,4107.55,4115.50,4107.22,4108.00,3727.020,1640291999999,15321007.31916,8164,2255.025,9270072.97445,0
1640292000000,4108.00,4112.50,4106.40,4112.50,2675.231,1640292299999,10992387.34752,7141,1237.276,5084195.41181,0
1640292300000,4112.49,4121.96,4108.50,4120.33,3511.566,1640292599999,14452900.62905,6763,2190.448,9017055.88966,0
1640292600000,4120.35,4125.99,4115.52,4123.68,4035.472,1640292899999,16637724.73776,7814,2198.142,9062090.94065,0
1640292900000,4123.68,4126.84,4119.49,4121.11,2999.423,1640293199999,12367116.45340,6436,1130.792,4662420.58442,0
1640293200000,4121.11,4126.02,4115.98,4117.97,2818.501,1640293499999,11612946.84048,6440,1391.589,5734238.68275,0
1640293500000,4117.98,4120.29,4105.99,4107.61,5377.201,1640293799999,22111700.72533,7429,2225.513,9154154.66504,0
1640293800000,4107.61,4114.95,4106.65,4114.51,3660.387,1640294099999,15045089.12526,6793,2000.353,8223180.20144,0
1640294100000,4114.52,4117.85,4111.31,4113.85,2672.877,1640294399999,10996430.09191,5368,1307.807,5380969.03331,0
1640294400000,4113.86,4113.86,4100.11,4105.00,5752.772,1640294699999,23622265.13596,8692,1957.042,8036287.07592,0
1640294700000,4104.99,4110.00,4101.10,4102.02,4159.809,1640294999999,17078743.51295,7154,2223.893,9132079.57701,0
1640295000000,4101.99,4102.90,4090.87,4095.72,8163.907,1640295299999,33433863.32849,12774,2940.922,12042338.18967,0
1640295300000,4095.73,4105.50,4091.28,4104.19,6759.918,1640295599999,27706656.69170,8974,5046.479,20686573.74351,0
1640295600000,4104.18,4110.08,4101.09,4104.99,3923.105,1640295899999,16109440.29409,6693,1876.237,7704582.50822,0
1640295900000,4104.77,4108.84,4101.62,4108.53,2904.669,1640296199999,11924741.88425,5374,1517.948,6232400.63928,0
1640296200000,4108.53,4113.76,4106.30,4110.89,2996.828,1640296499999,12317316.29985,6046,1686.646,6932392.96984,0
1640296500000,4110.89,4112.51,4108.91,4112.11,2217.178,1640296799999,9114834.93310,4833,1104.383,4540247.50715,0
1640296800000,4112.11,4116.21,4109.44,4111.29,3055.714,1640297099999,12570378.90760,5861,1349.882,5553241.99291,0
1640297100000,4111.28,4113.76,4107.00,4109.13,1962.464,1640297399999,8065945.09504,5334,1010.466,4153003.40201,0
1640297400000,4109.12,4109.24,4102.72,4108.38,1637.387,1640297699999,6724582.35060,5152,732.998,3010395.97819,0
1640297700000,4108.39,4109.08,4104.71,4106.62,1591.878,1640297999999,6538481.58580,4817,741.421,3045485.68448,0
1640298000000,4106.63,4113.76,4104.72,4113.71,2410.154,1640298299999,9907004.74626,5497,1455.863,5984757.19692,0
1640298300000,4113.72,4117.44,4110.48,4111.02,2165.604,1640298599999,8910476.46043,5441,1102.218,4535500.99003,0
1640298600000,4111.02,4117.03,4111.02,4114.68,1716.344,1640298899999,7063711.36297,4142,792.852,3262622.32562,0
1640298900000,4114.68,4114.69,4108.46,4110.80,1774.968,1640299199999,7295850.97926,4414,983.291,4041440.01663,0
1640299200000,4110.79,4111.85,4108.47,4109.97,1043.801,1640299499999,4290342.83624,4272,472.503,1942217.59776,0
1640299500000,4109.97,4115.80,4105.60,4105.61,2435.107,1640299799999,10011579.09244,4718,1137.991,4679018.69075,0
1640299800000,4105.61,4108.83,4100.68,4101.93,2328.087,1640300099999,9557578.57415,4941,901.009,3699556.71718,0
1640300100000,4102.06,4103.16,4094.57,4095.40,2475.141,1640300399999,10142603.46735,5688,910.260,3730220.02251,0
1640300400000,4095.36,4103.95,4094.41,4101.65,3942.600,1640300699999,16158638.25516,6835,1826.100,7484950.74637,0
1640300700000,4101.66,4101.66,4094.29,4099.92,2007.835,1640300999999,8227737.56231,5072,936.592,3838373.23469,0
1640301000000,4099.91,4102.00,4095.64,4100.99,1860.143,1640301299999,7625410.14963,5116,962.804,3946963.86790,0
1640301300000,4100.99,4105.99,4096.18,4104.99,2950.804,1640301599999,12101122.11936,5539,1460.417,5990075.01554,0
1640301600000,4105.00,4107.30,4101.01,4105.63,1934.073,1640301899999,7937659.04234,4998,947.911,3890690.58777,0
1640301900000,4105.85,4107.22,4098.00,4099.60,1658.684,1640302199999,6804095.72149,4694,696.776,2858256.08471,0
1640302200000,4099.61,4100.39,4086.01,4088.00,7087.152,1640302499999,28994200.39452,8903,3058.581,12512403.93881,0
1640302500000,4087.99,4094.41,4087.60,4090.08,2860.778,1640302799999,11704749.76894,5847,1492.220,6105458.84742,0
1640302800000,4090.08,4097.00,4088.82,4096.68,2080.763,1640303099999,8515905.62923,5032,1341.950,5492551.15625,0
1640303100000,4096.68,4099.03,4093.00,4095.77,2105.288,1640303399999,8625080.63728,5302,1069.653,4382508.57886,0
1640303400000,4095.77,4109.00,4095.36,4106.41,3431.093,1640303699999,14083325.23339,6717,2448.780,10050773.47421,0
1640303700000,4106.41,4111.31,4104.33,4111.30,3067.880,1640303999999,12602452.29507,5931,1378.051,5661696.88298,0
1640304000000,4111.31,4119.91,4109.00,4109.95,9059.567,1640304299999,37277252.62585,10127,4750.425,19546933.99182,0
1640304300000,4109.95,4117.20,4102.72,4104.26,3258.479,1640304599999,13387021.17458,5652,1515.734,6227713.13813,0
1640304600000,4104.27,4105.04,4097.79,4101.88,3078.301,1640304899999,12622511.13595,4686,1346.932,5522994.47488,0
1640304900000,4101.62,4108.57,4097.00,4099.30,4427.711,1640305199999,18161290.87686,6583,1849.460,7585797.20337,0
1640305200000,4099.30,4101.28,4097.41,4099.61,1668.809,1640305499999,6841090.95427,5493,839.448,3441352.77754,0
1640305500000,4099.90,4108.50,4098.00,4105.80,2627.118,1640305799999,10780501.46277,5293,1651.962,6779180.49069,0
1640305800000,4105.81,4114.99,4104.50,4113.06,3703.549,1640306099999,15226817.88634,6906,2580.237,10608960.49656,0
1640306100000,4113.06,4113.72,4105.96,4109.99,2218.497,1640306399999,9117678.50266,5972,1069.090,4393647.70815,0
1640306400000,4109.99,4111.01,4104.80,4108.81,1487.384,1640306699999,6109648.13027,4516,728.738,2993405.53172,0
1640306700000,4108.81,4110.30,4100.27,4102.50,2055.469,1640306999999,8439172.26418,5099,777.584,3192288.54921,0
1640307000000,4102.50,4108.70,4101.19,4106.71,1902.235,1640307299999,7808004.53312,5331,1087.847,4465172.36116,0
1640307300000,4106.70,4111.52,4105.76,4106.90,2482.646,1640307599999,10200413.61691,5031,1490.413,6123796.57729,0
1640307600000,4106.87,4109.86,4104.22,4105.38,1737.799,1640307899999,7136391.14085,4360,739.867,3038281.06432,0
1640307900000,4105.39,4116.77,4105.38,4116.42,2229.208,1640308199999,9167170.95655,4909,1625.026,6682755.72032,0
1640308200000,4116.42,4129.70,4115.16,4122.64,9495.842,1640308499999,39156960.02205,14013,5778.582,23825482.87096,0
1640308500000,4122.64,4122.64,4110.08,4110.80,4672.336,1640308799999,19233075.42981,6570,1858.985,7653930.20603,0
1640308800000,4110.80,4114.97,4107.68,4112.74,2976.137,1640309099999,12236056.42251,5277,1764.951,7257130.42782,0
1640309100000,4112.74,4115.38,4110.50,4113.56,1741.317,1640309399999,7162339.64743,4701,965.223,3970129.76208,0
1640309400000,4113.56,4120.52,4113.56,4119.06,3350.003,1640309699999,13792866.55695,5876,1685.982,6941640.03459,0
1640309700000,4119.07,4122.50,4113.35,4116.89,3119.772,1640309999999,12847398.22804,6766,1556.143,6409066.30380,0
1640310000000,4116.89,4119.48,4113.07,4115.86,1864.380,1640310299999,7673342.16009,4935,869.954,3580533.42978,0
1640310300000,4115.86,4117.59,4109.67,4111.97,3370.098,1640310599999,13861635.92113,5426,1253.796,5157333.85486,0
1640310600000,4111.98,4114.99,4110.50,4113.01,2250.434,1640310899999,9255099.48712,4956,850.799,3499207.90168,0
1640310900000,4113.22,4125.00,4111.81,4120.70,5603.215,1640311199999,23084402.79472,8475,3193.498,13157680.62201,0
1640311200000,4120.71,4126.85,4118.87,4125.75,4195.234,1640311499999,17302141.49455,10006,2501.340,10317010.89458,0
1640311500000,4125.74,4125.98,4116.86,4123.57,3616.564,1640311799999,14903191.00880,7015,1308.358,5391684.17604,0
1640311800000,4123.90,4125.00,4112.55,4113.60,2641.652,1640312099999,10880179.34981,5677,920.050,3789980.58907,0
1640312100000,4113.60,4117.64,4110.90,4112.04,2478.393,1640312399999,10195475.46925,5609,1313.041,5401682.52481,0
1640312400000,4112.04,4114.35,4107.91,4111.04,3659.782,1640312699999,15044337.83569,6178,1418.791,5833092.10949,0
1640312700000,4111.05,4115.58,4108.04,4113.84,1828.692,1640312999999,7520311.95844,4377,899.192,3698153.63570,0
1640313000000,4113.85,4117.43,4112.24,4116.89,2309.191,1640313299999,9502568.73694,4657,1323.027,5444370.64867,0
1640313300000,4116.88,4116.89,4112.99,4113.70,1371.962,1640313599999,5644604.22556,3898,557.754,2294740.32445,0
1640313600000,4113.45,4115.39,4106.06,4106.09,3296.476,1640313899999,13551930.13941,5201,1204.210,4951758.66646,0
1640313900000,4106.12,4107.35,4100.28,4105.00,3497.956,1640314199999,14355415.93683,6027,1649.095,6767981.75242,0
1640314200000,4105.00,4107.22,4100.68,4101.99,2377.424,1640314499999,9756986.34471,4947,1080.143,4433643.69876,0
1640314500000,4102.00,4104.16,4098.63,4098.98,2069.526,1640314799999,8487214.33951,4993,773.193,3171213.99241,0
1640314800000,4098.98,4101.42,4091.20,4094.99,4644.999,1640315099999,19022659.10127,8135,1901.199,7786049.65279,0
1640315100000,4094.99,4095.77,4085.00,4091.56,7621.135,1640315399999,31166496.04238,9268,3067.300,12544896.62536,0
1640315400000,4091.16,4095.77,4089.50,4095.68,3299.848,1640315699999,13504748.44019,6119,1876.169,7679041.23715,0
1640315700000,4095.42,4099.45,4092.63,4093.78,2617.900,1640315999999,10726449.80764,5873,1557.094,6380476.85791,0
1640316000000,4093.78,4103.32,4091.76,4099.85,2654.243,1640316299999,10880502.97043,5390,1623.844,6656898.26603,0
1640316300000,4099.85,4104.36,4096.03,4096.92,2636.272,1640316599999,10811285.11493,4850,1363.053,5590596.62156,0
1640316600000,4096.92,4097.78,4094.14,4095.92,1322.746,1640316899999,5417443.17186,4472,591.738,2423598.33992,0
1640316900000,4095.93,4098.17,4093.88,4096.51,1123.896,1640317199999,4603650.46222,4081,575.805,2358692.77343,0
1640317200000,4096.58,4097.77,4092.91,4094.12,1339.083,1640317499999,5483212.12411,4322,597.034,2444754.16740,0
1640317500000,4094.12,4095.51,4082.96,4083.87,2915.519,1640317799999,11919443.95186,6274,889.785,3638078.10651,0
1640317800000,4083.87,4085.25,4075.00,4085.25,8434.261,1640318099999,34409141.49635,11438,3564.785,14543620.96974,0
1640318100000,4085.28,4092.26,4082.83,4091.48,3001.237,1640318399999,12271557.48880,5692,1980.086,8095899.06606,0
1640318400000,4091.47,4094.94,4088.33,4090.87,3662.675,1640318699999,14986733.60034,6667,1528.422,6254025.03496,0
1640318700000,4090.87,4098.90,4090.67,4097.71,1991.480,1640318999999,8156647.94448,4871,1435.499,5879666.49469,0
1640319000000,4097.70,4098.61,4094.28,4096.94,1570.513,1640319299999,6433239.03212,4375,589.695,2415700.39413,0
1640319300000,4096.94,4097.62,4094.06,4094.41,1200.749,1640319599999,4917972.00074,4088,500.197,2048680.94299,0
1640319600000,4094.40,4096.18,4091.66,4093.88,1346.933,1640319899999,5513924.59736,4237,642.487,2630229.64711,0
1640319900000,4093.79,4096.55,4093.43,4096.23,957.108,1640320199999,3919873.08248,3510,564.889,2313510.22686,0
1640320200000,4096.23,4097.03,4095.20,4095.38,831.761,1640320499999,3406956.27007,3245,404.743,1657878.28339,0
1640320500000,4095.39,4097.90,4093.73,4097.27,972.026,1640320799999,3981451.77711,3471,552.663,2263931.06274,0
1640320800000,4097.27,4099.99,4097.26,4099.48,1586.741,1640321099999,6503969.78014,4088,1104.688,4528093.50680,0
1640321100000,4099.48,4099.63,4094.26,4095.17,1308.607,1640321399999,5361785.39893,3095,428.992,1757480.85091,0
1640321400000,4095.06,4095.35,4093.15,4094.13,929.975,1640321699999,3807443.93211,3660,432.433,1770491.12305,0
1640321700000,4093.98,4094.40,4088.00,4088.65,2120.437,1640321999999,8674270.84431,4782,774.055,3166751.95131,0
1640322000000,4088.65,4088.82,4079.98,4084.82,3546.935,1640322299999,14487147.46739,6879,1827.176,7463552.69841,0
1640322300000,4084.82,4088.00,4081.51,4082.08,1969.762,1640322599999,8044557.05051,5141,800.001,3267175.81124,0
1640322600000,4082.08,4094.00,4082.00,4091.93,2302.669,1640322899999,9416078.23900,5829,1508.914,6169592.10873,0
1640322900000,4091.94,4094.99,4089.18,4093.00,1334.311,1640323199999,5461129.72001,4450,665.454,2723663.76157,0
1640323200000,4093.01,4093.42,4088.10,4093.00,987.752,1640323499999,4040988.07352,3947,473.810,1938435.35342,0
1640323500000,4092.99,4093.00,4076.33,4078.35,2525.505,1640323799999,10309036.63689,6337,749.644,3059868.35508,0
1640323800000,4078.35,4087.72,4077.90,4083.06,1842.744,1640324099999,7525441.20946,5233,952.471,3889896.51663,0
1640324100000,4083.32,4090.00,4082.70,4084.79,2190.774,1640324399999,8952471.32136,5119,1145.069,4679248.36867,0
1640324400000,4084.73,4090.96,4084.72,4089.42,1649.721,1640324699999,6743992.84789,4496,963.964,3940718.37690,0
1640324700000,4089.42,4092.68,4088.65,4091.87,1687.229,1640324999999,6902569.76025,4955,1095.324,4481106.86867,0
1640325000000,4091.87,4095.97,4086.75,4087.51,2468.244,1640325299999,10101363.21857,5469,1322.751,5414229.31016,0
1640325300000,4087.51,4090.79,4086.60,4089.30,899.918,1640325599999,3679167.92907,3974,473.315,1935114.31814,0
1640325600000,4089.28,4089.28,4079.89,4083.06,3046.541,1640325899999,12439627.79946,5980,1336.903,5458646.60895,0
1640325900000,4083.31,4088.81,4083.11,4083.76,1267.403,1640326199999,5178277.73724,4688,666.724,2724058.25083,0
1640326200000,4083.77,4085.78,4078.14,4084.91,2328.976,1640326499999,9504761.45140,5720,1055.059,4306184.58709,0
1640326500000,4084.90,4084.91,4076.60,4077.44,2020.603,1640326799999,8242178.71609,5233,1031.463,4207245.67625,0
1640326800000,4077.23,4080.60,4060.13,4074.93,9385.250,1640327099999,38206634.39955,14349,4051.844,16499561.97798,0
1640327100000,4075.01,4091.14,4074.02,4085.38,4489.061,1640327399999,18336954.16007,8959,2575.589,10519791.11795,0
1640327400000,4085.39,4094.00,4085.00,4093.69,2579.093,1640327699999,10549347.73621,6139,1363.537,5577692.14298,0
1640327700000,4093.68,4094.68,4090.00,4093.68,2015.099,1640327999999,8247394.43795,5091,903.497,3697914.80653,0
1640328000000,4093.68,4096.55,4090.82,4091.42,2359.888,1640328299999,9660768.17864,5206,1205.673,4936411.27585,0
1640328300000,4091.16,4096.13,4090.78,4094.63,1976.256,1640328599999,8091678.61198,5152,1273.654,5214866.92275,0
1640328600000,4094.63,4095.65,4090.16,4092.16,1535.435,1640328899999,6286092.15453,4539,706.855,2893958.93009,0
1640328900000,4092.17,4095.00,4084.66,4087.98,2460.519,1640329199999,10060685.42660,5999,1080.580,4418660.32950,0
1640329200000,4087.99,4088.86,4081.35,4088.28,2211.756,1640329499999,9033883.54693,6352,861.740,3519947.15515,0
1640329500000,4088.28,4093.33,4085.96,4091.81,1350.768,1640329799999,5524356.88027,4850,904.723,3699997.81013,0
1640329800000,4091.81,4094.38,4088.60,4094.17,1664.426,1640330099999,6810721.84991,4959,870.715,3563187.31500,0
1640330100000,4094.17,4095.35,4091.50,4094.28,1827.662,1640330399999,7481767.15169,5163,921.071,3770608.87354,0
1640330400000,4094.28,4095.82,4088.67,4095.24,1621.469,1640330699999,6636768.54364,4813,887.607,3633571.24258,0
1640330700000,4095.30,4097.79,4091.91,4092.65,2102.196,1640330999999,8608881.60399,5257,1162.869,4762222.64292,0
1640331000000,4092.64,4095.82,4082.30,4082.32,1828.455,1640331299999,7474915.38494,5481,701.850,2869236.22380,0
1640331300000,4082.32,4087.08,4081.81,4085.00,1979.415,1640331599999,8083930.99072,5368,1103.108,4505189.36436,0
1640331600000,4085.09,4089.26,4084.64,4085.52,1592.124,1640331899999,6506284.78978,4897,770.588,3149035.81957,0
1640331900000,4085.52,4088.68,4083.35,4087.19,1821.873,1640332199999,7444117.47984,4663,898.193,3670124.12985,0
1640332200000,4087.41,4090.11,4083.50,4083.81,1495.973,1640332499999,6113049.57757,4629,566.568,2315391.05216,0
1640332500000,4083.98,4089.64,4083.26,4089.03,1062.901,1640332799999,4344229.67481,4269,480.251,1962901.62941,0
1640332800000,4089.03,4089.56,4083.00,4083.58,1862.070,1640333099999,7607567.84179,5361,1053.540,4304527.97780,0
1640333100000,4083.67,4089.18,4083.00,4085.63,1873.001,1640333399999,7653724.51199,5079,1045.931,4273658.43345,0
1640333400000,4085.63,4118.15,4082.00,4115.38,13679.645,1640333699999,56136731.64466,18912,10834.103,44463197.50726,0
1640333700000,4115.37,4118.08,4102.58,4104.29,4207.228,1640333999999,17286168.99544,9256,1859.168,7640059.00825,0
1640334000000,4104.29,4104.29,4096.78,4099.70,2559.480,1640334299999,10492214.86273,6442,911.813,3737999.61126,0
1640334300000,4099.70,4103.40,4094.87,4101.32,3465.089,1640334599999,14205543.94902,6560,2096.807,8596488.73461,0
1640334600000,4101.37,4105.00,4100.13,4104.14,1848.565,1640334899999,7582778.21342,5480,1075.387,4411383.23742,0
1640334900000,4104.24,4106.68,4102.17,4104.63,1990.646,1640335199999,8169828.67174,5415,1124.371,4614724.15394,0
1640335200000,4104.64,4104.73,4096.85,4098.31,2320.494,1640335499999,9514473.17399,5423,719.358,2949385.29432,0
1640335500000,4098.23,4102.41,4096.03,4100.01,1535.583,1640335799999,6294488.48245,5068,859.380,3522810.03262,0
1640335800000,4100.00,4102.00,4092.74,4092.75,2128.980,1640336099999,8722653.24416,5381,770.619,3157840.05497,0
1640336100000,4092.75,4096.76,4092.34,4094.39,1702.364,1640336399999,6969420.14145,5055,731.631,2995554.45644,0
1640336400000,4094.38,4096.31,4091.36,4095.77,1815.333,1640336699999,7432282.88458,5373,902.458,3695102.28100,0
1640336700000,4095.75,4102.96,4093.99,4101.85,1926.399,1640336999999,7897006.27308,5273,1361.241,5580617.21507,0
1640337000000,4101.84,4103.40,4100.53,4100.54,1674.232,1640337299999,6867914.29037,4868,1026.380,4210376.69603,0
1640337300000,4100.53,4102.54,4097.39,4100.00,1318.446,1640337599999,5405616.19399,5342,591.804,2426531.98968,0
1640337600000,4100.00,4107.00,4096.91,4105.75,3475.387,1640337899999,14263157.64205,7395,2027.371,8319576.75387,0
1640337900000,4105.75,4111.19,4105.66,4108.88,3387.680,1640338199999,13919655.15912,6599,1712.354,7035635.26508,0
1640338200000,4108.83,4108.88,4104.00,4106.96,1963.441,1640338499999,8061890.77614,5877,834.069,3424686.22108,0
1640338500000,4106.96,4110.78,4104.62,4108.29,2832.152,1640338799999,11632962.11677,6349,1420.677,5835673.40847,0
1640338800000,4108.21,4109.07,4100.30,4101.52,2025.181,1640339099999,8310871.99386,5209,615.207,2524817.31351,0
1640339100000,4101.53,4108.32,4100.96,4107.97,1673.526,1640339399999,6869683.59856,5191,1118.611,4591462.01459,0
1640339400000,4107.97,4108.59,4105.33,4107.71,1770.751,1640339699999,7272633.90595,4857,920.973,3782736.40143,0
1640339700000,4107.71,4109.14,4105.42,4108.15,1422.193,1640339999999,5841225.68801,4248,874.765,3592991.11462,0
1640340000000,4107.82,4109.00,4106.00,4108.25,1595.275,1640340299999,6553146.11671,4753,925.118,3800280.92955,0
1640340300000,4108.31,4108.76,4099.16,4100.58,3887.215,1640340599999,15948932.93525,5781,1019.661,4182881.39143,0
1640340600000,4100.57,4100.86,4096.06,4098.88,2835.778,1640340899999,11621277.35969,5965,1416.093,5803787.64709,0
1640340900000,4098.87,4099.34,4093.18,4095.77,2835.430,1640341199999,11613344.05402,6337,959.949,3932027.87793,0
1640341200000,4095.48,4098.15,4093.50,4097.25,1336.572,1640341499999,5474160.20606,4708,790.668,3238322.85949,0
1640341500000,4097.25,4097.42,4085.78,4090.58,3510.011,1640341799999,14359345.50398,7407,1134.084,4640118.48466,0
1640341800000,4090.58,4097.23,4088.00,4097.13,2560.294,1640342099999,10477499.25547,5826,1634.857,6690754.08601,0
1640342100000,4097.12,4097.57,4095.69,4096.64,1521.104,1640342399999,6231292.68421,4699,581.184,2380959.02887,0
1640342400000,4096.64,4098.08,4095.99,4096.75,1940.333,1640342699999,7949144.11067,4667,1027.578,4209684.28155,0
1640342700000,4096.75,4098.08,4092.08,4095.55,1880.525,1640342999999,7701191.92536,4741,632.843,2591659.16608,0
1640343000000,4095.56,4095.72,4089.88,4089.99,1468.242,1640343299999,6008546.32868,4486,455.013,1862034.53564,0
1640343300000,4089.99,4093.18,4088.24,4093.16,1929.660,1640343599999,7893255.62961,4930,968.277,3960960.13900,0
1640343600000,4093.16,4093.19,4088.34,4089.11,1925.565,1640343899999,7876635.60594,4666,798.953,3268343.59447,0
1640343900000,4089.11,4094.39,4088.64,4094.38,1117.717,1640344199999,4572942.35102,4061,726.936,2974310.60510,0
1640344200000,4094.37,4103.76,4092.84,4102.87,3449.532,1640344499999,14143037.63171,6024,2116.470,8677218.00816,0
1640344500000,4102.86,4108.49,4101.16,4105.48,4650.051,1640344799999,19092184.40424,7270,2063.963,8473938.39492,0
1640344800000,4105.49,4116.64,4102.78,4114.15,8260.896,1640345099999,33957245.19850,9275,4761.406,19575739.91206,0
1640345100000,4114.15,4118.62,4097.79,4098.41,6556.078,1640345399999,26934947.62833,9521,2908.841,11959728.85881,0
1640345400000,4098.18,4099.99,4093.64,4099.65,3369.754,1640345699999,13806075.39196,6992,1985.718,8136344.19036,0
1640345700000,4099.64,4100.00,4094.39,4094.80,3140.856,1640345999999,12865949.93786,5299,1627.008,6664264.87808,0
1640346000000,4094.81,4095.57,4090.57,4090.64,3865.828,1640346299999,15819802.53068,6106,2103.643,8608138.49706,0
1640346300000,4090.64,4095.21,4088.24,4089.15,3384.165,1640346599999,13847263.97390,6223,1173.453,4802261.04749,0
1640346600000,4089.15,4089.16,4070.00,4073.74,12429.250,1640346899999,50692434.97823,16695,4107.624,16749467.61542,0
1640346900000,4073.66,4083.50,4072.14,4078.80,6072.641,1640347199999,24769561.97956,8669,3149.907,12847387.13431,0
1640347200000,4078.80,4084.96,4066.43,4066.43,6414.858,1640347499999,26133658.74079,11283,2476.432,10092543.19933,0
1640347500000,4066.44,4073.11,4064.86,4071.21,4986.274,1640347799999,20290820.59484,8689,2520.030,10255956.06577,0
1640347800000,4071.20,4078.25,4065.85,4077.35,4839.786,1640348099999,19711685.84168,8556,3101.893,12634348.98470,0
1640348100000,4077.34,4082.93,4077.20,4082.92,3548.423,1640348399999,14478675.79363,7276,1924.309,7851909.96846,0
1640348400000,4082.92,4087.00,4080.01,4082.93,2940.901,1640348699999,12011049.52133,7744,1465.758,5986671.07212,0
1640348700000,4082.93,4084.51,4079.68,4080.86,1835.873,1640348999999,7493652.13504,6619,696.528,2843188.86102,0
1640349000000,4080.86,4085.37,4076.70,4084.13,3305.413,1640349299999,13490284.48843,6651,1637.783,6684823.36716,0
1640349300000,4083.79,4086.32,4068.50,4072.83,4950.549,1640349599999,20176045.67367,8479,1657.041,6753633.30100,0
1640349600000,4072.67,4077.05,4067.00,4073.93,3259.565,1640349899999,13271909.41270,7401,1647.012,6707313.46384,0
1640349900000,4073.89,4084.41,4073.07,4082.72,3709.930,1640350199999,15134606.61297,6818,2380.055,9708917.56033,0
1640350200000,4082.73,4084.14,4078.75,4080.05,1607.875,1640350499999,6563279.86375,5015,645.687,2635675.03780,0
1640350500000,4080.05,4084.14,4079.32,4083.83,1707.751,1640350799999,6972097.56021,4595,1117.444,4562160.80674,0
1640350800000,4083.82,4083.83,4077.59,4080.75,1459.326,1640351099999,5953742.08288,5110,663.495,2706909.76591,0
1640351100000,4080.86,4082.82,4075.94,4077.84,1662.031,1640351399999,6779358.66833,5474,753.899,3075366.20005,0
1640351400000,4077.83,4079.24,4075.20,4076.64,1403.830,1640351699999,5723958.83592,5297,665.447,2713400.12096,0
1640351700000,4076.64,4080.61,4075.66,4080.35,1562.203,1640351999999,6371310.16422,5159,776.248,3166129.16168,0
1640352000000,4080.38,4086.29,4077.41,4085.77,2115.855,1640352299999,8638585.43214,5357,1215.844,4963532.39024,0
1640352300000,4085.77,4092.58,4084.26,4087.27,4252.253,1640352599999,17389596.80909,8108,2563.173,10481533.12128,0
1640352600000,4087.03,4087.63,4081.31,4084.82,2568.909,1640352899999,10490921.83945,5794,1159.122,4733438.22924,0
1640352900000,4084.82,4088.24,4084.02,4087.69,1584.026,1640353199999,6473254.42996,4615,881.093,3600667.78075,0
1640353200000,4087.61,4101.87,4086.78,4094.61,7725.654,1640353499999,31642436.13062,10369,4390.209,17980790.56298,0
1640353500000,4094.60,4105.45,4094.03,4094.04,6529.386,1640353799999,26767889.12298,9418,3785.211,15519214.49578,0
1640353800000,4094.04,4095.09,4084.59,4088.79,4510.986,1640354099999,18443481.23432,7222,1765.588,7218205.96896,0
1640354100000,4088.54,4090.29,4084.50,4085.30,1885.708,1640354399999,7707932.78323,4979,1040.856,4254466.55891,0
1640354400000,4085.30,4093.63,4084.50,4092.58,2736.397,1640354699999,11192968.61794,5683,1471.683,6019507.81947,0
1640354700000,4092.58,4107.50,4092.27,4105.76,7307.328,1640354999999,29969399.15990,10791,4659.852,19109273.37642,0
1640355000000,4105.75,4112.00,4102.17,4109.79,8202.988,1640355299999,33693727.88308,11641,4553.414,18704167.34957,0
1640355300000,4109.79,4110.78,4103.86,4106.74,4156.888,1640355599999,17073754.52451,8154,2505.497,10291728.71256,0
1640355600000,4106.74,4108.97,4098.00,4099.27,4171.590,1640355899999,17115235.20896,8022,1726.771,7086216.45761,0
1640355900000,4099.27,4102.17,4097.74,4099.74,1528.337,1640356199999,6265937.74870,5481,843.994,3460447.39660,0
1640356200000,4099.89,4104.95,4098.57,4104.48,1903.572,1640356499999,7808925.88645,5877,1303.821,5348705.90401,0
1640356500000,4104.63,4104.76,4097.00,4100.94,3739.197,1640356799999,15335554.66283,5573,1615.109,6624302.72001,0
1640356800000,4100.94,4105.45,4097.27,4102.56,1800.776,1640357099999,7386758.44218,5114,911.518,3739590.80593,0
1640357100000,4102.57,4106.68,4101.81,4106.58,1447.318,1640357399999,5939977.78314,4937,848.106,3480786.27721,0
1640357400000,4106.56,4109.14,4094.64,4096.32,4577.149,1640357699999,18778932.67800,7377,1568.663,6438233.34981,0
1640357700000,4096.40,4098.43,4071.45,4077.64,12792.978,1640357999999,52219649.54260,16645,4670.045,19056537.14900,0
1640358000000,4077.42,4078.03,4050.52,4056.71,21418.856,1640358299999,87003031.85288,26902,7892.007,32058736.82546,0
1640358300000,4056.47,4074.85,4053.24,4066.32,13463.354,1640358599999,54726656.08120,16223,8321.526,33824435.50615,0
1640358600000,4066.32,4072.97,4063.00,4069.67,5524.390,1640358899999,22476627.08776,10095,2573.502,10471257.81971,0
1640358900000,4069.79,4083.72,4069.40,4077.37,7178.846,1640359199999,29267671.20837,11333,3741.579,15255969.80723,0
1640359200000,4077.40,4081.00,4072.20,4074.08,4507.254,1640359499999,18373428.51636,7442,1247.014,5084094.04692,0
1640359500000,4074.00,4081.65,4069.46,4081.08,3313.281,1640359799999,13504637.21878,7131,1759.293,7170604.26384,0
1640359800000,4081.08,4084.40,4080.99,4083.20,2534.514,1640360099999,10347957.41140,5997,1254.002,5120227.15860,0
1640360100000,4083.20,4084.44,4075.60,4082.13,2368.385,1640360399999,9666125.40436,6046,881.518,3597641.60633,0
1640360400000,4082.13,4082.55,4075.12,4081.63,2358.883,1640360699999,9620056.00030,6056,902.611,3680906.44533,0
1640360700000,4081.63,4082.03,4075.00,4080.46,1565.737,1640360999999,6386684.02400,5478,884.350,3607471.84660,0
1640361000000,4080.46,4084.86,4080.00,4084.55,1651.262,1640361299999,6741775.52271,5131,1065.967,4352295.78485,0
1640361300000,4084.55,4095.00,4084.35,4094.09,5574.689,1640361599999,22806263.65570,9494,3105.833,12704875.22481,0
1640361600000,4094.18,4104.63,4092.00,4100.00,8235.246,1640361899999,33755286.78461,11286,5487.486,22493450.74403,0
1640361900000,4099.91,4107.56,4098.49,4105.86,7310.332,1640362199999,30002649.25524,10113,3866.398,15867318.39869,0
1640362200000,4105.86,4108.36,4101.77,4103.47,4063.375,1640362499999,16683848.44231,8524,1953.412,8021466.10019,0
1640362500000,4103.48,4107.74,4094.39,4096.69,5138.838,1640362799999,21075427.35188,7850,1953.385,8014081.54362,0
1640362800000,4096.70,4101.76,4096.03,4100.60,2582.157,1640363099999,10583509.05493,6197,1481.079,6070874.62844,0
1640363100000,4100.80,4103.66,4096.91,4099.44,2250.793,1640363399999,9230037.04192,6016,1419.535,5821423.18563,0
1640363400000,4099.24,4100.00,4091.55,4095.21,3380.939,1640363699999,13845906.90191,6480,1387.394,5682338.46209,0
1640363700000,4095.21,4099.76,4093.52,4095.35,1808.257,1640363999999,7406800.58455,5182,960.820,3936048.01231,0
1640364000000,4095.35,4098.68,4076.35,4079.61,7906.216,1640364299999,32285936.27130,11063,3097.131,12647169.86573,0
1640364300000,4079.61,4085.37,4075.00,4077.55,4426.563,1640364599999,18063025.30477,7483,2171.832,8864438.93083,0
1640364600000,4077.56,4084.76,4077.17,4083.31,2745.965,1640364899999,11206959.55599,5622,1674.710,6835261.60235,0
1640364900000,4083.31,4089.06,4074.30,4085.51,5662.833,1640365199999,23112472.88653,7728,2760.124,11266826.73164,0
1640365200000,4085.52,4090.00,4082.34,4082.95,2701.922,1640365499999,11041316.55372,5470,1217.814,4977624.08003,0
1640365500000,4082.94,4085.00,4075.76,4080.48,2258.812,1640365799999,9215117.33681,5778,968.778,3952410.00481,0
1640365800000,4080.49,4086.29,4078.52,4084.95,1684.643,1640366099999,6877870.94232,5007,1140.473,4656276.79603,0
1640366100000,4085.12,4085.33,4076.35,4076.76,1601.933,1640366399999,6534525.77088,4896,627.295,2558678.26882,0
1640366400000,4076.77,4079.63,4072.01,4073.98,4438.063,1640366699999,18086541.03872,6719,1823.508,7431889.60316,0
1640366700000,4074.41,4076.93,4070.00,4075.02,3203.752,1640366999999,13047587.33720,6409,1369.384,5577702.71047,0
1640367000000,4075.02,4081.95,4073.81,4079.10,2178.978,1640367299999,8888435.89011,4941,1172.784,4783829.61966,0
1640367300000,4079.10,4084.51,4078.40,4082.75,1614.318,1640367599999,6589491.37367,4612,994.505,4059440.52884,0
1640367600000,4082.75,4084.90,4081.18,4083.90,1408.675,1640367899999,5751582.98791,4273,759.942,3102921.03594,0
1640367900000,4083.91,4087.51,4081.08,4087.42,1670.330,1640368199999,6823579.71441,5381,914.527,3736225.98830,0
1640368200000,4087.41,4095.62,4086.37,4094.01,2778.053,1640368499999,11365729.72546,5830,1616.285,6612302.69125,0
1640368500000,4094.00,4097.72,4092.48,4097.23,3051.274,1640368799999,12497347.92736,5740,1864.561,7637039.22498,0
1640368800000,4097.25,4101.00,4096.50,4099.36,3253.614,1640369099999,13335247.52849,6908,1801.838,7385273.01255,0
1640369100000,4099.37,4102.58,4097.30,4101.25,3538.969,1640369399999,14510459.71462,6821,1773.414,7271704.08839,0
1640369400000,4101.22,4101.76,4093.00,4097.70,3092.325,1640369699999,12668572.58712,6449,1139.774,4669923.15020,0
1640369700000,4097.67,4101.75,4096.24,4099.42,1574.137,1640369999999,6452100.35753,5288,830.225,3402826.90300,0
1640370000000,4099.42,4101.81,4098.08,4101.62,2099.767,1640370299999,8609011.21119,5733,1070.766,4390191.44523,0
1640370300000,4101.63,4103.78,4093.16,4099.53,2813.706,1640370599999,11532204.56434,6294,1407.408,5769040.89257,0
1640370600000,4099.54,4103.55,4097.69,4100.93,2665.088,1640370899999,10930029.81727,5837,1561.123,6402392.71579,0
1640370900000,4100.95,4105.86,4100.95,4105.03,2072.230,1640371199999,8504269.15551,6059,1323.535,5431747.67588,0
1640371200000,4105.04,4109.50,4103.60,4109.19,4963.165,1640371499999,20385286.79151,7907,3126.599,12842326.08614,0
1640371500000,4109.19,4120.00,4105.97,4114.23,8942.406,1640371799999,36786278.21485,12753,6504.806,26759934.63333,0
1640371800000,4114.36,4127.20,4113.67,4115.90,9550.650,1640372099999,39356003.84128,13717,5114.433,21076143.02120,0
1640372100000,4115.91,4122.40,4114.47,4119.68,3806.909,1640372399999,15678740.03989,7242,2288.836,9427212.03842,0
1640372400000,4119.68,4130.00,4119.46,4121.48,7246.889,1640372699999,29892780.45031,11249,3392.495,13995810.47339,0
1640372700000,4121.48,4129.64,4120.15,4128.00,2719.826,1640372999999,11218860.58273,6731,1515.977,6253266.52293,0
1640373000000,4127.99,4133.38,4124.31,4125.85,6437.101,1640373299999,26576514.11598,11044,3095.395,12781836.54177,0
1640373300000,4125.84,4131.87,4110.20,4111.07,7590.608,1640373599999,31252146.70673,10979,2405.363,9904143.23799,0
1640373600000,4111.08,4112.07,4102.47,4105.33,3861.037,1640373899999,15854543.21324,8505,1722.217,7072205.09125,0
1640373900000,4105.33,4107.40,4096.44,4097.87,5306.307,1640374199999,21769441.79180,9324,2575.580,10568365.21432,0
1640374200000,4098.07,4100.44,4092.20,4092.21,3081.720,1640374499999,12627162.83433,7781,1331.669,5457279.47629,0
1640374500000,4092.21,4097.26,4086.32,4096.51,5486.810,1640374799999,22447876.94510,10957,2980.368,12195455.72360,0
1640374800000,4096.51,4097.54,4079.94,4083.47,7018.379,1640375099999,28678803.95435,11343,2779.732,11359189.33791,0
1640375100000,4083.47,4089.68,4082.84,4083.43,4855.513,1640375399999,19843423.06963,8936,2442.352,9982013.42497,0
1640375400000,4083.33,4084.42,4075.12,4077.17,5409.059,1640375699999,22069811.85720,9294,2156.596,8800535.96795,0
1640375700000,4077.17,4081.55,4074.03,4077.99,3797.816,1640375999999,15483082.04156,8510,1725.692,7035921.22718,0
1640376000000,4078.00,4079.13,4057.25,4057.41,19981.067,1640376299999,81268069.14517,19742,9262.303,37683185.11600,0
1640376300000,4057.41,4059.49,4036.29,4046.16,21946.377,1640376599999,88813220.75262,29045,7460.426,30202679.69097,0
1640376600000,4046.16,4066.01,4045.72,4065.07,11563.188,1640376899999,46926521.97478,14048,8078.129,32786227.09682,0
1640376900000,4065.07,4071.99,4061.30,4065.80,10329.824,1640377199999,42018388.98456,12099,5119.290,20822569.67974,0
1640377200000,4065.81,4066.10,4053.13,4056.59,6277.934,1640377499999,25470383.74822,9876,2817.835,11430802.57532,0
1640377500000,4056.60,4061.59,4041.42,4052.48,8934.416,1640377799999,36182417.93437,13948,3971.647,16087055.82589,0
1640377800000,4052.49,4059.50,4050.00,4059.50,3422.332,1640378099999,13876407.10270,7100,2133.748,8652448.47512,0
1640378100000,4059.49,4063.62,4057.05,4063.05,3648.089,1640378399999,14812630.53183,6635,2193.888,8908472.20608,0
1640378400000,4063.05,4067.74,4062.41,4067.74,3568.269,1640378699999,14506663.03004,7466,1991.167,8094941.95912,0
1640378700000,4067.74,4071.02,4063.65,4069.10,3195.051,1640378999999,12998533.62462,6710,1339.894,5451768.46545,0
1640379000000,4069.10,4069.38,4057.11,4061.75,3180.124,1640379299999,12916845.35570,6445,1147.694,4661436.45822,0
1640379300000,4061.74,4067.60,4059.59,4067.28,1982.276,1640379599999,8056292.79921,4957,974.211,3959746.45442,0
1640379600000,4067.28,4070.20,4057.08,4058.32,6463.443,1640379899999,26255405.56692,8297,2102.949,8540980.40789,0
1640379900000,4058.32,4065.69,4056.78,4064.46,1561.837,1640380199999,6343293.31408,5235,796.809,3236674.28121,0
1640380200000,4064.45,4066.92,4060.10,4060.61,2182.193,1640380499999,8868959.88791,5183,1118.084,4544368.21761,0
1640380500000,4060.61,4064.42,4057.11,4064.03,1509.149,1640380799999,6127254.38575,5097,709.719,2881750.48333,0
1640380800000,4064.03,4066.10,4059.99,4065.27,1795.885,1640381099999,7297663.10949,4753,938.062,3811408.84687,0
1640381100000,4065.27,4073.29,4064.80,4072.25,2198.164,1640381399999,8946361.25714,5515,1290.777,5253510.84602,0
1640381400000,4072.24,4076.35,4070.50,4070.65,3837.002,1640381699999,15630080.30886,6388,1715.699,6989530.70229,0
1640381700000,4070.66,4071.04,4060.36,4065.44,3206.275,1640381999999,13036333.07086,6093,1418.494,5767496.19797,0
1640382000000,4065.44,4068.56,4061.18,4062.01,2115.524,1640382299999,8598252.18077,4927,837.925,3405848.40596,0
1640382300000,4062.00,4069.79,4061.18,4066.14,1324.972,1640382599999,5388888.19737,4548,677.531,2755586.32091,0
1640382600000,4066.14,4071.43,4065.40,4070.01,1017.531,1640382899999,4140467.32756,4211,555.632,2261037.98917,0
1640382900000,4070.19,4072.40,4061.59,4063.22,2234.478,1640383199999,9085758.13047,4984,882.015,3587347.06175,0
1640383200000,4063.22,4064.46,4056.39,4062.19,3265.316,1640383499999,13257765.40311,6419,1394.894,5663976.92629,0
1640383500000,4062.36,4063.02,4055.44,4061.32,1547.462,1640383799999,6281117.88590,5268,666.556,2705798.54234,0
1640383800000,4061.33,4062.31,4055.03,4055.36,1908.829,1640384099999,7748884.74257,5118,775.471,3148451.51031,0
1640384100000,4055.37,4056.82,4050.67,4052.34,3900.341,1640384399999,15810355.02335,7363,1848.912,7495359.75807,0
1640384400000,4052.34,4065.26,4052.34,4064.89,2992.221,1640384699999,12151644.27655,5468,2033.787,8258201.50763,0
1640384700000,4064.88,4066.96,4063.41,4066.83,1309.681,1640384999999,5324579.18314,4771,584.292,2375682.83471,0
1640385000000,4066.82,4067.00,4063.23,4064.99,1318.332,1640385299999,5359318.79389,4333,412.464,1676752.32372,0
1640385300000,4065.00,4069.79,4063.78,4069.40,1394.066,1640385599999,5668577.49733,4530,809.694,3292689.92245,0
1640385600000,4069.40,4069.40,4055.03,4055.03,2596.757,1640385899999,10554102.97675,5206,571.109,2321099.56406,0
1640385900000,4055.03,4055.44,4044.00,4047.75,4117.445,1640386199999,16671538.53879,8275,1812.976,7340377.50653,0
1640386200000,4048.00,4054.00,4037.18,4049.00,6747.024,1640386499999,27293405.14506,9607,3339.627,13513610.75379,0
1640386500000,4048.99,4054.61,4043.96,4052.72,2354.252,1640386799999,9534727.80238,5470,1177.968,4771235.22674,0
1640386800000,4052.72,4052.98,4037.27,4047.66,4401.034,1640387099999,17805724.17285,7128,2112.277,8547805.16805,0
1640387100000,4047.65,4055.52,4045.07,4047.76,3430.409,1640387399999,13895275.60544,5848,1898.137,7688859.44702,0
1640387400000,4047.76,4047.88,4020.21,4026.12,14177.052,1640387699999,57134449.70772,18685,4387.049,17678212.73046,0
1640387700000,4026.61,4034.53,4014.45,4034.53,9969.772,1640387999999,40111931.40368,12797,4820.975,19405630.45734,0
1640388000000,4034.52,4042.29,4034.12,4041.68,3801.131,1640388299999,15349667.06133,6737,2251.308,9092132.56330,0
1640388300000,4041.68,4041.80,4032.07,4040.53,4117.531,1640388599999,16620549.99875,6365,1714.687,6921653.45353,0
1640388600000,4040.74,4048.82,4035.35,4047.48,4993.286,1640388899999,20189113.99098,6863,2860.024,11564573.43827,0
1640388900000,4047.47,4054.62,4045.42,4050.01,4773.356,1640389199999,19337192.16109,7288,2533.048,10261808.63024,0
1640389200000,4050.00,4051.20,4034.57,4045.87,3516.337,1640389499999,14216018.81757,6340,1492.250,6033041.17656,0
1640389500000,4045.86,4047.55,4030.00,4037.77,4378.165,1640389799999,17672548.23631,7497,2033.964,8209106.65914,0
1640389800000,4037.76,4042.00,4032.00,4040.01,1447.732,1640390099999,5845922.04417,4773,805.326,3252182.46938,0
1640390100000,4040.00,4045.13,4035.86,4045.00,1960.870,1640390399999,7923937.82470,4754,1208.238,4883062.42710,0
1640390400000,4045.19,4045.85,4015.00,4036.84,13382.320,1640390699999,53922899.96654,12180,5071.834,20438239.10151,0
1640390700000,4037.62,4041.91,4031.13,4041.11,2788.318,1640390999999,11258221.83447,4781,1625.685,6564623.86332,0
1640391000000,4041.12,4044.74,4035.45,4041.15,2767.657,1640391299999,11185241.57565,6023,1318.032,5326905.53388,0
1640391300000,4041.15,4045.37,4038.43,4043.89,1745.450,1640391599999,7055900.67998,5254,953.132,3853193.91607,0
1640391600000,4043.90,4049.56,4041.26,4049.34,1973.408,1640391899999,7984640.54855,5241,1229.925,4976712.43417,0
1640391900000,4049.56,4052.18,4047.52,4050.38,2833.227,1640392199999,11474203.27567,5398,1511.299,6120905.15177,0
1640392200000,4050.55,4058.45,4048.54,4057.94,3898.728,1640392499999,15800367.99991,6935,2272.329,9210989.54833,0
1640392500000,4058.18,4066.61,4057.13,4059.78,6361.524,1640392799999,25839590.26882,8719,4115.595,16717062.12570,0
1640392800000,4059.79,4061.99,4050.84,4052.48,3050.760,1640393099999,12372868.51266,6223,1323.565,5368479.99482,0
1640393100000,4052.49,4058.46,4050.76,4051.91,2618.019,1640393399999,10613606.86611,5360,1238.230,5019997.72737,0
1640393400000,4051.92,4060.89,4051.78,4058.85,2533.102,1640393699999,10277611.31757,4790,1719.950,6978127.19571,0
1640393700000,4058.85,4064.95,4055.05,4063.79,2986.114,1640393999999,12126254.52814,6130,2024.289,8220604.60759,0
1640394000000,4063.79,4066.63,4060.67,4064.30,3125.465,1640394299999,12703648.82107,6724,1799.812,7315808.32483,0
1640394300000,4064.28,4065.40,4060.91,4063.88,1745.155,1640394599999,7090774.73032,5554,848.982,3449679.42189,0
1640394600000,4063.87,4074.43,4062.86,4070.88,4857.331,1640394899999,19768259.14116,9239,3351.356,13638469.75596,0
1640394900000,4070.73,4071.92,4060.32,4060.78,2900.055,1640395199999,11792557.98953,6495,778.333,3166020.01737,0
1640395200000,4060.77,4061.86,4057.00,4060.48,2437.067,1640395499999,9892748.02133,5824,974.011,3954144.34556,0
1640395500000,4060.65,4061.05,4054.14,4054.14,2016.589,1640395799999,8181895.87250,5156,760.351,3085075.32895,0
1640395800000,4054.20,4058.26,4051.30,4051.61,2454.266,1640396099999,9950485.35642,5095,1072.120,4347363.04309,0
1640396100000,4051.60,4054.42,4047.23,4049.67,2944.049,1640396399999,11923603.57476,5919,1040.719,4215208.24761,0
1640396400000,4049.67,4050.56,4040.73,4041.55,4276.039,1640396699999,17294428.30434,6683,1609.342,6509129.47555,0
1640396700000,4041.54,4047.22,4040.73,4046.84,1772.852,1640396999999,7169749.75021,5870,1054.772,4266085.69952,0
1640397000000,4046.83,4050.41,4043.00,4045.58,2378.933,1640397299999,9628154.31264,5211,1443.992,5845102.65008,0
1640397300000,4045.60,4054.00,4043.11,4053.13,1700.597,1640397599999,6885819.36579,4918,1154.276,4674300.43229,0
1640397600000,4053.04,4055.36,4050.55,4054.56,1949.609,1640397899999,7902590.25121,4609,1138.689,4615787.50446,0
1640397900000,4054.55,4054.56,4047.24,4048.02,1867.130,1640398199999,7564539.51383,4500,987.686,4001708.18246,0
1640398200000,4048.03,4051.96,4048.03,4049.25,1799.939,1640398499999,7289095.17798,4011,1313.202,5317634.51632,0
1640398500000,4049.25,4053.67,4048.72,4052.02,1448.470,1640398799999,5868439.77701,4338,615.059,2491991.89815,0
1640398800000,4052.04,4052.04,4048.47,4048.47,2038.607,1640399099999,8256471.97218,4414,782.240,3168125.81684,0
1640399100000,4048.46,4054.55,4048.09,4053.73,1648.949,1640399399999,6682858.86721,4153,783.723,3176023.14309,0
1640399400000,4053.73,4058.00,4053.40,4056.56,1768.685,1640399699999,7174449.04052,4526,1151.610,4671260.49608,0
1640399700000,4056.38,4056.92,4051.85,4052.35,906.035,1640399999999,3674243.16077,4058,508.805,2063452.25369,0
1640400000000,4052.36,4053.78,4049.73,4049.90,1009.256,1640400299999,4089038.74694,4086,441.524,1788887.50010,0
1640400300000,4049.90,4050.18,4040.61,4040.75,3043.123,1640400599999,12309273.52842,5816,1129.647,4570055.90029,0
1640400600000,4040.88,4044.79,4039.00,4041.13,2047.764,1640400899999,8275641.75565,5353,774.351,3129713.43536,0
1640400900000,4041.13,4043.27,4028.13,4028.13,6395.632,1640401199999,25806735.16464,8334,1374.089,5546247.03790,0
1640401200000,4028.18,4037.07,4025.69,4027.15,10030.713,1640401499999,40420926.11028,9677,5076.683,20454041.43890,0
1640401500000,4026.92,4033.01,4026.61,4033.01,2791.459,1640401799999,11247313.76392,5898,1766.347,7117302.20113,0
1640401800000,4033.00,4037.07,4031.16,4035.04,2581.701,1640402099999,10415700.91633,4701,1393.758,5623125.83554,0
1640402100000,4035.05,4035.78,4027.73,4034.65,4200.066,1640402399999,16927005.00757,6788,2471.023,9957976.16252,0
1640402400000,4034.99,4039.49,4034.48,4036.94,2271.757,1640402699999,9170787.28562,4971,983.965,3972241.90489,0
1640402700000,4037.07,4040.32,4037.07,4040.00,1680.869,1640402999999,6789415.36534,3947,644.459,2602936.24832,0
1640403000000,4040.01,4040.28,4037.90,4039.23,1358.619,1640403299999,5487123.24997,4190,477.340,1927880.89475,0
1640403300000,4039.22,4041.95,4037.28,4041.55,1710.747,1640403599999,6910408.45961,4078,885.991,3579214.98480,0
1640403600000,4041.54,4042.35,4039.60,4041.59,1412.739,1640403899999,5709027.19939,3808,678.613,2742404.74439,0
1640403900000,4041.59,4042.76,4037.01,4038.36,1946.788,1640404199999,7866195.37794,4574,1013.373,4094668.00444,0
1640404200000,4038.36,4039.92,4032.03,4032.20,2076.225,1640404499999,8378614.04562,4721,830.384,3351187.96270,0
1640404500000,4032.20,4038.08,4031.79,4038.08,1298.744,1640404799999,5240864.17902,4277,672.046,2711985.69484,0
1640404800000,4038.07,4039.10,4033.42,4039.10,1186.301,1640405099999,4787748.01519,4147,531.579,2145503.48965,0
1640405100000,4039.10,4045.77,4038.02,4045.20,2063.539,1640405399999,8341335.56325,5053,1411.821,5706667.65476,0
1640405400000,4045.20,4047.00,4043.57,4046.67,1329.331,1640405699999,5377839.50293,4681,661.517,2676227.13701,0
1640405700000,4046.65,4048.00,4045.00,4046.93,1677.647,1640405999999,6789105.64605,4542,662.406,2680772.31701,0
1640406000000,4046.94,4051.14,4046.01,4047.02,2986.508,1640406299999,12092252.74507,5815,1503.322,6087029.97826,0
1640406300000,4047.17,4048.71,4042.35,4044.52,1658.271,1640406599999,6707512.74333,4506,757.322,3063226.07179,0
1640406600000,4044.52,4045.00,4041.96,4042.58,1301.884,1640406899999,5263789.27270,4548,595.178,2406413.36104,0
1640406900000,4042.67,4045.00,4040.32,4041.58,1280.937,1640407199999,5177569.42673,4236,671.883,2715864.38918,0
1640407200000,4041.58,4044.80,4038.36,4039.10,1229.600,1640407499999,4969456.05478,4497,570.616,2306268.79523,0
1640407500000,4039.23,4045.20,4038.40,4044.89,1266.086,1640407799999,5116821.98426,3867,664.677,2686575.54227,0
1640407800000,4045.16,4046.42,4036.35,4036.37,1437.318,1640408099999,5808631.75656,3938,499.045,2017233.84275,0
1640408100000,4036.37,4040.53,4034.23,4039.39,1412.851,1640408399999,5703444.69373,4237,773.251,3121486.39071,0
1640408400000,4039.38,4044.79,4039.02,4043.22,1084.902,1640408699999,4386013.96922,4475,680.623,2751695.21466,0
1640408700000,4043.37,4043.51,4040.50,4043.17,934.651,1640408999999,3778253.74151,4028,465.088,1880100.69609,0
1640409000000,4043.17,4051.00,4041.31,4049.36,2568.103,1640409299999,10394965.74191,5368,1589.037,6431578.49604,0
1640409300000,4049.35,4051.40,4049.10,4050.76,2444.837,1640409599999,9902526.71339,4924,1289.865,5224560.87553,0
1640409600000,4050.75,4051.70,4047.78,4048.61,1098.481,1640409899999,4448299.27427,4249,520.365,2107281.95110,0
1640409900000,4048.62,4052.51,4048.13,4051.10,1303.761,1640410199999,5281038.19291,4490,740.147,2998039.04531,0
1640410200000,4051.10,4056.49,4050.48,4050.48,2576.734,1640410499999,10445793.70748,5615,1427.941,5788722.07025,0
1640410500000,4050.48,4051.10,4044.39,4045.62,2714.328,1640410799999,10984824.88002,4915,695.050,2812561.37394,0
1640410800000,4045.61,4047.87,4045.15,4046.04,893.219,1640411099999,3614293.25360,3616,466.581,1887951.98229,0
1640411100000,4046.04,4047.00,4043.92,4046.06,1039.429,1640411399999,4204912.17759,4068,517.457,2093329.11798,0
1640411400000,4046.07,4048.41,4044.39,4046.20,1017.057,1640411699999,4115260.37271,4119,503.517,2037398.95367,0
1640411700000,4046.21,4046.95,4043.57,4044.39,930.469,1640411999999,3763475.27035,3939,418.152,1691342.26352,0
1640412000000,4044.40,4046.00,4038.70,4040.65,2267.555,1640412299999,9165696.63839,5036,948.757,3835739.93631,0
1640412300000,4040.64,4041.84,4032.77,4035.47,5177.625,1640412599999,20904249.62237,6880,2406.375,9716602.66301,0
1640412600000,4035.47,4037.81,4026.14,4028.72,4843.933,1640412899999,19530950.99214,8654,1605.011,6472645.51440,0
1640412900000,4028.75,4035.45,4027.32,4032.09,3919.081,1640413199999,15803032.83972,6044,2045.474,8248364.93939,0
1640413200000,4032.09,4040.32,4032.01,4039.04,2403.512,1640413499999,9704568.87594,4784,1490.597,6018150.18708,0
1640413500000,4039.04,4042.00,4036.68,4042.00,1751.401,1640413799999,7076039.09363,4172,984.100,3976296.17693,0
1640413800000,4041.99,4049.26,4041.99,4048.57,3492.366,1640414099999,14130632.71123,4981,2529.079,10233121.46829,0
1640414100000,4048.58,4055.00,4046.82,4054.09,5084.387,1640414399999,20596342.45264,6629,3735.221,15131120.60974,0
1640414400000,4054.09,4055.47,4051.62,4054.68,2780.699,1640414699999,11273336.90336,5252,1429.740,5796693.43323,0
1640414700000,4054.68,4054.95,4050.33,4052.99,1538.754,1640414999999,6236765.15000,4485,603.520,2446161.64557,0
1640415000000,4052.99,4055.00,4051.70,4053.34,1201.902,1640415299999,4871998.85309,4348,638.880,2589713.14801,0
1640415300000,4053.34,4056.58,4053.34,4055.73,1266.627,1640415599999,5136375.95077,4442,695.537,2820509.24327,0
1640415600000,4055.73,4056.45,4053.24,4055.71,1975.076,1640415899999,8009242.38616,5697,1129.228,4579282.03061,0
1640415900000,4055.72,4056.13,4048.86,4054.01,1793.835,1640416199999,7270327.77546,6226,867.096,3514425.26818,0
1640416200000,4054.00,4056.00,4050.32,4055.91,1805.079,1640416499999,7316920.46268,5674,998.110,4046407.85357,0
1640416500000,4055.91,4057.80,4055.00,4055.70,1676.900,1640416799999,6802148.66969,5237,809.050,3281940.22456,0
1640416800000,4055.76,4059.02,4054.75,4056.98,2183.044,1640417099999,8856942.71331,4833,1541.437,6254083.74775,0
1640417100000,4056.98,4057.99,4055.91,4057.30,1290.458,1640417399999,5235277.15297,4721,671.747,2725276.83607,0
1640417400000,4057.31,4060.24,4048.28,4050.22,2935.196,1640417699999,11899413.85539,6605,1304.405,5289571.41036,0
1640417700000,4050.23,4050.73,4045.04,4045.60,1894.665,1640417999999,7667792.14816,4971,828.077,3351045.88542,0
1640418000000,4045.57,4045.57,4041.56,4043.09,1875.564,1640418299999,7584258.38539,5354,857.497,3467607.29832,0
1640418300000,4043.09,4047.72,4042.54,4046.45,1621.803,1640418599999,6561131.38920,4940,987.288,3994283.44154,0
1640418600000,4046.46,4048.86,4042.60,4048.71,1816.899,1640418899999,7351006.27226,4837,981.362,3970981.29996,0
1640418900000,4048.72,4052.84,4047.39,4050.90,1700.611,1640419199999,6888833.60902,4567,885.293,3585964.69163,0
1640419200000,4050.89,4052.82,4046.87,4048.24,1560.053,1640419499999,6318295.23267,4831,607.654,2461264.06886,0
1640419500000,4048.37,4053.22,4047.24,4052.11,1513.966,1640419799999,6132339.48208,4848,868.107,3516245.16582,0
1640419800000,4052.11,4052.48,4047.87,4048.00,1065.259,1640420099999,4314258.20280,4599,519.994,2105946.63434,0
1640420100000,4048.01,4050.34,4044.48,4044.59,1431.536,1640420399999,5794319.86152,4831,647.644,2621659.00572,0
1640420400000,4044.58,4047.64,4043.36,4043.87,1218.793,1640420699999,4930410.81687,4652,648.099,2621895.46057,0
1640420700000,4043.87,4045.61,4041.42,4044.14,2096.475,1640420999999,8477283.39283,4871,1048.500,4239807.22613,0
1640421000000,4044.14,4044.82,4041.54,4044.08,2019.358,1640421299999,8164747.68903,5290,1000.616,4046073.32087,0
1640421300000,4044.09,4045.47,4041.57,4043.56,1101.040,1640421599999,4452261.60343,4254,494.988,2001709.85349,0
1640421600000,4043.56,4048.72,4043.07,4048.44,1419.337,1640421899999,5742877.23176,4480,848.950,3435005.34106,0
1640421900000,4048.13,4051.50,4045.27,4051.32,1393.506,1640422199999,5641853.87737,4499,772.762,3128716.23020,0
1640422200000,4051.31,4054.51,4048.95,4054.51,2080.062,1640422499999,8427810.68759,4418,1111.280,4503083.88423,0
1640422500000,4054.50,4059.57,4052.36,4056.03,3849.626,1640422799999,15615710.28662,6074,2308.082,9363408.57740,0
1640422800000,4056.03,4057.39,4052.51,4054.70,2014.446,1640423099999,8168345.13557,4597,1153.756,4678312.34898,0
1640423100000,4054.70,4055.62,4052.35,4053.55,1431.726,1640423399999,5804043.29153,4703,534.574,2167219.65775,0
1640423400000,4053.42,4054.54,4051.80,4054.01,928.733,1640423699999,3764195.91132,4711,476.447,1931105.73680,0
1640423700000,4054.02,4058.85,4053.01,4058.06,2024.983,1640423999999,8212996.05724,4704,1251.068,5074359.66532,0
1640424000000,4058.02,4061.32,4056.23,4056.96,3927.939,1640424299999,15944606.01448,6353,1878.511,7625746.93802,0
1640424300000,4056.96,4059.97,4052.52,4053.56,2122.762,1640424599999,8608471.89231,5675,922.848,3742853.65734,0
1640424600000,4053.56,4055.05,4050.79,4052.77,1684.155,1640424899999,6825155.55754,5102,680.575,2758119.20699,0
1640424900000,4052.77,4053.72,4049.01,4051.04,1250.796,1640425199999,5067217.44416,4728,532.034,2155450.68933,0
1640425200000,4051.04,4051.42,4045.78,4049.26,2744.993,1640425499999,11112604.36370,5365,1157.332,4685408.39885,0
1640425500000,4049.23,4052.90,4048.59,4050.22,1212.583,1640425799999,4912864.72388,4783,644.642,2611767.87227,0
1640425800000,4050.22,4050.52,4046.28,4047.66,1219.026,1640426099999,4934359.76525,4146,510.880,2067763.59764,0
1640426100000,4047.75,4048.86,4044.39,4045.64,1502.543,1640426399999,6079761.27121,4799,665.362,2692297.51582,0
1640426400000,4045.61,4045.62,4038.34,4043.59,4747.112,1640426699999,19187485.56589,7758,1701.293,6876122.21076,0
1640426700000,4043.57,4048.45,4041.32,4046.00,2676.287,1640426999999,10826287.55098,5672,1367.328,5531775.98570,0
1640427000000,4046.12,4050.00,4045.45,4049.49,1311.048,1640427299999,5306801.16105,5116,845.638,3423148.68031,0
1640427300000,4049.48,4050.48,4048.04,4049.85,1983.818,1640427599999,8032972.06212,4870,1136.324,4601373.05183,0
1640427600000,4049.86,4049.93,4043.57,4048.24,1619.707,1640427899999,6553131.79164,5113,555.426,2247199.28521,0
1640427900000,4048.27,4051.61,4047.47,4049.89,1467.459,1640428199999,5943100.17504,4689,913.947,3701502.60612,0
1640428200000,4049.89,4051.70,4040.50,4040.79,2744.370,1640428499999,11103267.45519,5729,981.896,3974374.25269,0
1640428500000,4040.78,4047.50,4037.42,4043.63,4379.764,1640428799999,17704490.30348,7081,2370.226,9583064.67633,0
1640428800000,4043.62,4047.44,4040.02,4040.49,1935.871,1640429099999,7828476.62014,4738,821.144,3320965.53758,0
1640429100000,4040.49,4048.45,4040.04,4045.97,2115.461,1640429399999,8556357.47318,4825,1304.912,5277619.45097,0
1640429400000,4045.97,4046.82,4028.00,4030.33,9770.826,1640429699999,39413801.44380,11245,3304.992,13331604.50152,0
1640429700000,4030.00,4032.20,4020.86,4031.87,10319.999,1640429999999,41553563.93108,11994,4977.236,20045010.96312,0
1640430000000,4031.98,4036.20,4025.33,4036.18,6175.847,1640430299999,24884340.72965,8058,3058.374,12324327.65170,0
1640430300000,4036.19,4049.26,4033.34,4049.25,7697.376,1640430599999,31107466.68657,9225,4834.438,19537392.25089,0
1640430600000,4049.25,4051.50,4046.23,4048.87,4987.888,1640430899999,20193635.95639,8317,2645.994,10712940.00675,0
1640430900000,4048.86,4054.95,4047.10,4052.86,6861.750,1640431199999,27799635.32602,9483,4344.954,17604204.58788,0
1640431200000,4052.85,4053.01,4049.30,4049.88,1802.389,1640431499999,7300963.95046,5023,702.460,2845477.90357,0
1640431500000,4049.88,4052.11,4048.45,4050.98,1896.162,1640431799999,7680120.13624,4648,1057.512,4283350.24988,0
1640431800000,4051.05,4052.00,4045.76,4045.76,1922.159,1640432099999,7781934.11493,4870,691.626,2799913.19160,0
1640432100000,4045.76,4050.25,4045.20,4047.64,1855.219,1640432399999,7509509.88914,4683,1114.277,4510268.31695,0
1640432400000,4047.64,4049.26,4046.27,4048.86,798.152,1640432699999,3230683.74650,3781,412.471,1669585.39810,0
1640432700000,4048.85,4049.60,4043.77,4044.51,1622.769,1640432999999,6565514.51668,4443,509.628,2061947.27132,0
1640433000000,4044.63,4045.66,4043.17,4044.64,1443.821,1640433299999,5838955.30824,4548,862.158,3486689.60615,0
1640433300000,4044.32,4049.88,4044.16,4049.67,1315.567,1640433599999,5325817.74240,4473,797.251,3227506.47589,0
1640433600000,4049.68,4053.68,4049.00,4052.93,2551.659,1640433899999,10338718.43355,5147,1546.424,6265322.14582,0
1640433900000,4052.93,4057.39,4051.20,4055.69,2198.687,1640434199999,8916223.52380,5364,1478.651,5996225.75248,0
1640434200000,4055.50,4056.68,4051.30,4051.69,1713.909,1640434499999,6948344.19157,5430,594.146,2408857.35846,0
1640434500000,4051.69,4074.46,4050.36,4069.88,10673.237,1640434799999,43381021.47346,14250,7827.374,31813392.19690,0
1640434800000,4069.90,4077.00,4068.99,4075.89,10861.229,1640435099999,44245937.84337,12813,5561.050,22653418.78594,0
1640435100000,4075.74,4085.48,4071.72,4081.35,8476.423,1640435399999,34567248.48639,10835,4631.588,18890476.10517,0
1640435400000,4081.35,4095.36,4076.11,4090.65,15857.682,1640435699999,64780046.48966,17869,10115.474,41331867.35756,0
1640435700000,4090.65,4103.50,4086.17,4100.77,12836.883,1640435999999,52591578.35170,17539,8368.978,34288502.52115,0
1640436000000,4100.77,4107.21,4091.59,4092.00,6360.703,1640436299999,26056385.07374,10106,2971.751,12178067.41350,0
1640436300000,4092.00,4092.95,4080.41,4082.12,5823.970,1640436599999,23798055.08159,8634,1699.298,6943026.55363,0
1640436600000,4082.12,4092.37,4081.66,4083.60,3932.512,1640436899999,16071771.72798,5617,2063.930,8434753.43545,0
1640436900000,4083.61,4086.61,4082.13,4082.91,1830.401,1640437199999,7475641.98516,3364,1061.614,4335862.62341,0
1640437200000,4082.91,4083.45,4069.88,4072.03,7754.824,1640437499999,31601202.09933,8701,3461.346,14104981.57379,0
1640437500000,4072.03,4078.05,4065.83,4069.23,5851.816,1640437799999,23822759.86179,7591,2899.110,11802908.16455,0
1640437800000,4069.22,4073.96,4068.31,4073.56,2350.517,1640438099999,9570210.72625,4865,1505.486,6129587.26429,0
1640438100000,4073.56,4078.05,4069.66,4071.73,2516.042,1640438399999,10251982.27518,4578,1254.258,5110742.76842,0
1640438400000,4071.72,4073.45,4067.62,4070.91,1985.707,1640438699999,8082818.70972,4364,1041.002,4237658.85782,0
1640438700000,4070.92,4072.93,4069.24,4069.58,1093.320,1640438999999,4450451.62124,3092,480.470,1955909.08811,0
1640439000000,4069.58,4073.29,4066.66,4068.03,2294.232,1640439299999,9334373.19849,4664,903.099,3674742.94400,0
1640439300000,4068.02,4068.44,4063.95,4065.19,2394.926,1640439599999,9737020.57014,4959,1091.593,4438338.18517,0
1640439600000,4065.20,4076.12,4058.06,4073.48,10348.810,1640439899999,42081725.46778,10958,5950.285,24202028.93760,0
1640439900000,4073.47,4076.13,4070.01,4073.34,2374.812,1640440199999,9671737.51431,4244,1168.367,4758726.31604,0
1640440200000,4073.35,4078.58,4071.01,4076.11,1386.478,1640440499999,5651158.24342,3461,695.347,2834384.84427,0
1640440500000,4076.11,4078.37,4074.90,4076.54,1725.906,1640440799999,7036277.25899,2857,706.751,2881469.64945,0
1640440800000,4076.66,4078.35,4071.23,4075.31,1322.551,1640441099999,5387738.11385,3085,603.961,2460556.54518,0
1640441100000,4075.29,4077.70,4071.85,4072.82,1123.781,1640441399999,4580397.91338,2924,571.990,2331553.68104,0
1640441400000,4072.82,4075.52,4065.95,4066.96,2657.941,1640441699999,10815661.67422,4301,736.834,2998708.04831,0
1640441700000,4066.95,4069.61,4063.33,4064.10,3713.850,1640441999999,15099468.87166,4636,1404.933,5712793.97039,0
1640442000000,4064.10,4065.08,4060.40,4062.59,2649.474,1640442299999,10764067.58053,4416,861.268,3499361.37401,0
1640442300000,4062.60,4070.32,4061.79,4068.12,1361.618,1640442599999,5536086.61316,3518,837.393,3404610.70991,0
1640442600000,4068.12,4069.11,4061.44,4062.20,1457.373,1640442899999,5923269.97081,3396,484.033,1967428.75832,0
1640442900000,4062.20,4068.58,4061.74,4066.66,2807.959,1640443199999,11418139.68167,3384,1481.602,6024050.68855,0
1640443200000,4066.66,4069.00,4061.79,4062.21,1809.349,1640443499999,7355003.45675,3583,779.675,3169448.63701,0
1640443500000,4062.21,4066.62,4061.94,4065.91,826.917,1640443799999,3360979.37131,2795,389.251,1582000.46478,0
1640443800000,4065.86,4067.73,4064.38,4067.50,806.110,1640444099999,3277856.19614,2756,447.544,1819872.56645,0
1640444100000,4067.50,4067.89,4065.86,4067.49,540.369,1640444399999,2197592.74837,2253,279.234,1135633.31192,0
1640444400000,4067.49,4075.79,4066.26,4074.22,2680.321,1640444699999,10911657.51361,5280,1749.700,7123255.47097,0
1640444700000,4074.20,4074.39,4062.94,4066.12,2854.037,1640444999999,11608746.20495,4777,959.326,3901718.79391,0
1640445000000,4066.13,4068.04,4064.06,4065.72,723.482,1640445299999,2942009.96948,3054,416.841,1695143.02458,0
1640445300000,4065.71,4066.40,4060.00,4064.85,3126.887,1640445599999,12703381.66051,4631,1398.478,5682276.29598,0
1640445600000,4064.85,4064.89,4062.11,4063.65,780.407,1640445899999,3171323.90764,3200,410.083,1666555.32935,0
1640445900000,4063.65,4070.81,4063.35,4070.81,1611.280,1640446199999,6554180.11174,3746,1143.016,4649391.88416,0
1640446200000,4070.82,4075.02,4070.00,4074.41,2960.356,1640446499999,12058121.82696,4364,1636.000,6663687.23969,0
1640446500000,4074.40,4075.43,4073.05,4074.44,1617.780,1640446799999,6591007.96003,3014,831.343,3387084.78555,0
1640446800000,4074.44,4075.80,4071.00,4071.81,1457.257,1640447099999,5936378.67130,2926,459.345,1871449.41731,0
1640447100000,4071.81,4074.15,4070.91,4072.60,1388.129,1640447399999,5653715.32445,2714,789.625,3215889.93343,0
1640447400000,4072.61,4072.61,4068.35,4068.99,1556.656,1640447699999,6336162.10888,2834,404.798,1647688.49122,0
1640447700000,4068.99,4080.78,4068.99,4077.53,3266.977,1640447999999,13317535.46648,5751,1967.274,8019227.04095,0
1640448000000,4077.76,4100.01,4076.85,4093.42,18358.807,1640448299999,75150406.23023,15815,10798.224,44192119.32588,0
1640448300000,4093.42,4096.70,4076.83,4077.41,7062.649,1640448599999,28855772.66384,9329,2037.347,8323731.05265,0
1640448600000,4077.42,4085.85,4075.92,4082.02,3569.551,1640448899999,14570893.67204,6147,2358.008,9625585.12824,0
1640448900000,4082.02,4084.87,4075.10,4076.33,2650.170,1640449199999,10808916.45965,5171,1149.208,4687545.40611,0
1640449200000,4076.32,4085.28,4070.21,4082.27,5537.444,1640449499999,22575370.66467,7589,2564.484,10456441.29188,0
1640449500000,4082.28,4089.63,4082.28,4089.22,3669.321,1640449799999,14996358.88756,5814,2368.947,9681339.59878,0
1640449800000,4089.35,4094.01,4085.68,4089.35,3351.513,1640450099999,13709396.39373,5701,1619.282,6624307.14897,0
1640450100000,4089.34,4089.35,4083.65,4087.70,1924.891,1640450399999,7865895.97243,3902,643.041,2627986.62380,0
1640450400000,4087.69,4088.31,4079.17,4080.63,2343.266,1640450699999,9568144.45682,3877,683.270,2790054.68639,0
1640450700000,4080.63,4082.77,4076.77,4078.80,1709.904,1640450999999,6974369.56280,3810,770.214,3141802.54434,0
1640451000000,4078.81,4079.17,4073.47,4075.02,1698.610,1640451299999,6923918.66384,3807,679.728,2770910.69094,0
1640451300000,4075.02,4079.29,4072.65,4075.01,1851.399,1640451599999,7546230.08240,3214,973.869,3969850.33134,0
1640451600000,4075.01,4079.39,4073.10,4078.35,1719.486,1640451899999,7008591.61771,3441,1015.334,4138868.97671,0
1640451900000,4078.35,4078.76,4063.56,4066.55,5893.319,1640452199999,23977296.77772,7193,1775.338,7224334.44778,0
1640452200000,4066.55,4068.16,4062.13,4064.83,3444.376,1640452499999,14002387.12330,5099,1761.095,7159432.61364,0
1640452500000,4064.73,4067.75,4050.25,4052.66,9081.769,1640452799999,36843461.35246,10798,2886.180,11712654.35062,0
1640452800000,4052.67,4054.71,4038.94,4043.08,16099.623,1640453099999,65146267.49745,17672,5885.805,23821566.94663,0
1640453100000,4043.07,4054.15,4034.37,4047.30,9985.817,1640453399999,40368444.68293,11479,4860.396,19656217.71296,0
1640453400000,4047.30,4062.74,4041.02,4057.62,6740.281,1640453699999,27312856.59924,9465,4541.161,18404288.85210,0
1640453700000,4057.66,4058.00,4050.00,4052.12,3037.649,1640453999999,12313577.11922,4563,1337.984,5424398.54266,0
1640454000000,4052.12,4055.12,4044.11,4045.11,4437.456,1640454299999,17970358.21118,5917,1335.008,5407473.76560,0
1640454300000,4045.12,4056.03,4045.11,4052.67,2563.044,1640454599999,10384950.43092,3873,1920.930,7782867.19045,0
1640454600000,4052.70,4060.84,4049.03,4058.62,5129.236,1640454899999,20799242.24600,6170,3373.656,13679604.85089,0
1640454900000,4058.62,4069.60,4058.48,4066.53,6485.785,1640455199999,26362694.83683,8159,3620.772,14718297.05120,0
1640455200000,4066.53,4067.28,4060.86,4067.08,2369.153,1640455499999,9626912.49585,4499,1005.060,4084346.04325,0
1640455500000,4067.07,4070.61,4062.88,4062.88,3101.658,1640455799999,12615587.94879,4640,1309.062,5324886.18570,0
1640455800000,4062.88,4073.87,4061.00,4070.51,3137.825,1640456099999,12763354.05172,4672,1935.094,7873349.38940,0
1640456100000,4070.51,4079.93,4070.00,4077.72,4042.442,1640456399999,16468801.19368,5157,2436.510,9928488.91936,0
1640456400000,4077.71,4082.09,4076.76,4082.09,3703.922,1640456699999,15108885.21225,4338,2543.724,10377028.59080,0
1640456700000,4082.08,4086.57,4082.01,4086.56,3143.233,1640456999999,12838627.10080,5044,1937.887,7915334.23531,0
1640457000000,4086.57,4093.52,4085.37,4091.01,9546.989,1640457299999,39042412.27557,9312,5015.002,20509258.93895,0
1640457300000,4091.02,4091.02,4079.17,4080.80,4467.992,1640457599999,18247515.70916,6545,1560.171,6372658.83110,0
1640457600000,4080.80,4081.70,4076.72,4079.58,3276.062,1640457899999,13362302.81152,4693,1657.575,6760908.75998,0
1640457900000,4079.58,4083.65,4076.33,4078.78,1385.077,1640458199999,5649667.69867,3134,617.789,2520160.55326,0
1640458200000,4078.76,4079.60,4076.32,4076.75,1327.026,1640458499999,5411023.65877,2347,731.296,2981984.96220,0
1640458500000,4076.74,4089.20,4076.72,4081.11,3050.635,1640458799999,12460028.37518,4092,2020.677,8253975.36606,0
1640458800000,4081.11,4084.50,4075.10,4077.55,2421.421,1640459099999,9875775.05100,3511,947.258,3863906.97763,0
1640459100000,4077.55,4078.90,4071.43,4071.44,1810.216,1640459399999,7376980.89366,3125,630.444,2569678.34968,0
1640459400000,4071.43,4074.39,4071.00,4072.52,1279.995,1640459699999,5212539.85002,2835,727.912,2964324.62083,0
1640459700000,4072.53,4079.25,4072.00,4075.97,1405.639,1640459999999,5730014.63152,2751,1052.811,4291711.02116,0
1640460000000,4075.91,4077.83,4071.37,4072.56,1714.141,1640460299999,6980691.28972,2538,913.959,3721913.58081,0
1640460300000,4072.56,4075.33,4070.32,4074.77,1385.062,1640460599999,5640789.48672,2581,571.394,2327356.61286,0
1640460600000,4074.78,4076.61,4072.24,4075.02,572.335,1640460899999,2331964.49766,1994,261.424,1065181.27918,0
1640460900000,4075.12,4079.17,4073.06,4076.63,1010.148,1640461199999,4118451.94582,2391,583.207,2377872.83054,0
1640461200000,4076.62,4078.64,4073.51,4078.20,807.225,1640461499999,3290364.38899,1956,401.283,1635703.93157,0
1640461500000,4078.20,4080.39,4075.00,4078.57,1011.425,1640461799999,4125113.55176,2066,720.765,2939749.27644,0
1640461800000,4078.57,4081.62,4076.96,4078.45,1821.605,1640462099999,7431597.20316,2673,1199.714,4894690.98605,0
1640462100000,4078.36,4078.75,4073.95,4076.21,878.669,1640462399999,3581388.58322,1861,277.110,1129419.70012,0
1640462400000,4076.21,4078.98,4074.89,4077.12,769.725,1640462699999,3138185.31339,2318,434.037,1769624.16633,0
1640462700000,4077.12,4079.72,4075.52,4079.72,1502.731,1640462999999,6128612.43463,2112,1109.983,4527113.03041,0
1640463000000,4079.71,4079.72,4075.00,4076.31,855.623,1640463299999,3488562.94282,2416,344.800,1405712.82581,0
1640463300000,4076.32,4084.29,4075.52,4082.05,2946.261,1640463599999,12025780.89197,3174,1435.000,5857207.19344,0
1640463600000,4082.05,4082.40,4078.76,4080.33,858.939,1640463899999,3504906.15079,1812,536.658,2189737.61488,0
1640463900000,4080.34,4080.34,4077.17,4078.25,624.506,1640464199999,2547317.71239,1610,178.500,728061.59751,0
1640464200000,4078.26,4079.26,4074.69,4077.95,939.621,1640464499999,3830773.39507,2142,406.567,1657723.87581,0
1640464500000,4077.96,4078.99,4073.71,4074.19,1108.128,1640464799999,4516850.93638,2262,380.156,1549604.56698,0
1640464800000,4074.19,4088.99,4072.23,4083.95,4337.254,1640465099999,17710928.77519,5179,3144.770,12840696.83804,0
1640465100000,4084.11,4093.72,4083.27,4092.59,3516.698,1640465399999,14382285.90602,4609,2016.184,8245113.58014,0
1640465400000,4092.59,4110.50,4086.91,4110.27,10393.262,1640465699999,42615417.77750,13678,7355.360,30158840.79191,0
1640465700000,4110.24,4112.85,4098.13,4103.70,10304.191,1640465999999,42303556.97657,12620,4286.899,17599982.30169,0
1640466000000,4103.70,4115.46,4103.69,4112.73,6134.192,1640466299999,25210064.86300,8167,3942.769,16204560.86003,0
1640466300000,4112.73,4127.65,4111.89,4120.74,10681.962,1640466599999,44002453.44312,14834,6804.645,28031470.07117,0
1640466600000,4120.74,4136.80,4120.74,4129.87,9064.427,1640466899999,37423757.54490,12863,5532.533,22842369.50914,0
1640466900000,4129.87,4130.96,4117.50,4118.62,4102.980,1640467199999,16912151.36916,7905,1675.954,6908431.55430,0
1640467200000,4118.62,4131.17,4115.25,4124.63,5250.789,1640467499999,21657234.56355,7270,3303.415,13625217.70359,0
1640467500000,4124.64,4134.84,4121.60,4129.42,3301.288,1640467799999,13629073.73142,5282,1954.619,8070173.84760,0
1640467800000,4129.48,4138.47,4127.26,4131.51,5189.371,1640468099999,21444570.15944,8234,3172.720,13112048.10165,0
1640468100000,4131.51,4138.39,4129.31,4130.49,2735.430,1640468399999,11306017.42965,4757,1546.917,6393548.70348,0
1640468400000,4130.48,4134.20,4129.14,4130.54,2137.146,1640468699999,8829223.48540,3894,986.785,4076935.33498,0
1640468700000,4130.54,4130.87,4120.93,4122.29,3277.409,1640468999999,13520152.15987,5221,979.044,4038865.59484,0
1640469000000,4122.30,4127.22,4119.48,4122.11,2824.258,1640469299999,11645920.72674,4373,1368.441,5643034.98753,0
1640469300000,4122.11,4122.18,4117.89,4118.66,2261.389,1640469599999,9316575.95651,3478,656.076,2702848.67800,0
1640469600000,4118.67,4120.87,4113.37,4115.82,3113.437,1640469899999,12819641.26216,5056,1069.108,4402724.81978,0
1640469900000,4115.82,4115.83,4110.31,4110.68,2781.686,1640470199999,11439936.27674,5029,983.468,4044708.78854,0
1640470200000,4110.69,4114.42,4102.58,4104.69,4515.635,1640470499999,18544020.02224,6280,1469.617,6035330.11481,0
1640470500000,4104.69,4108.91,4102.92,4105.18,2219.763,1640470799999,9115265.31639,4496,1154.735,4742282.14249,0
1640470800000,4105.17,4105.36,4097.90,4100.19,4784.787,1640471099999,19622094.50168,6357,1948.737,7992556.60271,0
1640471100000,4100.19,4101.92,4095.46,4095.84,4094.280,1640471399999,16778519.10414,5480,2096.238,8591148.94979,0
1640471400000,4095.84,4099.82,4095.58,4098.89,1385.519,1640471699999,5677494.03239,3678,838.162,3434524.75531,0
1640471700000,4098.88,4099.81,4087.96,4088.94,6660.825,1640471999999,27251337.58654,6150,2976.148,12171969.84835,0
1640472000000,4088.94,4089.54,4080.86,4087.37,6101.629,1640472299999,24924258.69773,7771,2568.125,10491181.33242,0
1640472300000,4087.38,4092.61,4087.37,4091.91,2202.901,1640472599999,9011250.12411,3803,1334.614,5459492.71522,0
1640472600000,4091.91,4093.56,4089.51,4089.52,1163.958,1640472899999,4762186.75939,2740,670.369,2742813.26080,0
1640472900000,4089.53,4092.99,4085.35,4086.81,2857.521,1640473199999,11684786.95400,3560,1489.680,6092532.52381,0
1640473200000,4086.81,4087.14,4079.94,4082.00,4302.874,1640473499999,17565740.29517,5821,1907.844,7788785.11748,0
1640473500000,4082.00,4088.40,4080.40,4084.02,2864.708,1640473799999,11699198.82996,4444,1471.466,6009047.76659,0
1640473800000,4084.02,4094.99,4082.21,4092.79,4297.833,1640474099999,17570015.99056,4645,3314.950,13552745.33938,0
1640474100000,4092.79,4094.61,4084.07,4086.12,3074.937,1640474399999,12571948.44694,4198,993.619,4062373.13323,0
1640474400000,4086.11,4091.63,4085.29,4089.60,1421.348,1640474699999,5811346.64258,2560,787.628,3220759.50421,0
1640474700000,4089.60,4091.95,4083.83,4085.48,1584.663,1640474999999,6478080.48776,2859,481.520,1968117.84275,0
1640475000000,4085.47,4096.65,4085.45,4095.83,3010.015,1640475299999,12319403.55889,3963,1995.583,8166850.41217,0
1640475300000,4095.82,4103.20,4091.14,4096.72,3459.637,1640475599999,14176173.61303,4654,2165.071,8872979.16818,0
1640475600000,4096.72,4107.25,4096.71,4106.47,3177.998,1640475899999,13041497.39934,4513,2047.525,8401520.70544,0
1640475900000,4106.47,4106.89,4100.58,4102.31,1639.154,1640476199999,6726235.34191,3175,645.655,2649244.23788,0
1640476200000,4102.31,4106.48,4101.08,4105.31,1141.310,1640476499999,4683433.57321,2534,580.602,2382728.20014,0
1640476500000,4105.30,4106.07,4090.88,4093.87,5248.405,1640476799999,21495566.76598,6287,1340.627,5489213.82468,0
1640476800000,4093.88,4095.84,4080.48,4086.98,8826.327,1640477099999,36069812.42940,9123,4672.098,19094349.01091,0
1640477100000,4086.98,4090.65,4083.08,4089.85,2169.706,1640477399999,8868324.89700,3943,1282.170,5240367.10317,0
1640477400000,4089.85,4091.36,4088.00,4089.28,1106.136,1640477699999,4524297.52945,2662,436.657,1786054.28209,0
1640477700000,4089.27,4090.85,4086.61,4087.04,1717.216,1640477999999,7021272.74925,2646,383.548,1568418.67544,0
1640478000000,4087.05,4094.26,4085.55,4092.51,1518.675,1640478299999,6211448.63970,2970,945.541,3867585.48334,0
1640478300000,4092.61,4097.39,4092.61,4095.08,1605.478,1640478599999,6575027.24995,2811,904.161,3702942.34129,0
1640478600000,4095.08,4097.81,4093.32,4094.30,1090.088,1640478899999,4464688.87392,2619,501.726,2054959.04922,0
1640478900000,4094.39,4095.68,4085.14,4088.99,1785.468,1640479199999,7300293.60960,3132,694.864,2840611.23542,0
1640479200000,4089.00,4089.77,4071.06,4072.46,6915.083,1640479499999,28195775.36518,8520,2086.659,8506575.98890,0
1640479500000,4072.47,4077.78,4072.47,4075.88,3069.686,1640479799999,12510202.02582,3840,1922.189,7834163.39916,0
1640479800000,4075.88,4082.68,4075.69,4079.41,1626.567,1640480099999,6635206.21469,2894,1036.321,4227320.28244,0
1640480100000,4079.42,4082.72,4076.62,4080.41,1262.747,1640480399999,5150846.00455,2565,488.474,1992609.51541,0
1640480400000,4080.41,4086.08,4076.19,4083.84,2042.850,1640480699999,8338297.19818,3457,1204.710,4917436.45889,0
1640480700000,4083.84,4086.14,4081.53,4084.10,1412.736,1640480999999,5769460.72684,3019,713.703,2914798.40239,0
1640481000000,4084.10,4088.32,4083.99,4085.55,1048.070,1640481299999,4282775.98511,2481,571.978,2337255.36871,0
1640481300000,4085.55,4090.84,4085.54,4087.77,1453.311,1640481599999,5942231.11896,3279,888.633,3633412.72164,0
1640481600000,4087.78,4090.43,4080.13,4088.00,2490.466,1640481899999,10173504.92196,4011,986.734,4030625.77208,0
1640481900000,4087.99,4088.37,4082.44,4085.05,1106.726,1640482199999,4520763.04327,2603,434.213,1773615.28434,0
1640482200000,4085.05,4086.74,4081.05,4086.73,633.987,1640482499999,2588805.24033,2414,266.950,1090084.65752,0
1640482500000,4086.73,4098.42,4086.02,4095.32,5079.536,1640482799999,20796768.05486,5917,3722.831,15241983.53862,0
1640482800000,4095.33,4101.05,4095.33,4098.82,2930.919,1640483099999,12010435.78324,4646,1845.596,7563415.76556,0
1640483100000,4098.65,4101.29,4096.55,4100.12,2506.503,1640483399999,10275400.38247,3960,1322.479,5421498.19723,0
1640483400000,4100.21,4101.00,4096.44,4096.74,1453.764,1640483699999,5958508.40074,3380,603.848,2475156.41853,0
1640483700000,4096.73,4097.00,4087.17,4091.39,2337.505,1640483999999,9562988.98296,3799,916.837,3750061.91567,0
1640484000000,4091.38,4094.92,4086.35,4087.75,2383.552,1640484299999,9748583.11086,4081,974.039,3983869.47527,0
1640484300000,4087.75,4090.74,4086.10,4087.69,1692.235,1640484599999,6917670.12475,2730,853.620,3489529.12305,0
1640484600000,4087.70,4089.94,4085.72,4086.63,1232.346,1640484899999,5037617.30479,2249,549.515,2246317.15571,0
1640484900000,4086.71,4088.60,4082.28,4082.65,1415.629,1640485199999,5784253.40239,2843,596.948,2439694.77557,0
1640485200000,4082.65,4085.44,4080.24,4080.24,2204.830,1640485499999,9002038.18115,3083,955.856,3902924.66778,0
1640485500000,4080.30,4081.84,4077.79,4078.20,2051.162,1640485799999,8366836.95471,3442,811.857,3311764.71668,0
1640485800000,4078.21,4079.92,4058.26,4059.70,10833.724,1640486099999,44079681.09526,12929,2906.344,11828091.75246,0
1640486100000,4059.88,4065.34,4051.31,4056.94,12135.718,1640486399999,49240500.47029,14118,4908.477,19917120.18344,0
1640486400000,4056.86,4068.39,4056.42,4065.80,8376.310,1640486699999,34029982.60536,9402,4571.848,18575121.99828,0
1640486700000,4065.80,4070.04,4058.55,4068.34,3526.611,1640486999999,14333666.03582,4930,1841.054,7483727.71852,0
1640487000000,4068.34,4069.01,4065.05,4067.60,1674.751,1640487299999,6811349.37395,2988,891.886,3627455.93380,0
1640487300000,4067.60,4067.60,4063.00,4064.32,1430.837,1640487599999,5816278.63865,3041,673.357,2737167.45763,0
1640487600000,4064.32,4064.32,4050.01,4052.90,3233.671,1640487899999,13117693.71011,5842,1038.681,4213157.93718,0
1640487900000,4052.91,4060.66,4052.50,4056.27,2462.661,1640488199999,9991702.85781,4618,1351.565,5483528.34415,0
1640488200000,4056.27,4060.26,4049.24,4055.89,6618.555,1640488499999,26833391.27207,8348,2809.475,11392856.82662,0
1640488500000,4056.16,4056.58,4049.55,4056.57,3864.422,1640488799999,15661284.92844,4864,2013.361,8160565.62682,0
1640488800000,4056.57,4060.21,4053.33,4058.57,2327.006,1640489099999,9441028.16980,3482,1469.576,5962431.19759,0
1640489100000,4058.57,4061.07,4052.09,4057.90,1879.622,1640489399999,7624808.54962,2974,1063.927,4316237.00945,0
1640489400000,4057.80,4063.00,4054.20,4054.85,1949.346,1640489699999,7913521.25230,3264,1037.543,4212419.99425,0
1640489700000,4054.85,4055.72,4037.66,4038.48,14267.990,1640489999999,57698066.34214,14569,5673.366,22941531.50214,0
1640490000000,4038.60,4041.14,4022.60,4034.15,19404.108,1640490299999,78212741.88125,20415,9461.191,38137651.85576,0
1640490300000,4034.15,4034.15,4002.70,4020.18,24244.565,1640490599999,97340911.08219,30777,9242.354,37112793.05965,0
1640490600000,4020.40,4028.60,4013.63,4027.78,7135.229,1640490899999,28689852.81270,9745,4261.875,17138083.99781,0
1640490900000,4027.79,4031.15,4010.00,4012.27,7029.943,1640491199999,28260407.47395,9903,2994.070,12039092.97412,0
1640491200000,4012.21,4015.11,4002.00,4008.34,11117.036,1640491499999,44568200.32422,14666,5149.191,20645550.93342,0
1640491500000,4008.34,4025.50,4003.06,4024.27,6448.951,1640491799999,25894427.88171,9343,3658.110,14692763.83928,0
1640491800000,4024.27,4028.29,4018.67,4024.46,4262.748,1640492099999,17154208.66914,6566,2199.976,8853453.89053,0
1640492100000,4024.46,4028.85,4019.03,4019.03,2731.498,1640492399999,10993529.57572,6164,1365.015,5494876.72658,0
1640492400000,4019.04,4026.19,4019.03,4024.51,1649.608,1640492699999,6636783.30969,4244,1110.864,4469299.78948,0
1640492700000,4024.51,4024.91,4011.91,4013.00,3976.857,1640492999999,15979568.17285,5261,1071.708,4303882.12026,0
1640493000000,4013.00,4021.29,4011.00,4016.84,2060.777,1640493299999,8279438.45036,4447,1151.889,4627775.22413,0
1640493300000,4016.84,4020.54,4014.40,4018.94,1534.507,1640493599999,6164636.15199,3185,821.356,3299850.19047,0
1640493600000,4018.94,4022.70,4016.80,4018.65,1439.068,1640493899999,5785282.68237,3105,894.969,3597804.23799,0
1640493900000,4018.65,4022.25,4017.14,4021.67,1577.013,1640494199999,6340502.55141,3173,777.005,3124143.78613,0
1640494200000,4021.68,4024.36,4020.64,4021.11,2083.684,1640494499999,8382114.66929,3010,1148.358,4619618.81013,0
1640494500000,4021.01,4022.73,4020.00,4021.67,1636.782,1640494799999,6582071.98206,2765,658.383,2647641.80448,0
1640494800000,4021.66,4023.00,4016.20,4023.00,1682.778,1640495099999,6763309.69548,3597,842.281,3385623.23744,0
1640495100000,4023.00,4025.00,4017.01,4024.76,1575.898,1640495399999,6338786.23440,3248,856.499,3445165.72301,0
1640495400000,4024.76,4025.85,4020.74,4024.94,2386.912,1640495699999,9603982.13061,4112,1385.887,5576369.02708,0
1640495700000,4024.93,4026.66,4022.77,4025.60,1466.501,1640495999999,5902997.38197,4142,877.389,3531647.50683,0
1640496000000,4025.60,4025.60,4020.01,4023.99,1543.965,1640496299999,6209698.55022,3931,754.493,3034377.83804,0
1640496300000,4024.00,4032.10,4022.18,4029.79,4057.423,1640496599999,16345666.02356,5208,2861.632,11528782.64809,0
1640496600000,4029.79,4030.48,4022.73,4027.20,2069.887,1640496899999,8333268.86125,3674,686.306,2762773.88354,0
1640496900000,4027.20,4029.52,4024.34,4028.87,897.064,1640497199999,3612836.71683,2992,521.295,2099475.33051,0
1640497200000,4028.87,4029.60,4026.45,4027.21,848.943,1640497499999,3419495.45373,2810,426.302,1717135.44813,0
1640497500000,4027.21,4027.21,4022.62,4023.14,1376.123,1640497799999,5538026.70216,3309,615.541,2477139.41172,0
1640497800000,4023.38,4023.89,4017.18,4019.14,3178.259,1640498099999,12776589.22663,3720,923.837,3713394.52448,0
1640498100000,4019.13,4027.62,4019.13,4026.43,1018.225,1640498399999,4098205.58209,2516,675.510,2718766.00700,0
1640498400000,4026.42,4027.03,4021.53,4026.98,1204.364,1640498699999,4846441.73249,2833,567.275,2282802.75374,0
1640498700000,4026.97,4034.56,4025.58,4032.52,3280.221,1640498999999,13223477.35795,4417,2182.146,8796564.54119,0
1640499000000,4032.52,4032.52,4028.44,4031.28,2488.312,1640499299999,10028242.61925,3277,1196.366,4821279.09609,0
1640499300000,4031.24,4031.47,4025.58,4028.69,1298.339,1640499599999,5229336.96690,2674,566.204,2280463.53829,0
1640499600000,4028.69,4029.65,4023.13,4027.64,1548.727,1640499899999,6234672.07667,3039,742.988,2990821.54134,0
1640499900000,4027.64,4028.52,4024.03,4024.70,1147.678,1640500199999,4620911.98826,2468,359.245,1446531.89907,0
1640500200000,4024.69,4028.85,4022.72,4026.16,1397.849,1640500499999,5626406.39683,2458,601.888,2422755.53458,0
1640500500000,4026.16,4027.72,4019.65,4022.32,5157.978,1640500799999,20748152.38682,4353,2716.592,10926488.81518,0
1640500800000,4022.32,4022.32,4017.00,4018.97,2743.060,1640501099999,11024066.10448,4139,1385.373,5567768.56302,0
1640501100000,4018.98,4022.32,4018.59,4020.49,1172.694,1640501399999,4714226.23957,2693,653.175,2625679.97858,0
1640501400000,4020.48,4023.00,4019.63,4022.72,571.552,1640501699999,2298530.16936,1939,365.238,1468863.79159,0
1640501700000,4022.73,4026.80,4020.74,4026.43,1509.628,1640501999999,6075962.25259,2420,990.403,3986363.98623,0
1640502000000,4026.40,4028.00,4022.95,4025.37,1214.460,1640502299999,4889449.22675,2407,645.845,2600432.12324,0
1640502300000,4025.38,4026.53,4020.64,4020.64,1179.559,1640502599999,4745696.09222,2502,499.549,2010143.59407,0
1640502600000,4020.63,4024.23,4017.59,4023.91,1814.834,1640502899999,7294928.97705,3046,837.388,3366523.95031,0
1640502900000,4023.91,4028.85,4023.42,4028.84,1387.582,1640503199999,5587436.18786,2373,1023.542,4121709.31056,0
1640503200000,4028.84,4029.25,4027.26,4027.56,673.969,1640503499999,2714971.88452,2132,354.050,1426235.50010,0
1640503500000,4027.56,4028.84,4026.81,4028.32,925.677,1640503799999,3728421.95521,2121,462.602,1863273.51735,0
1640503800000,4028.31,4029.99,4027.01,4029.75,1066.826,1640504099999,4297743.98116,2244,571.045,2300522.75241,0
1640504100000,4030.00,4030.00,4027.64,4028.24,833.221,1640504399999,3356907.99583,1838,279.648,1126654.14002,0
1640504400000,4028.23,4029.66,4028.00,4028.01,779.750,1640504699999,3141344.10859,1928,356.307,1435454.70660,0
1640504700000,4028.00,4028.85,4025.95,4028.03,820.196,1640504999999,3303083.76525,2026,423.930,1707262.91176,0
1640505000000,4028.03,4034.80,4027.78,4031.47,2735.817,1640505299999,11030956.56987,3826,1624.068,6547942.08251,0
1640505300000,4031.48,4037.82,4031.30,4034.96,3072.095,1640505599999,12396608.71726,3730,2232.604,9009295.69851,0
1640505600000,4034.96,4035.36,4027.21,4027.43,2987.372,1640505899999,12042702.12297,4511,930.496,3751173.15588,0
1640505900000,4027.42,4033.00,4025.51,4032.93,2914.985,1640506199999,11741861.76974,6212,2042.766,8228912.27829,0
1640506200000,4032.93,4035.78,4031.00,4034.94,1955.262,1640506499999,7886150.04458,3427,1139.410,4595955.53114,0
1640506500000,4034.93,4038.85,4034.03,4038.32,3397.927,1640506799999,13716364.70356,4568,2006.382,8099673.89151,0
1640506800000,4038.31,4047.61,4036.82,4046.37,8148.492,1640507099999,32956504.21954,7092,4402.155,17803314.54040,0
1640507100000,4046.37,4048.67,4043.02,4047.00,4549.558,1640507399999,18409882.38258,4866,2637.563,10673323.00369,0
1640507400000,4047.03,4048.50,4039.63,4039.73,3029.051,1640507699999,12248973.74767,4436,900.810,3643345.95366,0
1640507700000,4039.72,4041.61,4033.74,4034.32,1798.794,1640507999999,7262925.68602,3711,578.061,2334172.09936,0
1640508000000,4034.32,4038.00,4034.14,4034.18,1511.078,1640508299999,6097975.94337,3194,631.016,2546627.69870,0
1640508300000,4034.18,4034.77,4026.98,4027.88,3388.511,1640508599999,13658264.17073,4692,904.570,3646344.62111,0
1640508600000,4027.90,4031.29,4026.54,4030.32,2198.911,1640508899999,8859182.99097,3448,1082.618,4361765.70349,0
1640508900000,4030.39,4031.84,4028.03,4031.58,1214.934,1640509199999,4895921.27441,2781,894.175,3603458.76753,0
1640509200000,4031.58,4031.87,4028.88,4031.26,1128.275,1640509499999,4547625.73761,2868,600.725,2421410.63675,0
1640509500000,4031.25,4034.45,4031.25,4033.00,956.526,1640509799999,3857436.26982,2740,693.156,2795340.42319,0
1640509800000,4033.00,4037.41,4031.31,4035.13,1738.382,1640510099999,7013751.83119,3067,1114.604,4496832.15925,0
1640510100000,4035.13,4037.78,4033.74,4037.77,903.791,1640510399999,3647405.05720,2696,601.312,2426799.81558,0
1640510400000,4037.76,4039.87,4037.54,4038.78,769.073,1640510699999,3106131.80532,2317,494.452,1996983.96322,0
1640510700000,4038.79,4039.31,4036.19,4036.51,1104.278,1640510999999,4458624.38801,2531,466.353,1882977.38528,0
1640511000000,4036.51,4037.73,4034.59,4034.66,1096.731,1640511299999,4426249.74954,2421,318.414,1285175.19389,0
1640511300000,4034.67,4041.90,4034.66,4041.48,1740.514,1640511599999,7030586.07264,3102,993.087,4011609.15776,0
1640511600000,4041.48,4042.00,4039.08,4040.87,1019.937,1640511899999,4121180.99786,2702,574.718,2322083.74697,0
1640511900000,4040.99,4049.87,4040.16,4047.01,6019.520,1640512199999,24356954.55172,6575,4261.808,17244355.16277,0
1640512200000,4047.01,4047.85,4037.68,4038.96,2687.090,1640512499999,10862637.14774,4727,1118.640,4522245.45532,0
1640512500000,4038.96,4044.75,4037.90,4041.14,1815.865,1640512799999,7338217.00932,3393,1076.815,4351757.05677,0
1640512800000,4041.15,4045.54,4041.09,4042.71,1422.911,1640513099999,5754066.60933,3228,838.958,3392683.73196,0
1640513100000,4042.72,4042.72,4034.34,4035.67,1867.211,1640513399999,7538457.84274,3460,400.313,1616144.23991,0
1640513400000,4035.68,4043.42,4033.74,4034.76,3171.441,1640513699999,12806708.02168,3733,1196.708,4834339.65772,0
1640513700000,4034.77,4037.07,4033.43,4036.54,1060.367,1640513999999,4279457.52490,2598,593.670,2396091.69376,0
1640514000000,4036.53,4040.20,4035.55,4038.64,902.722,1640514299999,3644633.21879,2763,590.879,2385566.93677,0
1640514300000,4039.01,4043.94,4037.65,4041.13,1316.632,1640514599999,5321644.05309,3538,747.027,3019511.50284,0
1640514600000,4041.12,4043.94,4040.01,4041.07,848.550,1640514899999,3429855.19957,2785,361.753,1462339.37602,0
1640514900000,4041.07,4050.87,4038.63,4049.84,3442.710,1640515199999,13929747.61109,4609,2405.486,9733073.34308,0
1640515200000,4049.83,4050.46,4045.44,4047.55,1637.225,1640515499999,6627656.39468,3318,716.831,2901802.91415,0
1640515500000,4047.55,4048.83,4040.25,4044.97,1563.248,1640515799999,6321266.74655,2869,611.474,2472452.84512,0
1640515800000,4044.98,4045.48,4042.00,4044.01,1016.134,1640516099999,4108617.20779,2153,403.823,1632866.23012,0
1640516100000,4044.01,4048.03,4043.34,4047.58,734.728,1640516399999,2972680.18995,2086,472.641,1912304.05341,0
1640516400000,4047.58,4051.46,4046.79,4049.18,1921.172,1640516699999,7778726.85794,3455,1176.141,4762208.30505,0
1640516700000,4049.17,4054.54,4047.01,4052.51,3797.807,1640516999999,15386547.66784,5089,2327.245,9429181.65635,0
1640517000000,4052.51,4056.00,4048.57,4049.36,2169.775,1640517299999,8793885.16596,4641,1026.660,4161416.69662,0
1640517300000,4049.43,4052.00,4047.01,4051.07,1210.467,1640517599999,4901157.09356,3222,578.236,2341570.20105,0
1640517600000,4051.07,4054.52,4051.07,4052.41,1260.754,1640517899999,5109366.17617,3091,654.322,2651716.35307,0
1640517900000,4052.42,4052.42,4049.00,4049.32,941.297,1640518199999,3813241.20540,2406,334.954,1357037.50769,0
1640518200000,4049.31,4049.74,4041.08,4042.67,2287.871,1640518499999,9255674.72964,3919,658.642,2664626.35649,0
1640518500000,4042.67,4042.67,4029.66,4031.74,7695.206,1640518799999,31046146.61838,8766,2580.683,10410349.23043,0
1640518800000,4031.75,4034.73,4023.14,4033.87,8480.160,1640519099999,34153492.40605,8166,4228.226,17029597.69518,0
1640519100000,4033.86,4034.15,4011.06,4022.38,12767.013,1640519399999,51348897.96933,14175,4589.877,18462176.08465,0
1640519400000,4022.39,4032.51,4020.28,4030.00,5322.740,1640519699999,21437318.36530,6434,2487.847,10020710.91386,0
1640519700000,4030.01,4033.33,4027.23,4031.44,2116.582,1640519999999,8532057.66033,3591,1199.074,4833612.23357,0
1640520000000,4031.45,4037.00,4020.28,4034.03,8548.811,1640520299999,34450460.23134,8979,3727.775,15027990.58801,0
1640520300000,4034.03,4039.00,4031.05,4036.94,3890.111,1640520599999,15699450.85305,5016,1606.456,6484024.85547,0
1640520600000,4036.93,4038.81,4033.09,4037.57,1452.604,1640520899999,5863751.68455,3368,781.922,3156739.58457,0
1640520900000,4037.94,4038.99,4034.99,4038.63,2350.211,1640521199999,9487413.28408,3427,1314.237,5305601.99989,0
1640521200000,4038.62,4038.63,4033.42,4034.96,1091.279,1640521499999,4403239.53185,2741,532.212,2147335.90784,0
1640521500000,4034.96,4034.96,4024.77,4031.09,2781.338,1640521799999,11208451.58736,4610,1006.103,4054387.01116,0
1640521800000,4031.09,4034.15,4027.36,4028.75,1989.174,1640522099999,8018941.36013,3369,800.545,3227501.65837,0
1640522100000,4028.84,4036.52,4028.57,4035.37,1687.204,1640522399999,6805422.18139,2944,1040.702,4197915.86315,0
1640522400000,4035.38,4044.75,4035.38,4042.99,3901.274,1640522699999,15766165.25057,5470,2480.112,10023020.73754,0
1640522700000,4043.00,4048.00,4039.35,4047.20,2577.043,1640522999999,10423971.43375,4195,1625.497,6575340.01125,0
1640523000000,4047.20,4048.42,4045.00,4046.76,2343.582,1640523299999,9483761.86275,2973,1267.154,5127948.75401,0
1640523300000,4046.76,4047.20,4043.00,4043.40,1570.729,1640523599999,6353838.99103,2908,572.098,2314290.26543,0
1640523600000,4043.50,4045.00,4040.39,4041.45,1076.389,1640523899999,4351136.44428,2496,372.948,1507570.09489,0
1640523900000,4041.46,4045.79,4037.82,4037.82,2047.884,1640524199999,8277624.73519,3437,609.772,2465117.75102,0
1640524200000,4037.80,4041.49,4037.00,4040.59,1441.230,1640524499999,5821513.53355,3035,858.189,3466530.88347,0
1640524500000,4040.62,4046.88,4040.62,4045.38,1337.959,1640524799999,5411591.18340,2898,809.783,3274943.06168,0
1640524800000,4045.52,4046.00,4043.26,4043.72,852.457,1640525099999,3448150.91091,2446,407.358,1647788.57794,0
1640525100000,4043.72,4045.00,4036.60,4039.00,1627.814,1640525399999,6577847.50000,2584,375.365,1516460.87138,0
1640525400000,4039.01,4044.34,4039.00,4041.08,1103.982,1640525699999,4462338.93261,2559,604.367,2442645.33140,0
1640525700000,4041.09,4045.98,4041.09,4044.71,895.720,1640525999999,3622409.27486,2210,485.677,1964155.58780,0
1640526000000,4044.71,4044.71,4037.49,4038.00,982.828,1640526299999,3970811.91773,2334,324.782,1312319.51004,0
1640526300000,4038.00,4042.59,4037.82,4040.28,906.673,1640526599999,3663686.61102,2162,431.277,1742617.15142,0
1640526600000,4040.28,4040.93,4032.68,4037.42,2470.190,1640526899999,9969484.65556,3477,964.646,3893542.79177,0
1640526900000,4037.42,4041.08,4037.42,4041.08,816.274,1640527199999,3297584.46149,1945,484.226,1956196.18002,0
1640527200000,4041.08,4043.12,4039.45,4041.83,802.039,1640527499999,3241352.90608,2040,391.932,1584019.82472,0
1640527500000,4041.89,4044.34,4039.04,4043.94,884.893,1640527799999,3576836.01690,2394,512.282,2070721.98196,0
1640527800000,4043.93,4044.99,4041.99,4042.07,966.493,1640528099999,3908152.46740,2531,628.537,2541632.68806,0
1640528100000,4042.07,4042.07,4035.78,4037.02,1709.425,1640528399999,6901631.81405,3167,605.328,2443908.05011,0
1640528400000,4037.02,4041.20,4037.00,4040.13,974.762,1640528699999,3937524.88009,2602,579.813,2342086.54043,0
1640528700000,4040.14,4040.74,4035.54,4038.13,805.957,1640528999999,3254131.91345,2738,262.850,1061277.88473,0
1640529000000,4038.14,4040.77,4035.18,4038.01,1166.320,1640529299999,4710001.61743,2931,416.530,1682061.80218,0
1640529300000,4038.00,4040.81,4037.42,4038.63,759.522,1640529599999,3068478.21987,2074,311.205,1257323.23637,0
1640529600000,4038.63,4045.00,4037.30,4043.99,1248.672,1640529899999,5047303.13734,2551,733.922,2966314.54811,0
1640529900000,4043.99,4044.75,4037.82,4041.31,1809.876,1640530199999,7313689.87994,3212,892.158,3604875.57901,0
1640530200000,4041.31,4051.69,4041.11,4049.70,4297.384,1640530499999,17396176.83471,5262,3172.137,12841789.61784,0
1640530500000,4049.70,4055.00,4048.42,4049.03,4087.849,1640530799999,16564980.49474,5162,2952.004,11963200.65851,0
1640530800000,4049.03,4051.28,4046.79,4050.47,1865.036,1640531099999,7552465.04542,3236,840.697,3404967.45814,0
1640531100000,4050.47,4050.62,4046.00,4047.75,919.015,1640531399999,3720235.97790,2851,423.125,1712990.78713,0
1640531400000,4047.75,4048.83,4046.20,4047.93,928.659,1640531699999,3758773.39949,2864,435.581,1763050.63655,0
1640531700000,4047.93,4062.29,4047.92,4056.39,8016.734,1640531999999,32522852.52871,10216,5319.614,21581019.87593,0
1640532000000,4056.27,4066.33,4054.00,4064.57,6153.151,1640532299999,24990720.13050,8756,4122.265,16741828.63896,0
1640532300000,4064.56,4066.20,4058.29,4060.49,3781.746,1640532599999,15363333.25419,5596,1053.881,4281373.51659,0
1640532600000,4060.50,4064.51,4053.04,4055.41,2748.845,1640532899999,11152618.73230,5309,1002.837,4070027.53208,0
1640532900000,4055.42,4059.58,4054.13,4058.26,1351.847,1640533199999,5485273.74111,3524,855.401,3470985.83575,0
1640533200000,4058.27,4059.40,4055.21,4056.01,972.887,1640533499999,3946848.06903,2707,354.550,1438464.78049,0
1640533500000,4056.01,4056.99,4043.58,4047.19,3819.356,1640533799999,15467053.55681,5553,1219.336,4937484.23672,0
1640533800000,4047.20,4052.19,4047.20,4051.95,1565.633,1640534099999,6341406.68642,3138,1023.743,4146435.88255,0
1640534100000,4051.88,4052.91,4050.77,4051.95,711.528,1640534399999,2883100.30845,2166,359.385,1456262.46190,0
1640534400000,4051.96,4065.00,4051.96,4058.21,5243.180,1640534699999,21277947.36350,5961,3609.308,14646952.48376,0
1640534700000,4058.21,4062.00,4050.88,4051.33,2557.894,1640534999999,10375456.40241,4444,554.097,2248844.00376,0
1640535000000,4051.33,4056.07,4046.50,4047.63,2380.820,1640535299999,9644211.26143,4844,917.913,3718387.89245,0
1640535300000,4047.63,4052.14,4047.61,4050.46,1127.728,1640535599999,4567208.24885,3419,687.075,2782543.91609,0
1640535600000,4050.45,4052.79,4049.69,4052.00,911.460,1640535899999,3692546.41931,3290,519.758,2105718.45056,0
1640535900000,4052.00,4059.89,4051.29,4059.21,1736.597,1640536199999,7040619.18738,3591,1370.907,5557949.46722,0
1640536200000,4059.20,4076.97,4058.00,4067.94,9368.032,1640536499999,38112906.87237,12116,6015.017,24471699.26187,0
1640536500000,4068.22,4070.00,4064.00,4069.33,3067.123,1640536799999,12475376.12021,5349,1436.356,5842888.48121,0
1640536800000,4069.40,4074.12,4062.70,4072.15,4057.633,1640537099999,16508026.92759,5750,2565.601,10440375.34757,0
1640537100000,4072.05,4075.00,4068.84,4069.64,2694.708,1640537399999,10974810.57666,4905,1390.210,5662266.57008,0
1640537400000,4069.63,4073.00,4064.18,4067.80,1473.918,1640537699999,5997116.64613,3854,600.981,2445500.19118,0
1640537700000,4067.80,4070.44,4065.00,4067.60,1278.588,1640537999999,5200438.26398,3141,648.186,2636540.30282,0
1640538000000,4067.60,4073.40,4067.60,4067.78,1729.165,1640538299999,7038940.16992,4194,666.254,2712269.01421,0
1640538300000,4067.78,4068.41,4063.11,4064.60,1127.315,1640538599999,4582765.02135,3210,336.321,1367345.39156,0
1640538600000,4064.61,4069.28,4064.33,4066.01,702.537,1640538899999,2857349.72876,2832,340.949,1386672.89648,0
1640538900000,4066.00,4069.78,4065.60,4067.59,1082.923,1640539199999,4404995.31289,2867,466.417,1897240.94226,0
1640539200000,4067.58,4069.35,4067.09,4069.02,926.743,1640539499999,3770514.37498,2643,498.065,2026426.29806,0
1640539500000,4069.01,4077.17,4068.45,4070.95,2370.499,1640539799999,9653692.20474,4749,1300.922,5298644.88983,0
1640539800000,4070.96,4074.79,4069.63,4073.94,1484.432,1640540099999,6044907.95188,3221,819.023,3335171.64813,0
1640540100000,4073.94,4075.17,4071.84,4073.53,1021.117,1640540399999,4160030.70771,2681,418.761,1705991.78352,0
1640540400000,4073.53,4075.74,4071.29,4074.11,1047.763,1640540699999,4267840.04257,2906,743.147,3027218.24333,0
1640540700000,4074.12,4074.48,4070.00,4070.57,1079.172,1640540999999,4393656.17984,2727,331.930,1351387.77628,0
1640541000000,4070.57,4073.70,4065.51,4065.51,1928.444,1640541299999,7848062.53424,3372,329.940,1343533.72521,0
1640541300000,4065.51,4071.00,4060.25,4070.71,3097.601,1640541599999,12590899.07951,4541,1560.621,6343447.54879,0
1640541600000,4070.72,4072.74,4064.03,4069.99,1774.618,1640541899999,7219574.74986,4305,729.149,2966488.62563,0
1640541900000,4069.99,4071.62,4062.85,4065.54,2073.661,1640542199999,8432656.82974,4046,630.281,2562774.13329,0
1640542200000,4065.55,4066.56,4062.53,4065.14,1507.136,1640542499999,6125953.57948,3587,594.890,2417941.11687,0
1640542500000,4065.15,4067.46,4064.35,4064.55,574.043,1640542799999,2334097.60160,2880,329.506,1339801.22539,0
1640542800000,4064.67,4068.95,4064.66,4068.39,640.735,1640543099999,2606160.38319,2642,352.901,1435434.22424,0
1640543100000,4068.41,4072.00,4068.00,4070.86,1109.670,1640543399999,4516857.85014,2853,635.907,2588324.97226,0
1640543400000,4070.86,4071.88,4070.36,4070.36,585.598,1640543699999,2384133.46066,2496,221.587,902104.36876,0
1640543700000,4070.36,4071.58,4068.82,4070.33,647.225,1640543999999,2634377.03013,2563,286.858,1167587.25369,0
1640544000000,4070.32,4070.59,4067.59,4069.04,518.335,1640544299999,2109100.64504,2178,188.295,766136.09656,0
1640544300000,4069.04,4069.85,4065.55,4066.78,1214.604,1640544599999,4939689.49846,2234,228.991,931266.14983,0
1640544600000,4066.77,4068.07,4063.11,4063.35,1362.421,1640544899999,5538829.98872,2702,441.603,1795619.39105,0
1640544900000,4063.16,4076.17,4061.62,4073.53,6161.544,1640545199999,25073183.18571,5954,4057.038,16510213.85633,0
1640545200000,4073.54,4079.24,4073.53,4074.20,3303.927,1640545499999,13469112.66264,5854,2141.715,8731160.20462,0
1640545500000,4074.20,4076.42,4069.98,4073.40,1688.620,1640545799999,6877883.73225,3233,748.401,3048445.90072,0
1640545800000,4073.39,4075.74,4071.47,4071.48,600.509,1640546099999,2446506.69888,2466,306.715,1249651.74099,0
1640546100000,4071.48,4071.97,4065.96,4067.58,1480.394,1640546399999,6022274.02681,2951,546.159,2221851.93310,0
1640546400000,4067.59,4074.25,4067.58,4072.75,1410.976,1640546699999,5744242.51818,2877,991.106,4034387.95516,0
1640546700000,4072.74,4073.29,4069.00,4069.00,835.703,1640546999999,3402310.39462,2490,366.835,1493457.22156,0
1640547000000,4069.01,4076.65,4068.00,4076.06,1411.977,1640547299999,5753262.53927,2694,845.826,3446512.17991,0
1640547300000,4076.07,4079.22,4073.64,4077.31,2102.652,1640547599999,8572008.72392,2810,639.506,2607242.30665,0
1640547600000,4077.31,4079.63,4070.40,4073.74,2936.712,1640547899999,11969960.09776,3585,913.367,3723123.19633,0
1640547900000,4073.74,4074.12,4069.64,4072.49,1073.245,1640548199999,4370390.92701,2740,478.510,1948567.73257,0
1640548200000,4072.50,4075.00,4071.91,4074.40,608.508,1640548499999,2478794.47164,1997,360.993,1470589.97719,0
1640548500000,4074.40,4075.00,4072.50,4074.12,532.060,1640548799999,2167555.41073,1832,280.305,1141893.49761,0
1640548800000,4074.00,4079.57,4074.00,4078.01,1786.452,1640549099999,7283528.51729,3671,1276.569,5204706.40002,0
1640549100000,4078.00,4082.55,4076.14,4081.06,3168.716,1640549399999,12926033.78521,5813,1433.033,5846613.94174,0
1640549400000,4081.05,4081.84,4076.60,4076.95,1391.667,1640549699999,5677467.51595,3099,396.494,1617737.58143,0
1640549700000,4076.96,4079.36,4075.72,4076.17,1419.521,1640549999999,5787738.46824,2895,566.556,2309911.96148,0
1640550000000,4076.18,4079.35,4072.08,4072.89,1007.326,1640550299999,4105574.75442,2598,375.137,1529437.87236,0
1640550300000,4072.89,4074.18,4069.22,4070.18,1700.632,1640550599999,6923942.75652,2873,668.971,2723607.05309,0
1640550600000,4070.18,4070.55,4068.00,4068.42,1064.188,1640550899999,4330679.66224,2587,608.601,2476817.16199,0
1640550900000,4068.41,4076.15,4068.41,4071.41,1635.777,1640551199999,6661928.48114,2941,1088.685,4433593.46439,0
1640551200000,4071.41,4075.00,4071.26,4073.71,464.274,1640551499999,1891330.85304,2132,214.911,875483.95096,0
1640551500000,4073.72,4075.96,4073.27,4074.53,526.241,1640551799999,2144295.65518,2043,246.148,1002995.34486,0
1640551800000,4074.54,4078.31,4074.53,4075.00,1303.361,1640552099999,5313402.04222,2398,608.991,2482625.74799,0
1640552100000,4075.33,4076.54,4070.09,4070.09,635.315,1640552399999,2587253.83221,2056,192.838,785372.24418,0
1640552400000,4070.10,4070.56,4057.80,4059.45,4393.730,1640552699999,17851295.03330,5871,1041.254,4230649.14413,0
1640552700000,4059.45,4062.61,4050.11,4050.78,5441.196,1640552999999,22068853.51827,6734,1697.364,6885666.17230,0
1640553000000,4050.79,4051.79,4042.05,4050.44,7415.862,1640553299999,30016359.98421,9466,3398.843,13757063.92803,0
1640553300000,4050.43,4057.40,4045.61,4057.38,3247.595,1640553599999,13163025.44819,5192,2165.373,8776578.34499,0
1640553600000,4057.29,4061.88,4055.36,4060.13,2018.288,1640553899999,8191261.61486,3721,1132.573,4596760.43729,0
1640553900000,4060.12,4074.88,4060.12,4071.66,4347.633,1640554199999,17689107.42617,5724,2632.138,10708591.84680,0
1640554200000,4071.66,4082.28,4071.66,4080.24,5290.226,1640554499999,21571559.28671,5481,3236.590,13197498.35273,0
1640554500000,4080.24,4091.97,4079.83,4091.03,11821.865,1640554799999,48311793.81374,12662,8105.499,33124602.64551,0
1640554800000,4091.02,4095.99,4091.02,4092.84,3775.271,1640555099999,15452596.60488,7267,2027.373,8298805.19236,0
1640555100000,4092.85,4098.58,4090.45,4097.86,5652.276,1640555399999,23143970.12404,7892,3248.555,13302397.85048,0
1640555400000,4097.86,4104.84,4090.03,4091.67,10111.910,1640555699999,41438767.85690,13123,4975.645,20394938.93222,0
1640555700000,4091.66,4095.47,4080.64,4081.05,6523.079,1640555999999,26653063.51129,7535,2129.907,8702046.79298,0
1640556000000,4081.06,4085.69,4080.85,4084.33,3165.623,1640556299999,12926035.92601,4394,2169.338,8857751.14914,0
1640556300000,4084.33,4085.50,4078.00,4081.73,4923.707,1640556599999,20094006.08047,5948,1679.771,6856346.89806,0
1640556600000,4081.46,4087.00,4081.25,4082.03,2587.295,1640556899999,10567975.93015,3479,1700.887,6947815.80853,0
1640556900000,4082.03,4082.68,4077.79,4081.87,1883.014,1640557199999,7683354.58333,3282,587.246,2396232.23729,0
1640557200000,4081.90,4088.36,4081.89,4087.76,1546.007,1640557499999,6315379.68395,3154,1009.406,4123448.76752,0
1640557500000,4087.75,4087.98,4080.64,4080.81,1505.893,1640557799999,6151353.88951,3341,473.513,1934304.54664,0
1640557800000,4080.82,4087.17,4077.45,4086.44,1692.054,1640558099999,6907622.49200,3493,870.379,3553764.40435,0
1640558100000,4086.43,4092.88,4086.35,4091.88,2313.123,1640558399999,9459491.78004,4251,1544.437,6316237.05727,0
1640558400000,4091.87,4092.15,4083.50,4086.99,1936.338,1640558699999,7914915.17549,3764,648.773,2652343.29698,0
1640558700000,4087.00,4088.50,4079.16,4083.50,2838.956,1640558999999,11589169.84258,3666,1167.437,4766117.84655,0
1640559000000,4083.01,4084.46,4079.56,4082.60,1318.791,1640559299999,5383569.43866,2367,467.811,1909864.54143,0
1640559300000,4082.61,4083.40,4080.41,4081.34,1056.100,1640559599999,4310845.03446,2017,407.074,1661555.46466,0
1640559600000,4081.34,4091.08,4073.95,4074.35,6053.151,1640559899999,24702967.73855,7786,2495.749,10188870.43204,0
1640559900000,4074.35,4080.07,4072.31,4075.15,3414.919,1640560199999,13920663.80339,5140,1731.183,7057467.96324,0
1640560200000,4075.15,4079.66,4073.13,4075.01,1145.120,1640560499999,4668403.00482,3032,634.503,2586895.68246,0
1640560500000,4075.01,4076.39,4071.50,4072.64,1401.765,1640560799999,5709805.89363,3270,623.621,2540266.36925,0
1640560800000,4072.63,4074.90,4068.90,4071.75,2318.400,1640561099999,9438223.14394,3837,935.485,3808850.19338,0
1640561100000,4071.74,4071.92,4060.04,4065.74,5634.786,1640561399999,22903354.83452,6737,1952.112,7933096.88743,0
1640561400000,4065.75,4068.48,4061.26,4062.88,2327.821,1640561699999,9460243.17935,3353,1390.966,5653008.43877,0
1640561700000,4062.88,4070.02,4058.80,4066.29,4608.124,1640561999999,18724955.30362,4789,1981.119,8054574.97736,0
1640562000000,4066.29,4068.59,4062.49,4065.17,856.856,1640562299999,3483173.63139,2258,473.150,1923374.71779,0
1640562300000,4065.18,4069.96,4065.18,4067.43,1233.000,1640562599999,5016451.79437,2612,833.047,3389378.58987,0
1640562600000,4067.44,4071.04,4067.02,4069.32,1032.576,1640562899999,4201782.29690,2540,611.873,2489802.64883,0
1640562900000,4069.31,4070.22,4058.82,4062.24,2602.429,1640563199999,10573514.84213,3676,1050.145,4266270.05673,0
1640563200000,4062.40,4071.85,4062.40,4065.75,2668.349,1640563499999,10853539.82745,4602,1600.510,6510400.80269,0
1640563500000,4065.76,4068.19,4064.52,4068.18,1183.088,1640563799999,4810525.33759,2611,618.246,2513878.98692,0
1640563800000,4068.19,4076.86,4066.68,4071.44,1684.933,1640564099999,6860067.48306,3564,1235.953,5032642.15246,0
1640564100000,4071.48,4077.78,4068.95,4072.89,3774.522,1640564399999,15383290.45611,4289,1327.130,5408362.75582,0
1640564400000,4072.90,4079.13,4072.90,4077.08,1835.660,1640564699999,7483653.02544,2975,1293.428,5273256.24622,0
1640564700000,4077.35,4078.19,4074.02,4075.90,968.117,1640564999999,3946460.87068,2599,424.733,1731466.06905,0
1640565000000,4075.99,4079.32,4073.00,4077.85,1010.062,1640565299999,4117727.82596,2647,643.563,2623785.96138,0
1640565300000,4077.86,4077.86,4061.58,4068.04,4471.386,1640565599999,18189952.01026,5243,1277.448,5196022.48244,0
1640565600000,4068.04,4068.04,4056.63,4061.29,6078.419,1640565899999,24683987.49218,6959,2161.109,8775796.91680,0
1640565900000,4061.29,4067.19,4058.50,4062.34,2897.199,1640566199999,11769793.65611,4249,1559.155,6334403.29043,0
1640566200000,4062.35,4063.55,4058.01,4058.30,1233.928,1640566499999,5010130.11320,3071,540.737,2195595.71483,0
1640566500000,4058.31,4062.73,4057.55,4060.58,1800.610,1640566799999,7309291.43635,3420,883.045,3584498.55142,0
1640566800000,4060.57,4060.70,4052.00,4054.36,3279.716,1640567099999,13298929.20538,5322,897.360,3638609.49567,0
1640567100000,4054.14,4056.66,4052.49,4054.65,2959.950,1640567399999,12002303.79260,4699,1131.557,4588464.30212,0
1640567400000,4054.65,4055.79,4047.00,4050.32,3175.668,1640567699999,12862912.52492,5797,1006.770,4078416.31704,0
1640567700000,4050.32,4055.41,4047.72,4054.06,2191.012,1640567999999,8876359.98263,3852,1154.205,4676265.30899,0
1640568000000,4054.06,4062.95,4053.66,4060.14,2824.693,1640568299999,11465471.82152,4159,1853.054,7520813.70999,0
1640568300000,4060.01,4065.99,4059.99,4064.71,1376.436,1640568599999,5593430.10561,2809,874.673,3554518.27557,0
1640568600000,4064.72,4064.77,4061.52,4062.34,1107.734,1640568899999,4500785.03138,2491,466.258,1894512.73426,0
1640568900000,4062.33,4062.34,4058.27,4058.27,1043.140,1640569199999,4235986.87471,1964,226.776,920952.99833,0
1640569200000,4058.27,4062.79,4056.23,4062.01,1259.150,1640569499999,5110051.19820,2593,568.789,2308723.20182,0
1640569500000,4062.01,4068.43,4060.68,4066.63,3332.572,1640569799999,13549529.58822,3847,2329.113,9470396.75457,0
1640569800000,4066.63,4072.61,4066.39,4072.50,3211.650,1640570099999,13067987.95928,3817,1891.872,7698900.74038,0
1640570100000,4072.49,4076.16,4069.91,4073.91,2988.596,1640570399999,12173238.06037,4451,2024.587,8247183.66272,0
1640570400000,4073.91,4075.16,4064.77,4066.31,2712.362,1640570699999,11037823.91312,4135,731.942,2979963.57853,0
1640570700000,4066.31,4070.82,4066.31,4069.49,1344.378,1640570999999,5470307.11880,2272,942.063,3833413.11789,0
1640571000000,4069.49,4074.53,4066.02,4074.11,1813.677,1640571299999,7383136.08736,3371,1061.959,4323802.07494,0
1640571300000,4074.12,4074.53,4070.46,4070.46,1040.982,1640571599999,4239158.85447,2717,387.224,1577076.68994,0
1640571600000,4070.47,4073.00,4069.85,4072.08,868.961,1640571899999,3538055.41047,2392,452.116,1840920.31037,0
1640571900000,4072.08,4075.99,4072.08,4074.30,1219.300,1640572199999,4967911.82214,2663,738.921,3010686.09823,0
1640572200000,4074.12,4075.33,4072.62,4074.76,1048.792,1640572499999,4272596.31685,2314,510.609,2080200.74595,0
1640572500000,4074.62,4077.93,4073.36,4076.99,1823.311,1640572799999,7431604.94268,3279,1109.113,4520795.74244,0
1640572800000,4077.00,4077.73,4074.75,4076.97,1813.482,1640573099999,7392387.42054,2691,1032.248,4208091.08289,0
1640573100000,4076.97,4079.45,4075.19,4079.36,1569.537,1640573399999,6400226.56270,2902,1134.942,4628323.46166,0
1640573400000,4079.35,4079.36,4074.94,4076.65,1952.403,1640573699999,7960821.15358,2865,603.927,2462541.62758,0
1640573700000,4076.66,4077.38,4068.41,4070.07,2543.817,1640573999999,10357510.55139,3233,772.544,3145237.83297,0
1640574000000,4070.40,4072.50,4068.02,4071.54,1332.306,1640574299999,5422714.63513,2676,757.797,3084461.04393,0
1640574300000,4071.54,4074.62,4070.06,4073.91,1109.443,1640574599999,4517838.56331,2268,365.802,1489789.07924,0
1640574600000,4073.90,4076.00,4073.08,4073.84,834.578,1640574899999,3400799.26801,2352,554.331,2258885.26860,0
1640574900000,4073.84,4075.75,4073.73,4075.71,725.245,1640575199999,2955149.61995,2236,393.286,1602549.38706,0
1640575200000,4075.75,4083.89,4075.75,4083.28,3541.049,1640575499999,14450153.87320,4376,2963.807,12095272.51750,0
1640575500000,4083.29,4086.25,4082.60,4085.02,3450.832,1640575799999,14093167.98621,4155,2097.413,8566402.69705,0
1640575800000,4085.02,4085.92,4082.68,4085.09,2165.764,1640576099999,8846093.54624,3364,1126.625,4601812.96579,0
1640576100000,4085.10,4086.73,4080.63,4082.01,1849.844,1640576399999,7555051.02675,3200,930.365,3800048.47015,0
1640576400000,4082.00,4084.86,4081.02,4084.30,1476.952,1640576699999,6030628.24045,2838,652.281,2663495.83456,0
1640576700000,4084.45,4084.70,4080.63,4081.22,1814.550,1640576999999,7407499.32824,2551,516.229,2107351.19676,0
1640577000000,4081.23,4081.23,4077.78,4078.18,2556.997,1640577299999,10430689.51465,3044,807.502,3294324.25429,0
1640577300000,4078.18,4081.04,4078.18,4079.89,848.837,1640577599999,3462801.74034,1945,427.606,1744394.23658,0
1640577600000,4079.89,4081.04,4076.16,4076.57,1598.850,1640577899999,6520686.41734,2909,499.343,2036688.11483,0
1640577900000,4076.56,4076.60,4074.12,4075.34,1460.484,1640578199999,5952082.43399,3008,507.883,2069796.56156,0
1640578200000,4075.35,4079.41,4074.53,4076.56,1152.664,1640578499999,4699066.17195,3175,764.369,3116128.73724,0
1640578500000,4076.57,4077.38,4070.10,4071.15,1830.193,1640578799999,7454659.22898,3573,705.835,2875404.70154,0
1640578800000,4071.15,4073.70,4069.24,4070.43,1725.308,1640579099999,7023789.72967,3713,737.207,3001556.88013,0
1640579100000,4070.43,4072.39,4067.83,4068.84,2591.143,1640579399999,10545603.62264,4068,820.574,3339749.00677,0
1640579400000,4068.84,4073.02,4068.02,4070.94,1637.511,1640579699999,6666519.91817,3636,1003.858,4087007.97611,0
1640579700000,4070.93,4071.12,4068.02,4070.98,1093.223,1640579999999,4449060.57506,2331,399.281,1625002.48611,0
1640580000000,4070.98,4072.39,4067.01,4069.52,1386.351,1640580299999,5642502.51621,2720,755.535,3075266.50054,0
1640580300000,4069.52,4071.56,4066.39,4071.56,1241.986,1640580599999,5052712.77009,3101,703.088,2860508.94175,0
1640580600000,4071.56,4071.60,4066.09,4067.65,1817.966,1640580899999,7396382.33014,3291,379.507,1543990.68746,0
1640580900000,4067.64,4070.28,4065.01,4068.43,1902.960,1640581199999,7740482.20744,3227,948.181,3856923.47745,0
1640581200000,4068.44,4069.20,4065.73,4066.64,1094.113,1640581499999,4450169.92761,2873,585.037,2379578.48858,0
1640581500000,4066.64,4067.17,4062.68,4065.30,1562.695,1640581799999,6351388.01827,3488,536.605,2181154.38747,0
1640581800000,4065.30,4068.00,4064.06,4066.57,1094.240,1640582099999,4449244.88496,2911,665.628,2706549.39320,0
1640582100000,4066.57,4066.92,4060.26,4062.73,1795.216,1640582399999,7293288.64835,3480,689.469,2801400.71784,0
1640582400000,4062.74,4066.80,4062.63,4066.74,1170.419,1640582699999,4757490.85750,2749,689.193,2801513.41462,0
1640582700000,4066.74,4069.07,4065.28,4065.28,1259.862,1640582999999,5123803.64565,2388,765.590,3113867.02960,0
1640583000000,4065.29,4068.84,4065.29,4068.01,752.646,1640583299999,3061510.97575,2122,559.427,2275565.41809,0
1640583300000,4068.02,4068.38,4063.50,4065.55,842.135,1640583599999,3424547.17947,2684,409.695,1666193.50683,0
1640583600000,4065.55,4068.61,4063.56,4067.42,756.909,1640583899999,3078364.74930,2137,559.348,2275048.01075,0
1640583900000,4067.41,4067.61,4064.50,4065.04,608.090,1640584199999,2472296.42643,1775,220.027,894527.97078,0
1640584200000,4065.03,4065.20,4061.40,4062.04,1287.476,1640584499999,5231254.99777,2412,301.342,1224262.92060,0
1640584500000,4062.04,4063.41,4060.30,4062.18,1648.229,1640584799999,6694580.87608,3020,774.957,3147685.61268,0
1640584800000,4062.17,4065.00,4060.95,4063.45,1090.599,1640585099999,4431304.24023,2623,656.714,2668438.96351,0
1640585100000,4063.32,4063.32,4058.26,4061.28,2129.449,1640585399999,8647043.63136,3360,547.492,2223405.24314,0
1640585400000,4061.28,4061.29,4056.23,4056.63,2379.125,1640585699999,9654316.58289,3597,764.078,3100587.53950,0
1640585700000,4056.63,4062.00,4056.31,4061.20,2093.390,1640585999999,8496709.34174,3644,1252.835,5085296.57477,0
1640586000000,4061.21,4062.00,4060.50,4060.77,619.270,1640586299999,2515014.19081,2399,249.389,1012844.96818,0
1640586300000,4060.76,4062.33,4059.40,4059.75,759.697,1640586599999,3085342.38544,2021,376.691,1529951.17743,0
1640586600000,4059.75,4066.80,4059.74,4066.38,2929.139,1640586899999,11904681.98718,3520,1802.022,7323537.46000,0
1640586900000,4066.38,4068.00,4065.19,4067.28,1378.933,1640587199999,5607848.74997,2233,835.177,3396537.37296,0
1640587200000,4067.27,4070.06,4067.21,4068.90,1694.997,1640587499999,6896742.04019,2440,975.066,3967216.18234,0
1640587500000,4068.90,4069.00,4066.00,4066.33,830.001,1640587799999,3375834.26973,1889,248.626,1011118.19785,0
1640587800000,4066.33,4071.60,4066.33,4069.07,2417.357,1640588099999,9837522.54367,3217,1252.260,5096094.54067,0
1640588100000,4069.08,4070.46,4066.20,4068.75,1179.694,1640588399999,4799213.97490,2705,533.414,2170079.16707,0
1640588400000,4068.75,4068.76,4063.14,4064.37,1698.129,1640588699999,6902632.01909,3128,360.453,1465186.34644,0
1640588700000,4064.36,4068.02,4064.25,4066.34,786.727,1640588999999,3199008.89328,2189,455.667,1852793.18486,0
1640589000000,4066.35,4069.35,4065.63,4065.63,827.154,1640589299999,3364508.93584,2472,450.304,1831774.08766,0
1640589300000,4065.64,4068.43,4064.43,4066.14,893.268,1640589599999,3632237.74476,2404,484.283,1969323.66620,0
1640589600000,4066.14,4070.56,4066.13,4068.28,1570.655,1640589899999,6391197.93669,2540,1180.283,4802740.79688,0
1640589900000,4068.18,4068.18,4064.26,4065.60,895.301,1640590199999,3640123.29144,2245,306.999,1248207.65626,0
1640590200000,4065.60,4065.60,4052.21,4052.97,4247.623,1640590499999,17238127.44275,5524,897.385,3642397.40898,0
1640590500000,4052.97,4057.54,4052.58,4054.25,3465.555,1640590799999,14053432.69409,4752,1850.295,7503677.86730,0
1640590800000,4054.24,4057.01,4052.56,4056.73,1343.049,1640591099999,5446174.04694,3333,889.257,3606240.68318,0
1640591100000,4056.72,4056.73,4048.50,4048.65,5702.287,1640591399999,23099437.09959,8116,1823.461,7386215.00996,0
1640591400000,4048.64,4051.63,4048.00,4050.59,2639.340,1640591699999,10689421.58084,4617,1534.540,6215135.32686,0
1640591700000,4050.59,4054.22,4050.45,4051.16,1831.000,1640591999999,7419521.44949,3868,1123.232,4551716.16169,0
1640592000000,4051.16,4053.79,4049.04,4052.76,2352.301,1640592299999,9530291.61931,4647,1075.986,4359977.90270,0
1640592300000,4052.76,4057.45,4052.66,4057.07,2831.821,1640592599999,11484838.97143,4521,2037.690,8264195.78824,0
1640592600000,4057.10,4062.69,4055.01,4061.17,3026.731,1640592899999,12284939.62724,5739,1834.832,7447667.29441,0
1640592900000,4061.18,4061.92,4058.31,4061.92,1979.497,1640593199999,8037437.34357,4406,1155.704,4692613.24636,0
1640593200000,4061.91,4063.14,4060.88,4062.34,1357.078,1640593499999,5512505.47425,3687,754.280,3064000.50244,0
1640593500000,4062.34,4062.73,4059.75,4060.20,1266.452,1640593799999,5143000.67431,3510,429.811,1745484.26806,0
1640593800000,4060.19,4061.11,4057.85,4059.44,1480.675,1640594099999,6010307.76032,4057,586.932,2382590.77800,0
1640594100000,4059.45,4060.01,4055.17,4055.85,1310.697,1640594399999,5318248.49232,3709,455.180,1847123.74726,0
1640594400000,4055.84,4056.56,4051.52,4054.05,2358.609,1640594699999,9560932.13475,4571,992.854,4024883.21957,0
1640594700000,4054.05,4054.28,4043.28,4044.04,5119.354,1640594999999,20719122.45239,7858,1514.337,6128563.39427,0
1640595000000,4044.03,4047.60,4043.17,4043.62,3746.828,1640595299999,15155417.25187,5900,1855.528,7505996.78942,0
1640595300000,4043.62,4044.75,4033.00,4037.40,9148.835,1640595599999,36948436.46520,12591,3143.963,12698324.20268,0
1640595600000,4037.41,4040.36,4033.04,4037.82,5942.869,1640595899999,23990941.50835,8643,3574.824,14432363.37736,0
1640595900000,4037.82,4037.85,4033.08,4036.33,4616.983,1640596199999,18630815.93510,6923,2012.480,8121106.89455,0
1640596200000,4036.36,4045.58,4035.89,4044.34,4494.775,1640596499999,18170147.45392,6625,3226.432,13041934.59321,0
1640596500000,4044.34,4047.68,4042.74,4047.27,3366.644,1640596799999,13618386.64088,5364,1887.667,7636235.51715,0
1640596800000,4047.28,4048.00,4044.29,4046.32,1881.916,1640597099999,7614718.34732,4793,879.707,3559642.12992,0
1640597100000,4046.32,4047.60,4043.13,4045.64,1369.564,1640597399999,5540483.06807,3845,776.330,3140716.38595,0
1640597400000,4045.64,4046.00,4040.09,4043.03,1721.626,1640597699999,6959822.07484,4002,623.278,2519838.67639,0
1640597700000,4043.02,4045.85,4039.14,4044.51,2291.180,1640597999999,9262166.38723,4547,1211.379,4898202.75920,0
1640598000000,4044.66,4048.00,4041.36,4047.28,1744.814,1640598299999,7058820.01437,3986,1074.250,4346509.33834,0
1640598300000,4047.27,4055.01,4046.46,4055.00,4020.286,1640598599999,16287922.48484,5644,2831.100,11469993.83938,0
1640598600000,4055.01,4055.22,4052.00,4054.01,2217.448,1640598899999,8988324.43494,3674,728.157,2951654.72437,0
1640598900000,4054.00,4055.41,4052.00,4052.01,2065.285,1640599199999,8371886.64763,3789,810.074,3283970.53495,0
1640599200000,4052.00,4055.82,4052.00,4055.41,2609.054,1640599499999,10578763.33924,3914,1152.559,4673357.77516,0
1640599500000,4055.39,4061.47,4054.12,4059.23,3951.227,1640599799999,16032235.06752,4746,2420.336,9821982.95045,0
1640599800000,4059.23,4060.70,4056.09,4056.63,2060.805,1640600099999,8363903.67038,3596,1197.360,4859975.90448,0
1640600100000,4056.44,4060.51,4054.41,4059.78,1451.605,1640600399999,5889632.27085,3439,797.662,3236815.48795,0
1640600400000,4059.79,4060.29,4055.43,4057.05,1415.956,1640600699999,5746516.04971,3084,409.973,1663970.35877,0
1640600700000,4057.04,4058.28,4055.05,4057.86,871.527,1640600999999,3535740.85867,2675,364.625,1479303.47733,0
1640601000000,4057.85,4058.45,4055.68,4056.08,888.149,1640601299999,3603298.16728,2485,295.217,1197677.71868,0
1640601300000,4056.08,4056.28,4052.97,4053.40,1296.182,1640601599999,5254727.47141,2596,408.419,1655785.78750,0
1640601600000,4053.40,4056.23,4050.70,4054.97,1930.108,1640601899999,7823338.47531,3105,684.924,2776460.87272,0
1640601900000,4054.96,4058.26,4049.85,4057.85,3871.426,1640602199999,15692952.01881,4113,1765.941,7160692.70867,0
1640602200000,4057.86,4060.29,4055.46,4060.04,2210.881,1640602499999,8971846.25202,3823,1315.644,5339150.92707,0
1640602500000,4060.04,4060.70,4055.73,4058.46,1839.781,1640602799999,7465813.51869,3848,779.252,3162300.91876,0
1640602800000,4058.46,4062.39,4057.60,4060.78,2476.152,1640603099999,10054986.41454,3852,1280.184,5198654.64251,0
1640603100000,4060.70,4063.99,4059.61,4062.28,2445.492,1640603399999,9934963.79003,4546,1248.214,5071121.03914,0
1640603400000,4062.27,4065.77,4060.99,4063.39,2490.216,1640603699999,10119986.65734,4198,1607.126,6531430.88556,0
1640603700000,4063.39,4064.37,4062.00,4064.14,933.657,1640603999999,3793441.46406,2944,425.327,1728099.45565,0
1640604000000,4064.14,4064.15,4055.26,4056.32,2906.447,1640604299999,11793797.49997,4347,956.027,3879047.27087,0
1640604300000,4056.33,4059.46,4053.50,4054.72,2387.292,1640604599999,9685077.09068,3519,914.967,3712166.56448,0
1640604600000,4054.72,4058.29,4053.64,4058.03,1163.316,1640604899999,4718823.92178,2995,692.590,2809602.76160,0
1640604900000,4058.03,4058.22,4055.55,4057.96,790.070,1640605199999,3205494.22249,2517,335.444,1360990.31009,0
1640605200000,4058.00,4060.42,4058.00,4059.16,1056.578,1640605499999,4289002.25946,2941,661.785,2686430.07720,0
1640605500000,4059.16,4061.00,4054.76,4056.18,1747.005,1640605799999,7089608.93525,3061,595.972,2419058.29063,0
1640605800000,4056.21,4057.96,4055.12,4056.57,704.692,1640606099999,2858590.65697,2848,356.205,1444963.97730,0
1640606100000,4056.58,4060.00,4055.82,4059.69,809.741,1640606399999,3285644.63384,2569,445.049,1805847.81088,0
1640606400000,4059.70,4060.99,4057.13,4058.36,1519.813,1640606699999,6168615.46508,3070,523.476,2124966.38039,0
1640606700000,4058.34,4058.97,4055.00,4056.30,1777.183,1640606999999,7208144.12320,3367,707.955,2871447.57042,0
1640607000000,4056.29,4057.09,4054.00,4057.05,1464.055,1640607299999,5937034.21312,3554,609.661,2472458.30253,0
1640607300000,4057.05,4057.06,4042.80,4044.78,5896.050,1640607599999,23868948.85211,8206,1646.483,6664206.68823,0
1640607600000,4044.78,4053.12,4044.68,4051.88,2835.921,1640607899999,11484063.74163,4934,2009.483,8137545.14844,0
1640607900000,4051.89,4067.95,4051.32,4067.91,6376.958,1640608199999,25897140.61934,7409,4532.726,18407866.77021,0
1640608200000,4067.91,4082.56,4067.66,4082.20,15110.765,1640608499999,61592008.19572,14383,9474.581,38618464.26628,0
1640608500000,4082.20,4094.00,4081.97,4087.12,20333.921,1640608799999,83127020.72893,20428,10923.721,44655210.76732,0
1640608800000,4087.13,4087.60,4080.24,4085.03,8857.291,1640609099999,36169765.37326,10448,3383.525,13818323.70887,0
1640609100000,4085.04,4085.70,4077.99,4079.06,4895.455,1640609399999,19977072.80685,8611,2141.181,8738392.62651,0
1640609400000,4079.06,4085.19,4078.36,4085.16,3024.273,1640609699999,12343638.14069,5406,1928.230,7870698.16578,0
1640609700000,4085.15,4086.83,4078.30,4080.00,2942.126,1640609999999,12012061.54310,5719,1185.044,4838881.96432,0
1640610000000,4080.00,4084.99,4080.00,4083.92,2933.708,1640610299999,11979995.62321,5111,1688.875,6896620.06654,0
1640610300000,4083.93,4087.71,4080.96,4081.33,3965.646,1640610599999,16198003.43175,6288,1606.213,6561750.22565,0
1640610600000,4081.33,4081.33,4070.53,4071.59,4722.567,1640610899999,19246871.30080,8197,1488.209,6065908.63433,0
1640610900000,4071.59,4078.69,4071.42,4075.18,3394.247,1640611199999,13832329.78775,5525,2165.613,8825541.26028,0
1640611200000,4075.18,4079.51,4075.17,4078.50,2269.015,1640611499999,9253077.42308,4108,1174.960,4790951.87917,0
1640611500000,4078.51,4095.03,4078.51,4091.86,8535.862,1640611799999,34898724.01505,11804,6252.713,25560322.63719,0
1640611800000,4091.86,4096.68,4086.49,4089.53,7148.275,1640612099999,29258600.90788,10244,3076.880,12594104.33870,0
1640612100000,4089.54,4089.54,4085.82,4085.82,1788.197,1640612399999,7309293.10486,4508,672.901,2750703.50476,0
1640612400000,4085.82,4087.83,4084.01,4085.40,2268.518,1640612699999,9268130.04336,3920,1014.290,4144041.07720,0
1640612700000,4085.40,4088.05,4084.00,4086.36,1397.778,1640612999999,5711199.08366,3928,457.672,1870142.82462,0
1640613000000,4086.36,4095.64,4086.35,4091.65,2834.060,1640613299999,11598957.32179,5019,1616.670,6616083.38580,0
1640613300000,4091.74,4092.20,4085.77,4088.58,2537.608,1640613599999,10376435.22998,4181,764.128,3125259.49269,0
1640613600000,4088.59,4094.59,4088.00,4089.36,2293.145,1640613899999,9382664.34573,5448,1177.506,4817848.37370,0
1640613900000,4089.36,4090.45,4084.41,4084.99,2393.056,1640614199999,9781776.70664,4857,958.653,3918911.69546,0
1640614200000,4085.00,4091.73,4085.00,4089.45,2722.960,1640614499999,11136902.86161,4552,1306.411,5342561.37500,0
1640614500000,4089.45,4096.38,4088.78,4095.00,3531.126,1640614799999,14455403.12707,6133,2352.163,9629264.92716,0
1640614800000,4095.00,4100.00,4090.93,4091.60,6842.360,1640615099999,28028482.96970,9946,3642.595,14924457.39625,0
1640615100000,4091.60,4093.53,4081.14,4083.72,4514.239,1640615399999,18450194.76019,7337,1364.119,5575099.41657,0
1640615400000,4083.72,4094.59,4083.27,4090.00,4758.159,1640615699999,19459460.42264,6826,3114.195,12736917.75589,0
1640615700000,4090.00,4093.68,4087.72,4089.43,2606.728,1640615999999,10664615.05199,5194,991.336,4056183.96090,0
1640616000000,4089.42,4097.87,4088.03,4095.17,3968.684,1640616299999,16251128.68676,7483,2324.737,9519779.01830,0
1640616300000,4095.18,4098.25,4090.95,4095.50,3734.334,1640616599999,15292040.63390,6841,1935.336,7926064.70691,0
1640616600000,4095.50,4099.00,4089.57,4090.62,4412.448,1640616899999,18066875.37515,6863,1772.146,7258939.66839,0
1640616900000,4090.62,4095.12,4089.72,4093.19,1612.050,1640617199999,6597187.14391,3987,820.645,3358551.20744,0
1640617200000,4093.19,4107.87,4091.80,4104.79,12851.074,1640617499999,52719494.25051,14439,7530.050,30887448.95049,0
1640617500000,4104.80,4113.90,4103.88,4105.00,7050.781,1640617799999,28971902.81122,12335,3959.502,16271166.41128,0
1640617800000,4105.01,4106.05,4097.96,4098.62,3801.313,1640618099999,15588397.63290,7497,1497.514,6140745.56529,0
1640618100000,4098.62,4099.32,4093.38,4097.87,3409.232,1640618399999,13964847.26797,6328,1238.528,5073193.16358,0
1640618400000,4097.86,4100.28,4092.57,4093.29,2131.475,1640618699999,8731729.98994,5305,859.481,3522207.32484,0
1640618700000,4093.29,4096.74,4092.80,4095.24,1630.025,1640618999999,6674884.75284,4513,952.627,3900837.67433,0
1640619000000,4095.24,4097.18,4095.16,4096.14,1531.870,1640619299999,6275041.43345,3819,1001.032,4100544.57447,0
1640619300000,4096.14,4096.14,4087.40,4089.30,5391.250,1640619599999,22053273.44920,7717,1316.756,5385606.32201,0
1640619600000,4089.30,4092.83,4087.00,4089.44,1764.835,1640619899999,7218560.21417,4552,749.086,3064211.82914,0
1640619900000,4089.43,4090.98,4085.00,4086.79,3076.473,1640620199999,12574166.29663,5528,1183.222,4836160.17589,0
1640620200000,4086.79,4089.26,4086.52,4087.84,1892.985,1640620499999,7738871.49208,3732,1226.102,5012521.69725,0
1640620500000,4087.84,4092.10,4087.84,4091.33,1564.203,1640620799999,6398285.32381,3411,1074.155,4393825.89400,0
1640620800000,4091.34,4099.88,4091.33,4093.99,4331.972,1640621099999,17742107.63349,6347,2496.750,10226423.70783,0
1640621100000,4093.99,4093.99,4084.00,4086.90,3774.752,1640621399999,15429734.84020,5648,1024.370,4186709.28451,0
1640621400000,4086.90,4092.16,4085.27,4088.44,2142.478,1640621699999,8761755.66795,4082,1140.605,4664665.87969,0
1640621700000,4088.44,4090.00,4080.32,4085.40,5539.837,1640621999999,22624886.39498,6620,1792.072,7319613.02644,0
1640622000000,4085.40,4085.40,4078.28,4078.82,3613.308,1640622299999,14748051.70903,6016,1171.003,4780279.19317,0
1640622300000,4078.82,4084.41,4076.00,4083.18,5701.934,1640622599999,23265291.67985,6819,3001.224,12247835.38988,0
1640622600000,4083.18,4084.40,4080.82,4081.14,1460.600,1640622899999,5962902.17590,4073,758.968,3098595.10210,0
1640622900000,4081.14,4086.87,4080.00,4086.42,1967.559,1640623199999,8033903.28656,4325,1234.741,5042261.82306,0
1640623200000,4086.42,4092.79,4085.22,4092.06,2924.460,1640623499999,11961200.61063,5271,1948.758,7970241.62613,0
1640623500000,4092.06,4092.07,4086.46,4088.65,1302.877,1640623799999,5328313.61473,3474,474.099,1938984.68882,0
1640623800000,4088.65,4090.02,4087.76,4087.76,591.206,1640624099999,2417384.67991,2666,304.315,1244339.65114,0
1640624100000,4087.76,4090.27,4087.26,4089.29,657.566,1640624399999,2688782.47832,2432,403.184,1648649.90228,0
1640624400000,4089.29,4094.78,4089.12,4093.03,2994.349,1640624699999,12254902.92093,5186,1690.469,6919249.94488,0
1640624700000,4093.03,4094.20,4087.26,4089.58,2484.232,1640624999999,10159660.51644,4384,886.521,3625530.64516,0
1640625000000,4089.57,4096.24,4089.57,4096.23,1731.672,1640625299999,7088596.18873,4204,1131.450,4631505.79680,0
1640625300000,4096.24,4101.13,4095.00,4099.35,3600.042,1640625599999,14751487.64294,5444,2391.251,9798804.60228,0
1640625600000,4099.34,4117.99,4096.24,4116.14,12244.462,1640625899999,50305806.13613,13160,7865.140,32317013.64834,0
1640625900000,4116.13,4119.50,4103.07,4107.28,12311.942,1640626199999,50638696.27798,11680,5009.775,20607246.11652,0
1640626200000,4107.28,4115.01,4107.28,4115.00,3303.884,1640626499999,13584321.74096,6123,1976.143,8125514.74966,0
1640626500000,4114.99,4124.00,4112.36,4115.49,9153.526,1640626799999,37691081.18940,12425,5848.762,24085814.95305,0
1640626800000,4115.50,4124.00,4112.98,4117.65,4869.591,1640627099999,20061183.09564,7469,2414.332,9947930.42829,0
1640627100000,4117.66,4126.00,4114.17,4117.04,5633.795,1640627399999,23209098.16694,9221,3226.051,13293289.41509,0
1640627400000,4117.03,4120.29,4112.56,4115.74,3587.140,1640627699999,14765256.20924,6540,1428.234,5879944.52508,0
1640627700000,4115.73,4119.95,4113.74,4114.77,2346.658,1640627999999,9658010.26066,4386,830.708,3418968.99483,0
1640628000000,4114.77,4121.64,4114.45,4119.99,2400.234,1640628299999,9885797.85370,5446,1196.602,4928425.46174,0
1640628300000,4119.99,4124.39,4119.66,4119.66,2703.919,1640628599999,11146414.96610,5687,1326.307,5467516.84453,0
1640628600000,4119.67,4119.92,4110.93,4111.72,4994.375,1640628899999,20546370.38153,7282,1989.285,8183228.47646,0
1640628900000,4111.72,4114.45,4103.58,4106.85,5359.897,1640629199999,22020684.19578,7277,1849.861,7600045.62973,0
1640629200000,4106.86,4107.81,4103.13,4104.77,2892.861,1640629499999,11876285.20717,4903,1552.698,6375016.35258,0
1640629500000,4104.76,4107.15,4100.01,4101.54,3361.246,1640629799999,13791534.62349,4852,1577.080,6471524.21059,0
1640629800000,4101.53,4103.18,4090.60,4101.30,8842.346,1640630099999,36234438.93877,9470,3767.216,15439199.89946,0
1640630100000,4101.30,4110.30,4098.89,4106.84,4567.769,1640630399999,18759133.55292,5721,2785.726,11440372.28391,0
1640630400000,4106.84,4108.87,4096.44,4101.97,3122.575,1640630699999,12806130.12210,4980,1040.623,4268552.56415,0
1640630700000,4101.97,4102.95,4096.61,4099.26,1919.434,1640630999999,7868652.71184,3995,828.139,3395074.82971,0
1640631000000,4099.26,4100.34,4096.36,4096.97,1666.017,1640631299999,6827782.52387,3552,739.047,3029029.24984,0
1640631300000,4096.97,4098.51,4094.00,4098.22,1961.113,1640631599999,8033180.36370,3854,921.393,3774590.86181,0
1640631600000,4098.22,4099.08,4092.14,4096.47,2463.743,1640631899999,10088963.09590,4170,1202.155,4923754.96566,0
1640631900000,4096.48,4097.50,4092.89,4093.86,1797.666,1640632199999,7361246.66965,3583,936.037,3833318.00596,0
1640632200000,4093.86,4095.75,4092.73,4094.68,1584.738,1640632499999,6488375.89797,3517,1025.070,4197095.47802,0
1640632500000,4094.69,4094.69,4087.55,4089.12,2782.354,1640632799999,11382232.80139,4655,649.359,2656758.61501,0
1640632800000,4089.14,4093.14,4089.14,4091.37,1246.546,1640633099999,5100309.27989,3232,681.827,2789751.95573,0
1640633100000,4091.38,4092.14,4080.33,4084.10,4701.318,1640633399999,19202976.45494,6405,1117.603,4564716.03759,0
1640633400000,4084.10,4084.12,4074.81,4080.41,7063.757,1640633699999,28810259.57030,9339,2497.718,10188093.79043,0
1640633700000,4080.41,4087.54,4079.18,4087.53,4079.411,1640633999999,16659691.46023,6499,2852.805,11650637.58992,0
1640634000000,4087.54,4087.54,4082.20,4083.30,1975.137,1640634299999,8068822.31785,4605,828.505,3384852.64443,0
1640634300000,4083.30,4089.67,4081.79,4088.32,2613.946,1640634599999,10681749.33914,4593,1570.456,6418223.81176,0
1640634600000,4088.51,4088.77,4077.02,4077.69,3101.315,1640634899999,12660461.19850,4558,897.121,3662991.69434,0
1640634900000,4077.68,4080.96,4076.87,4078.01,3838.305,1640635199999,15654683.25627,5641,1679.082,6848512.01101,0
1640635200000,4078.00,4084.91,4076.04,4083.68,3281.486,1640635499999,13393942.37400,4655,1792.349,7316359.47256,0
1640635500000,4083.68,4086.29,4082.45,4085.99,2549.808,1640635799999,10414844.57776,3150,1479.447,6043427.55925,0
1640635800000,4085.99,4089.18,4084.11,4087.03,1450.500,1640636099999,5928820.90759,2645,985.463,4027914.00246,0
1640636100000,4086.98,4086.99,4077.69,4079.08,2652.823,1640636399999,10825744.06920,4337,908.724,3707895.03460,0
1640636400000,4079.08,4082.23,4075.91,4078.72,2714.730,1640636699999,11073797.93415,3602,1146.536,4677812.23119,0
1640636700000,4078.72,4079.52,4073.17,4076.39,2881.691,1640636999999,11746480.17969,4679,1001.535,4082950.71837,0
1640637000000,4076.38,4083.02,4075.88,4081.87,2888.354,1640637299999,11786232.41258,3605,2120.638,8653753.28304,0
1640637300000,4081.86,4082.29,4071.74,4073.40,2959.259,1640637599999,12059482.04713,4714,1243.241,5066580.21737,0
1640637600000,4073.40,4079.33,4070.10,4076.12,4764.633,1640637899999,19412192.75767,5917,1955.077,7965499.77126,0
1640637900000,4076.12,4080.56,4075.01,4079.80,2208.490,1640638199999,9007414.32466,3255,1465.394,5977027.32928,0
1640638200000,4079.80,4087.40,4079.33,4086.10,2629.518,1640638499999,10738559.91821,3441,2010.230,8209142.87376,0
1640638500000,4086.11,4091.62,4085.08,4090.42,2728.030,1640638799999,11155340.15753,3655,1907.390,7799799.58645,0
1640638800000,4090.42,4091.62,4088.01,4089.98,1608.026,1640639099999,6576269.47327,3685,627.866,2567908.38860,0
1640639100000,4089.97,4089.97,4085.17,4087.80,1318.844,1640639399999,5390627.31815,2823,624.376,2551852.29641,0
1640639400000,4087.80,4090.26,4082.61,4084.04,2380.244,1640639699999,9726411.32106,3196,722.270,2951853.11279,0
1640639700000,4084.03,4084.03,4077.08,4080.47,2686.383,1640639999999,10960731.22786,4024,1087.615,4437489.43048,0
1640640000000,4080.48,4081.38,4078.52,4081.11,995.790,1640640299999,4063240.48589,1923,663.111,2705828.36016,0
1640640300000,4081.11,4085.49,4080.78,4084.42,1978.886,1640640599999,8081041.32300,2453,1383.223,5648489.32287,0
1640640600000,4084.43,4085.90,4078.39,4078.96,1652.430,1640640899999,6746201.43932,2727,584.788,2387788.16659,0
1640640900000,4078.96,4080.56,4078.93,4079.19,771.272,1640641199999,3146514.71605,1822,340.472,1388952.78353,0
1640641200000,4079.19,4080.30,4074.81,4076.04,1400.857,1640641499999,5711804.76717,2573,355.585,1450008.76351,0
1640641500000,4076.05,4076.05,4066.94,4069.49,4123.260,1640641799999,16783991.42492,6109,1024.815,4171734.07130,0
1640641800000,4069.49,4073.57,4057.51,4061.22,6506.799,1640642099999,26441430.67764,8439,2484.518,10095403.82023,0
1640642100000,4061.23,4062.80,4054.77,4058.35,5422.424,1640642399999,22007809.90864,6446,2458.403,9977990.30404,0
1640642400000,4058.41,4064.35,4053.00,4063.31,5400.209,1640642699999,21924498.85794,6709,3064.714,12445218.26748,0
1640642700000,4063.30,4067.33,4058.94,4067.32,3723.976,1640642999999,15129218.00209,4571,1882.217,7647620.95812,0
1640643000000,4067.33,4073.16,4067.32,4072.43,2288.499,1640643299999,9315017.09206,3858,1785.325,7266973.55450,0
1640643300000,4072.42,4072.76,4067.00,4071.00,1824.144,1640643599999,7423744.99489,3429,669.278,2723483.94008,0
1640643600000,4070.99,4074.00,4068.56,4073.24,1620.192,1640643899999,6597423.72549,2635,856.464,3487833.90036,0
1640643900000,4073.23,4073.58,4066.17,4066.20,1656.572,1640644199999,6740180.59091,2546,491.724,2000581.45254,0
1640644200000,4066.20,4066.89,4063.83,4064.56,852.459,1640644499999,3465620.48937,2378,336.320,1367426.84912,0
1640644500000,4064.56,4065.36,4058.43,4060.03,1590.357,1640644799999,6458759.45702,3402,497.453,2020057.14903,0
1640644800000,4060.03,4063.38,4053.05,4053.79,2699.466,1640645099999,10955550.80463,5198,1290.494,5238856.45913,0
1640645100000,4053.80,4054.71,4043.28,4052.72,9312.256,1640645399999,37700176.12049,13190,3771.622,15270231.25524,0
1640645400000,4052.72,4060.91,4052.54,4059.96,3086.182,1640645699999,12520319.87690,4746,1791.580,7268125.10874,0
1640645700000,4059.96,4062.91,4059.74,4062.48,1505.442,1640645999999,6114130.95906,3047,794.897,3228459.77267,0
1640646000000,4062.47,4068.06,4052.17,4061.23,5483.949,1640646299999,22259253.63963,6878,2491.675,10116072.67962,0
1640646300000,4061.23,4064.24,4057.40,4062.09,3665.018,1640646599999,14887586.85772,4045,2384.399,9686562.01903,0
1640646600000,4062.09,4064.08,4055.93,4058.92,1271.381,1640646899999,5160364.16771,3189,550.941,2236318.50723,0
1640646900000,4058.91,4063.67,4040.74,4048.12,4557.769,1640647199999,18460722.36827,7423,1476.718,5983942.58840,0
1640647200000,4048.12,4048.12,4034.49,4042.10,10846.791,1640647499999,43811489.30858,14452,4635.671,18724066.09125,0
1640647500000,4042.10,4047.72,4040.07,4044.90,5187.067,1640647799999,20977331.55697,5872,3174.688,12839696.16238,0
1640647800000,4044.90,4044.91,4036.01,4037.97,3468.519,1640648099999,14011824.95567,6957,1086.711,4390373.54821,0
1640648100000,4037.97,4040.91,4036.42,4037.89,2675.243,1640648399999,10804582.01429,5404,1384.677,5592575.09639,0
1640648400000,4037.90,4045.69,4030.06,4044.02,9334.296,1640648699999,37671880.71678,10221,4166.604,16822153.47244,0
1640648700000,4044.03,4047.51,4040.74,4046.07,2807.552,1640648999999,11356244.03644,4004,1750.777,7081922.78917,0
1640649000000,4046.06,4046.07,4035.53,4036.64,2516.874,1640649299999,10167603.39036,4031,748.967,3025266.38831,0
1640649300000,4036.76,4045.50,4033.30,4037.36,3245.908,1640649599999,13111206.94260,5038,1670.894,6751241.71839,0
1640649600000,4037.35,4037.36,4021.00,4025.01,15748.021,1640649899999,63421605.67076,17217,6109.394,24601534.03710,0
1640649900000,4025.01,4028.00,4015.60,4015.66,11314.004,1640650199999,45489061.87982,13925,4185.668,16833333.88240,0
1640650200000,4015.66,4031.93,4010.00,4027.96,11150.243,1640650499999,44840732.89042,14432,6171.975,24828092.99026,0
1640650500000,4027.95,4027.95,4007.79,4017.37,9653.639,1640650799999,38767216.03447,12676,4171.454,16753579.36879,0
1640650800000,4017.24,4018.89,4009.00,4013.47,5420.466,1640651099999,21753432.82116,9333,2591.627,10401560.69939,0
1640651100000,4013.47,4022.52,4008.02,4022.36,4398.127,1640651399999,17656376.76126,7364,2460.367,9880349.75022,0
1640651400000,4022.35,4022.36,4002.80,4003.73,7927.293,1640651699999,31780343.51289,11953,2569.404,10302396.38479,0
1640651700000,4003.84,4015.66,4002.10,4014.47,8643.980,1640651999999,34634913.61627,10110,5249.313,21034044.43138,0
1640652000000,4014.68,4020.40,4013.07,4016.48,3994.802,1640652299999,16043842.88196,6031,2368.656,9513367.35762,0
1640652300000,4016.48,4030.97,4015.40,4024.00,8141.625,1640652599999,32776328.31383,9182,5163.207,20785939.10796,0
1640652600000,4024.00,4031.15,4020.94,4029.01,3750.673,1640652899999,15102765.21826,5043,2586.226,10414534.21156,0
1640652900000,4029.00,4029.70,4025.00,4027.27,1853.800,1640653199999,7465416.92227,4218,992.635,3997561.24506,0
1640653200000,4027.27,4027.27,4018.20,4019.72,2889.822,1640653499999,11624203.36743,5855,813.522,3271997.12978,0
1640653500000,4019.73,4021.82,4009.59,4020.88,8682.270,1640653799999,34881527.46480,7387,5245.927,21078518.74567,0
1640653800000,4020.88,4020.88,4008.61,4011.94,5267.742,1640654099999,21135973.85706,6355,2639.429,10588382.93921,0
1640654100000,4011.94,4021.23,3998.17,4014.49,19284.135,1640654399999,77296646.74480,18297,7039.444,28231821.12140,0
1640654400000,4014.49,4015.08,4002.96,4009.84,4765.643,1640654699999,19097436.37224,7380,1800.111,7214045.25666,0
1640654700000,4009.84,4022.08,4007.43,4014.69,3544.739,1640654999999,14240595.73990,5613,2152.123,8644890.10248,0
1640655000000,4014.68,4014.69,4006.25,4006.25,4015.483,1640655299999,16101815.60204,5787,1857.908,7450317.26129,0
1640655300000,4006.25,4008.60,3988.81,3996.17,12942.155,1640655599999,51745099.89463,17908,4509.128,18031124.42661,0
1640655600000,3996.16,3996.88,3970.17,3980.01,20245.111,1640655899999,80614271.26115,26233,8311.453,33096491.89552,0
1640655900000,3980.01,3985.77,3966.18,3984.96,16596.040,1640656199999,65947998.79641,19362,8394.500,33360508.22837,0
1640656200000,3984.96,3986.48,3976.01,3985.43,7487.740,1640656499999,29811557.62809,10361,3713.932,14788416.37681,0
1640656500000,3985.43,3985.68,3971.06,3979.77,8388.213,1640656799999,33367439.93817,10338,4126.377,16415165.59356,0
1640656800000,3979.78,3993.69,3971.96,3993.69,10905.511,1640657099999,43419295.73988,12109,7868.517,31332663.82145,0
1640657100000,3993.67,3993.92,3977.69,3981.62,7881.474,1640657399999,31407628.72905,9539,2855.475,11383782.25193,0
1640657400000,3981.62,3985.47,3977.69,3978.77,2006.364,1640657699999,7987663.04649,5801,1035.878,4124482.64105,0
1640657700000,3978.76,3980.00,3968.04,3969.22,4746.940,1640657999999,18861889.62174,8827,1998.370,7941172.43390,0
1640658000000,3969.22,3978.03,3965.14,3977.00,5678.842,1640658299999,22555125.83723,9060,3174.404,12610424.63212,0
1640658300000,3976.99,3981.65,3974.08,3979.79,2819.476,1640658599999,11216678.31920,5651,1730.771,6885575.43039,0
1640658600000,3979.80,3979.80,3965.84,3967.03,3078.467,1640658899999,12229619.06807,6189,1335.318,5305218.13724,0
1640658900000,3967.04,3977.61,3965.94,3974.40,4216.060,1640659199999,16749121.95566,5654,2831.309,11249355.40443,0
1640659200000,3974.40,3977.57,3970.34,3971.91,2898.780,1640659499999,11522017.89448,3885,1647.181,6547077.35342,0
1640659500000,3971.99,3973.00,3954.61,3961.70,10084.182,1640659799999,39954758.99747,14024,3016.639,11954071.78444,0
1640659800000,3961.70,3965.54,3956.00,3963.10,3772.114,1640660099999,14941819.37953,7966,2144.263,8494172.96253,0
1640660100000,3963.09,3969.58,3962.69,3967.16,2355.016,1640660399999,9341441.29629,4583,1505.193,5970556.64367,0
1640660400000,3967.15,3967.16,3956.59,3957.91,4224.092,1640660699999,16724889.56481,6981,1895.554,7505025.44412,0
1640660700000,3957.92,3962.75,3950.00,3951.89,6383.603,1640660999999,25245278.63395,10742,2146.935,8493985.15939,0
1640661000000,3951.61,3954.78,3930.76,3934.42,20859.665,1640661299999,82187927.95034,29135,6966.385,27444845.21280,0
1640661300000,3934.42,3950.24,3931.61,3949.82,6485.089,1640661599999,25569151.88877,10565,4003.665,15785725.59700,0
1640661600000,3949.82,3954.67,3948.15,3953.86,3494.760,1640661899999,13811648.23773,6050,1847.829,7302950.04978,0
1640661900000,3953.86,3955.00,3946.66,3948.91,2624.516,1640662199999,10370534.75649,5536,1097.596,4337712.43854,0
1640662200000,3948.92,3949.98,3940.40,3941.05,3594.807,1640662499999,14180574.61379,6900,1610.481,6353118.49241,0
1640662500000,3941.05,3949.97,3938.57,3949.06,4106.099,1640662799999,16195701.85263,6158,2517.997,9932783.26784,0
1640662800000,3949.16,3949.38,3940.00,3946.13,2054.604,1640663099999,8105906.53072,4696,1010.820,3987744.70068,0
1640663100000,3946.13,3950.00,3939.36,3942.20,4214.894,1640663399999,16628508.58773,5790,2701.575,10659671.44809,0
1640663400000,3942.21,3951.08,3940.48,3950.43,3321.848,1640663699999,13108054.32566,5142,1908.063,7530170.07959,0
1640663700000,3950.42,3962.72,3948.96,3959.72,7050.108,1640663999999,27890975.51637,8147,4513.455,17853611.14825,0
1640664000000,3959.71,3959.71,3934.64,3937.72,14234.486,1640664299999,56144370.10929,12084,6402.775,25249725.30233,0
1640664300000,3937.73,3943.68,3936.17,3942.70,6088.744,1640664599999,23987688.89274,8707,4457.761,17562623.76324,0
1640664600000,3942.70,3943.85,3930.26,3931.00,5765.499,1640664899999,22687359.06239,8999,2098.964,8260656.49181,0
1640664900000,3931.27,3931.80,3885.00,3896.75,41215.219,1640665199999,161093195.82181,49901,15234.991,59559008.50619,0
1640665200000,3896.89,3907.14,3871.02,3897.02,31543.014,1640665499999,122739987.63123,38508,15045.015,58571965.24695,0
1640665500000,3897.06,3899.35,3886.47,3897.81,10059.389,1640665799999,39164476.41341,13621,4870.314,18965134.47306,0
1640665800000,3898.04,3905.53,3893.50,3895.06,7908.941,1640666099999,30844647.49920,12267,4403.794,17175197.89918,0
1640666100000,3895.05,3901.90,3884.70,3901.54,7381.656,1640666399999,28737384.60414,11016,3633.392,14146897.04575,0
1640666400000,3901.53,3911.86,3899.25,3911.17,8238.773,1640666699999,32184983.94630,10419,5328.689,20817558.10216,0
1640666700000,3911.16,3916.00,3903.52,3915.12,5944.284,1640666999999,23248025.66116,8367,3474.322,13588685.86119,0
1640667000000,3915.12,3915.80,3908.60,3909.95,4735.924,1640667299999,18527083.97168,5968,2283.929,8936307.09375,0
1640667300000,3909.95,3914.79,3905.71,3909.76,3297.766,1640667599999,12894267.28212,5119,1750.010,6842414.26527,0
1640667600000,3909.75,3916.72,3906.34,3915.60,3881.135,1640667899999,15185006.75614,6142,2398.532,9385776.29275,0
1640667900000,3915.61,3917.64,3910.00,3915.85,3401.737,1640668199999,13313826.60428,5773,2000.670,7830736.05351,0
1640668200000,3915.86,3916.45,3912.00,3916.39,1965.681,1640668499999,7693995.88115,4941,1210.026,4736221.52269,0
1640668500000,3916.39,3916.81,3912.01,3913.89,2007.124,1640668799999,7857340.96179,5061,861.727,3373414.57732,0
1640668800000,3913.74,3913.75,3905.00,3908.76,4000.624,1640669099999,15635024.25140,6350,1777.503,6945821.27593,0
1640669100000,3908.75,3911.19,3899.26,3900.89,4520.208,1640669399999,17643766.77594,7186,1612.673,6296438.36456,0
1640669400000,3900.90,3908.73,3898.06,3907.84,3173.021,1640669699999,12384059.22689,5915,1842.803,7193698.51151,0
1640669700000,3907.84,3915.99,3907.63,3910.00,3083.384,1640669999999,12063124.46017,5557,1938.139,7582563.76482,0
1640670000000,3910.00,3915.99,3909.51,3915.66,2537.337,1640670299999,9929578.51020,4602,1249.885,4890887.16022,0
1640670300000,3915.65,3920.18,3913.83,3917.74,4193.957,1640670599999,16427688.28113,6723,2647.054,10368345.60562,0
1640670600000,3917.75,3924.99,3916.63,3921.17,4964.295,1640670899999,19464164.28326,7204,3344.654,13114441.74441,0
1640670900000,3921.16,3923.25,3918.12,3918.47,3634.287,1640671199999,14251538.81054,5883,1998.192,7835874.94761,0
1640671200000,3918.48,3920.99,3915.63,3920.53,4084.464,1640671499999,16005587.62632,6314,1934.076,7579262.46687,0
1640671500000,3920.53,3921.27,3916.60,3917.94,1927.350,1640671799999,7551953.27269,4962,1079.679,4230516.23469,0
1640671800000,3917.94,3918.98,3911.05,3916.58,3015.839,1640672099999,11807509.53032,4957,1118.214,4378014.44920,0
1640672100000,3916.58,3924.50,3915.69,3924.00,2143.529,1640672399999,8402668.98234,4862,1560.079,6115734.09002,0
1640672400000,3924.00,3924.86,3920.71,3923.29,1662.918,1640672699999,6523913.57919,4185,1012.783,3973320.59728,0
1640672700000,3923.28,3931.51,3921.98,3928.97,4260.543,1640672999999,16730324.95476,6029,3290.237,12920955.83858,0
1640673000000,3928.97,3933.19,3925.36,3928.97,3499.221,1640673299999,13749632.77101,6501,2229.442,8760091.33480,0
1640673300000,3928.97,3930.51,3926.63,3928.58,2696.896,1640673599999,10595519.85946,4569,1616.341,6350252.75792,0
1640673600000,3928.58,3930.50,3925.12,3925.62,1631.785,1640673899999,6409252.06818,3777,869.121,3413903.23293,0
1640673900000,3925.63,3926.69,3920.83,3922.16,2270.132,1640674199999,8907209.69499,4232,929.541,3647194.16685,0
1640674200000,3922.15,3923.89,3914.00,3916.15,4009.170,1640674499999,15709968.68357,6011,1494.766,5857723.47583,0
1640674500000,3916.14,3921.15,3910.61,3920.42,4076.227,1640674799999,15964324.61291,5071,2480.689,9717932.19007,0
1640674800000,3920.43,3928.00,3915.50,3924.84,4234.182,1640675099999,16602736.62990,5584,2629.063,10309263.77121,0
1640675100000,3924.83,3926.15,3918.82,3920.94,3857.878,1640675399999,15134440.14050,5902,2213.079,8682494.23612,0
1640675400000,3920.94,3921.88,3914.49,3916.08,3408.885,1640675699999,13352725.69581,4409,1055.843,4136134.46289,0
1640675700000,3916.08,3919.18,3914.39,3915.49,1644.688,1640675999999,6441443.50227,3883,725.284,2840543.91106,0
1640676000000,3915.49,3916.21,3901.10,3903.39,7585.140,1640676299999,29630007.25393,9655,2491.523,9732152.68661,0
1640676300000,3903.39,3909.36,3902.97,3909.30,3231.862,1640676599999,12623588.38171,5397,1908.032,7452802.10869,0
1640676600000,3909.30,3910.00,3905.80,3908.45,1832.338,1640676899999,7161067.16343,3757,875.729,3422445.78097,0
1640676900000,3908.61,3908.71,3902.22,3905.63,2319.716,1640677199999,9058947.27794,3541,611.963,2389888.94260,0
1640677200000,3905.64,3908.53,3899.24,3906.20,3554.327,1640677499999,13873258.89104,5755,1631.390,6369325.12415,0
1640677500000,3906.47,3912.20,3905.53,3910.19,1912.819,1640677799999,7476008.19772,3697,1195.845,4673843.32259,0
1640677800000,3910.19,3918.65,3909.15,3916.22,3779.766,1640678099999,14796547.08498,6478,2750.774,10767694.41676,0
1640678100000,3916.21,3918.32,3913.31,3914.53,2103.023,1640678399999,8234895.46344,3399,1172.527,4591397.22949,0
1640678400000,3914.52,3916.50,3895.46,3903.05,14855.543,1640678699999,58019829.44001,12495,7074.840,27634921.53134,0
1640678700000,3903.04,3916.58,3901.72,3915.57,3594.106,1640678999999,14045402.91906,5289,2310.323,9029230.80784,0
1640679000000,3915.57,3928.49,3915.48,3926.67,8880.575,1640679299999,34839589.14892,10097,4949.649,19420081.53850,0
1640679300000,3926.67,3932.00,3922.39,3926.07,12674.005,1640679599999,49790715.41869,9009,5771.174,22671870.50918,0
1640679600000,3926.07,3926.07,3916.69,3922.25,3905.865,1640679899999,15311047.55665,5184,1792.945,7027697.41881,0
1640679900000,3922.24,3924.42,3918.68,3923.69,1356.272,1640680199999,5318905.85088,3101,734.032,2878562.09684,0
1640680200000,3923.69,3924.21,3920.14,3922.33,1300.069,1640680499999,5099102.55146,3320,511.793,2007340.74149,0
1640680500000,3922.33,3922.45,3918.99,3922.27,1170.949,1640680799999,4591172.84907,3332,688.315,2698932.43810,0
1640680800000,3922.27,3922.45,3915.35,3920.84,2302.283,1640681099999,9022043.83405,3988,952.757,3733762.93517,0
1640681100000,3920.84,3924.80,3917.77,3920.86,2422.208,1640681399999,9498283.19679,4179,1261.744,4948024.61334,0
1640681400000,3920.85,3922.44,3905.00,3910.33,5802.067,1640681699999,22702367.45787,7578,1777.431,6954089.59637,0
1640681700000,3910.32,3917.63,3905.53,3914.70,3931.735,1640681999999,15380192.02063,6100,1988.365,7779114.52834,0
1640682000000,3914.70,3917.19,3911.52,3916.34,2037.572,1640682299999,7975909.16313,4686,1004.807,3933476.32651,0
1640682300000,3916.33,3920.00,3915.00,3917.69,2386.654,1640682599999,9350115.91666,4492,1489.231,5834506.26901,0
1640682600000,3917.69,3917.70,3907.95,3910.26,3781.708,1640682899999,14793470.88191,6445,1462.523,5719967.08531,0
1640682900000,3910.26,3910.39,3901.16,3904.34,5034.127,1640683199999,19662734.79237,7104,1371.753,5359131.75412,0
1640683200000,3904.33,3908.18,3902.91,3905.88,3371.342,1640683499999,13168109.46361,5704,1734.007,6772827.48987,0
1640683500000,3905.89,3911.17,3896.44,3909.55,7691.154,1640683799999,30030567.83715,9094,3490.042,13632320.93901,0
1640683800000,3909.56,3909.67,3903.70,3908.99,2119.454,1640684099999,8280706.13193,4502,1174.962,4590551.75606,0
1640684100000,3908.61,3909.77,3901.79,3909.15,2443.014,1640684399999,9543787.15958,4233,1080.527,4221809.10131,0
1640684400000,3909.15,3909.45,3880.00,3896.99,13281.590,1640684699999,51715386.36554,16689,4124.753,16063838.40682,0
1640684700000,3896.99,3905.97,3895.00,3899.07,5112.955,1640684999999,19946501.51066,7934,2734.458,10667411.65970,0
1640685000000,3899.06,3900.17,3880.01,3891.23,14000.358,1640685299999,54449964.88775,16844,5739.248,22319082.31335,0
1640685300000,3891.22,3891.34,3881.01,3884.55,5914.848,1640685599999,22990026.48435,9372,2474.507,9618754.34386,0
1640685600000,3884.56,3903.92,3884.55,3901.92,9593.250,1640685899999,37387224.71761,9759,7830.831,30517658.55104,0
1640685900000,3901.91,3904.58,3893.85,3893.85,4319.346,1640686199999,16843982.41859,5463,1356.148,5290673.45007,0
1640686200000,3894.26,3900.32,3887.72,3892.47,9032.863,1640686499999,35168899.05294,11702,4230.936,16475135.71175,0
1640686500000,3892.48,3904.49,3892.47,3903.10,6125.299,1640686799999,23891827.51977,7749,3895.093,15192728.14282,0
1640686800000,3903.51,3906.73,3898.01,3898.60,3238.037,1640687099999,12636086.05211,5717,1560.032,6088434.57766,0
1640687100000,3898.61,3906.34,3898.61,3904.68,2446.057,1640687399999,9546647.71022,4425,1425.331,5562949.57883,0
1640687400000,3904.59,3906.33,3900.50,3901.13,2077.261,1640687699999,8109377.63808,4159,921.643,3598012.66304,0
1640687700000,3901.10,3902.48,3897.63,3902.01,2613.693,1640687999999,10192488.86662,4297,1217.880,4749512.85340,0
1640688000000,3902.01,3904.47,3898.28,3900.25,3110.340,1640688299999,12132950.66488,4732,1549.659,6045057.11704,0
1640688300000,3900.40,3904.27,3898.55,3899.20,1998.897,1640688599999,7797296.26883,4557,887.834,3463532.19757,0
1640688600000,3899.20,3903.92,3897.38,3898.56,2445.696,1640688899999,9538864.94435,4449,1378.626,5376601.75751,0
1640688900000,3898.56,3901.90,3897.47,3901.36,1255.989,1640689199999,4897474.47375,3390,570.757,2225801.26585,0
1640689200000,3901.37,3903.50,3897.91,3902.26,1976.270,1640689499999,7707906.85171,3936,1020.659,3981034.91721,0
1640689500000,3902.25,3904.80,3892.64,3895.05,3064.570,1640689799999,11946476.73414,5419,1188.908,4636113.86616,0
1640689800000,3895.06,3900.29,3893.04,3899.88,2292.148,1640690099999,8932987.39492,3993,1551.880,6047940.87727,0
1640690100000,3899.88,3903.11,3896.42,3903.03,1568.764,1640690399999,6118359.65961,3856,942.884,3677616.62981,0
1640690400000,3903.03,3918.74,3902.44,3918.58,7511.076,1640690699999,29383608.70424,9292,5414.269,21180081.66562,0
1640690700000,3918.58,3919.59,3909.34,3909.34,3544.511,1640690999999,13874468.37281,6120,1059.312,4147710.42873,0
1640691000000,3909.35,3921.06,3909.35,3919.40,4698.486,1640691299999,18404933.49715,6820,2845.426,11146432.14879,0
1640691300000,3919.39,3919.39,3913.34,3915.10,2348.943,1640691599999,9198877.61043,4585,847.637,3319311.62206,0
1640691600000,3915.10,3918.00,3911.13,3916.17,2152.506,1640691899999,8426900.69142,4682,1359.835,5324152.94208,0
1640691900000,3916.17,3919.52,3914.45,3917.25,1856.767,1640692199999,7272814.18322,3885,795.644,3116902.99023,0
1640692200000,3917.25,3921.46,3917.25,3918.53,3051.722,1640692499999,11961807.21089,4703,2020.048,7917717.50585,0
1640692500000,3918.52,3921.05,3917.53,3918.84,1869.892,1640692799999,7328278.04409,3913,986.199,3865046.14821,0
1640692800000,3918.84,3919.34,3916.00,3917.40,1638.633,1640693099999,6419307.08112,5645,600.447,2352364.64784,0
1640693100000,3917.41,3917.55,3914.01,3914.71,1777.190,1640693399999,6958298.02807,4389,499.898,1957417.24736,0
1640693400000,3914.70,3915.88,3904.82,3910.43,5368.427,1640693699999,20984937.85131,7105,1504.913,5881934.07829,0
1640693700000,3910.77,3918.84,3908.63,3916.28,3141.360,1640693999999,12300846.50731,4863,2218.860,8688598.83753,0
1640694000000,3916.57,3919.97,3915.00,3919.97,1321.661,1640694299999,5177330.60165,3767,749.671,2937045.87029,0
1640694300000,3919.96,3919.97,3914.60,3918.04,1801.877,1640694599999,7057067.07241,4393,842.102,3298408.08945,0
1640694600000,3918.04,3930.60,3916.70,3927.85,6211.216,1640694899999,24383863.01099,9010,4085.872,16039649.91311,0
1640694900000,3927.71,3931.80,3920.08,3921.61,5552.601,1640695199999,21801781.27831,7481,2002.044,7863213.46961,0
1640695200000,3921.61,3921.61,3914.99,3915.05,3937.250,1640695499999,15422726.40366,5285,1463.722,5733235.28056,0
1640695500000,3915.06,3919.50,3915.05,3916.92,1720.458,1640695799999,6739366.01835,3875,761.110,2981505.21464,0
1640695800000,3916.91,3917.30,3911.03,3916.01,2851.237,1640696099999,11158206.01816,4803,999.969,3913553.47883,0
1640696100000,3916.00,3916.20,3905.21,3905.96,4288.907,1640696399999,16766900.16350,5555,1921.527,7511935.34386,0
1640696400000,3905.99,3909.90,3904.96,3907.57,2206.418,1640696699999,8622193.75130,4419,1044.267,4081318.06460,0
1640696700000,3907.56,3910.20,3901.69,3910.20,3707.611,1640696999999,14477716.52140,6263,1674.523,6540107.69551,0
1640697000000,3910.20,3913.03,3904.44,3905.66,3717.119,1640697299999,14530026.12172,4886,1658.947,6485453.91997,0
1640697300000,3905.65,3912.25,3905.21,3910.68,1504.773,1640697599999,5881826.40901,3895,854.674,3340678.13268,0
1640697600000,3910.69,3912.64,3909.15,3910.69,1135.106,1640697899999,4439500.15697,3057,572.350,2238655.08077,0
1640697900000,3910.70,3913.94,3910.60,3913.43,1323.687,1640698199999,5179023.01412,3235,992.891,3884654.25922,0
1640698200000,3913.42,3918.90,3909.53,3909.79,3097.560,1640698499999,12121744.76049,4397,1508.859,5906017.57908,0
1640698500000,3909.78,3917.33,3909.51,3916.43,2376.613,1640698799999,9299351.85569,3806,1764.662,6903994.90534,0
1640698800000,3916.42,3922.53,3915.75,3921.58,2761.229,1640699099999,10822538.76047,4860,1720.778,6744599.73908,0
1640699100000,3921.58,3922.54,3917.32,3917.84,2515.835,1640699399999,9862137.10320,4908,1281.334,5023113.18610,0
1640699400000,3917.84,3922.93,3908.08,3908.80,4239.915,1640699699999,16607173.71292,6515,1361.520,5335792.20211,0
1640699700000,3908.80,3914.47,3905.07,3906.45,4526.864,1640699999999,17697692.37598,6980,1990.565,7782906.00022,0
1640700000000,3906.44,3910.00,3897.90,3901.48,6300.481,1640700299999,24586432.44978,8912,1889.694,7375499.09153,0
1640700300000,3901.47,3901.80,3892.00,3897.51,8447.683,1640700599999,32922745.24894,9447,3844.130,14983109.20987,0
1640700600000,3897.52,3902.98,3897.00,3898.09,3384.634,1640700899999,13198803.74383,6306,2033.978,7931942.96684,0
1640700900000,3898.09,3903.91,3894.89,3896.10,4822.757,1640701199999,18802442.49955,6979,2075.523,8093033.79067,0
1640701200000,3896.10,3914.16,3895.31,3908.58,4413.707,1640701499999,17234747.35138,7038,3220.954,12575104.73381,0
1640701500000,3908.34,3912.80,3906.39,3911.17,3259.025,1640701799999,12743923.32481,5344,1917.378,7497832.55782,0
1640701800000,3911.17,3912.11,3903.91,3910.13,2678.414,1640702099999,10466595.22273,5918,1002.675,3918454.03376,0
1640702100000,3910.13,3911.47,3842.30,3865.34,36353.518,1640702399999,140570902.01480,42206,11468.313,44318513.28517,0
1640702400000,3865.08,3896.84,3860.00,3895.90,27505.783,1640702699999,106782972.94900,30180,16498.700,64059295.78446,0
1640702700000,3895.90,3913.00,3888.68,3900.31,15469.750,1640702999999,60374833.87212,18004,7974.362,31126370.51627,0
1640703000000,3900.31,3907.19,3890.16,3907.19,9284.583,1640703299999,36197819.96249,8933,5376.986,20965093.02134,0
1640703300000,3907.18,3914.26,3903.71,3909.53,5541.241,1640703599999,21664654.08343,7642,3103.100,12132474.77298,0
1640703600000,3909.52,3920.57,3903.46,3917.47,7850.409,1640703899999,30737231.30498,11014,4130.895,16177496.18545,0
1640703900000,3917.47,3917.47,3904.98,3904.98,4785.546,1640704199999,18719431.25172,6946,1165.773,4560100.94937,0
1640704200000,3904.98,3912.49,3902.00,3906.03,3276.131,1640704499999,12798796.62938,6313,1672.543,6534870.47187,0
1640704500000,3906.03,3908.64,3896.52,3896.53,3910.637,1640704799999,15251798.27100,6471,1400.138,5461171.65848,0
1640704800000,3896.53,3906.69,3895.34,3905.76,6053.521,1640705099999,23621843.50753,7053,3735.968,14579266.40962,0
1640705100000,3905.75,3912.00,3903.28,3910.21,1999.806,1640705399999,7815980.03922,4734,1190.792,4654247.49067,0
1640705400000,3910.20,3915.29,3907.30,3913.82,3099.188,1640705699999,12126234.38600,5169,1643.576,6431159.38895,0
1640705700000,3913.82,3915.63,3909.83,3910.60,1575.608,1640705999999,6165644.26714,3880,805.297,3151718.38851,0
1640706000000,3910.60,3910.61,3896.53,3898.98,5023.863,1640706299999,19603696.29005,5906,1072.073,4182582.21892,0
1640706300000,3898.98,3903.85,3896.22,3896.82,2641.381,1640706599999,10299260.15048,4654,1769.900,6901332.11610,0
1640706600000,3897.64,3901.34,3893.40,3897.21,2293.765,1640706899999,8937509.80225,4620,1121.943,4371842.75762,0
1640706900000,3897.20,3900.83,3893.01,3896.30,4248.083,1640707199999,16558084.44671,5592,3014.036,11748724.86830,0
1640707200000,3896.30,3900.12,3882.83,3888.40,9811.409,1640707499999,38156649.51095,10355,3912.762,15218063.97002,0
1640707500000,3888.26,3891.09,3875.79,3875.79,9025.082,1640707799999,35058820.17815,11091,4316.139,16774005.55766,0
1640707800000,3875.79,3882.83,3863.00,3872.39,17468.485,1640708099999,67641909.79005,19718,8759.596,33925414.39393,0
1640708100000,3872.38,3875.93,3863.00,3873.31,9192.466,1640708399999,35577368.41750,12737,5355.288,20729456.46032,0
1640708400000,3873.34,3873.34,3842.52,3855.04,22642.650,1640708699999,87259070.37702,25251,9187.416,35403114.68499,0
1640708700000,3855.04,3860.00,3829.02,3839.75,27571.729,1640708999999,105955829.77852,32567,12293.811,47259519.44169,0
1640709000000,3839.23,3860.13,3839.23,3855.01,16174.599,1640709299999,62291471.86300,18875,9857.852,37965949.14981,0
1640709300000,3855.00,3857.39,3845.40,3855.87,6056.740,1640709599999,23325313.26391,9767,2961.067,11405210.09211,0
1640709600000,3855.87,3857.23,3848.78,3851.33,3773.592,1640709899999,14540623.81060,6997,1896.146,7306855.53060,0
1640709900000,3851.33,3857.00,3847.47,3856.40,3565.664,1640710199999,13735504.08451,7594,2359.075,9088161.17207,0
1640710200000,3856.40,3864.40,3855.76,3860.00,5293.685,1640710499999,20439065.25635,7590,3402.191,13136437.33232,0
1640710500000,3860.00,3863.00,3856.72,3863.00,3094.838,1640710799999,11945722.04822,5344,1453.987,5612512.95324,0
1640710800000,3863.00,3865.51,3856.43,3858.50,3250.033,1640711099999,12546476.14269,5980,1451.607,5604153.95794,0
1640711100000,3858.50,3858.77,3850.01,3854.56,4586.121,1640711399999,17673670.30114,6066,1765.739,6805130.61723,0
1640711400000,3854.56,3854.56,3833.12,3833.51,11311.339,1640711699999,43440378.79397,13419,4346.831,16690325.89896,0
1640711700000,3833.51,3840.56,3822.55,3825.88,17561.231,1640711999999,67244846.63944,20704,7944.447,30429251.72989,0
1640712000000,3825.88,3826.37,3811.59,3819.76,15673.223,1640712299999,59847217.70068,21357,6622.386,25287307.75636,0
1640712300000,3819.77,3822.16,3800.88,3803.22,15809.141,1640712599999,60246910.81283,21297,6235.374,23775865.13608,0
1640712600000,3803.22,3808.97,3781.00,3782.90,32172.163,1640712899999,122089205.68374,41238,12850.589,48782009.16509,0
1640712900000,3782.90,3797.11,3775.65,3794.67,25975.176,1640713199999,98344637.26080,30571,11798.700,44690105.87920,0
1640713200000,3794.67,3801.42,3788.89,3800.90,10939.952,1640713499999,41517529.79436,15006,6012.896,22819659.27198,0
1640713500000,3800.89,3813.41,3800.62,3804.73,11966.421,1640713799999,45572104.92702,15141,6837.682,26038596.28899,0
1640713800000,3804.73,3815.51,3804.16,3814.12,9252.263,1640714099999,35267030.63015,9784,5840.201,22259829.31688,0
1640714100000,3814.17,3827.25,3811.44,3824.47,10051.251,1640714399999,38399156.01901,11867,6359.365,24294890.79565,0
1640714400000,3824.46,3824.47,3807.33,3809.47,7904.880,1640714699999,30157960.80467,9900,3274.366,12494423.89476,0
1640714700000,3809.48,3813.94,3783.41,3793.76,20139.378,1640714999999,76468305.99937,18157,6490.149,24652390.17452,0
1640715000000,3793.75,3802.20,3788.57,3794.80,8454.511,1640715299999,32090802.76096,12114,4616.515,17524643.80907,0
1640715300000,3795.09,3807.00,3793.00,3800.74,4565.026,1640715599999,17359286.32947,7566,2614.308,9941426.24432,0
1640715600000,3800.93,3804.00,3787.00,3789.34,5067.773,1640715899999,19224178.56812,8485,2112.512,8015420.30252,0
1640715900000,3789.33,3801.81,3789.03,3801.53,4736.109,1640716199999,17984465.08976,5994,2781.975,10563351.71361,0
1640716200000,3801.51,3812.53,3798.78,3810.33,6004.308,1640716499999,22862472.53180,6763,4402.476,16763918.11433,0
1640716500000,3810.41,3813.25,3801.94,3803.92,4079.248,1640716799999,15524494.01600,5212,1376.054,5235954.15525,0
1640716800000,3803.92,3812.79,3803.61,3807.09,2888.208,1640717099999,10999660.84704,5095,1913.557,7287372.23514,0
1640717100000,3807.09,3808.00,3796.16,3796.96,3588.025,1640717399999,13637264.71347,6266,1438.577,5468853.55675,0
1640717400000,3796.94,3797.69,3783.68,3791.53,6332.695,1640717699999,24002140.99137,10077,2516.160,9536083.08950,0
1640717700000,3791.69,3802.08,3789.40,3799.21,3836.968,1640717999999,14563071.85347,5539,2840.286,10779924.20179,0
1640718000000,3799.20,3799.21,3780.80,3781.88,7414.820,1640718299999,28090016.76845,10040,3309.643,12538635.84363,0
1640718300000,3782.22,3786.45,3756.26,3760.33,21636.077,1640718599999,81563570.83923,28087,7856.062,29621631.11212,0
1640718600000,3760.32,3782.98,3760.05,3770.87,11022.572,1640718899999,41593294.84894,14401,6347.128,23950362.42728,0
1640718900000,3770.87,3783.19,3770.11,3771.74,5094.349,1640719199999,19246460.04178,7774,2642.602,9984227.74873,0
1640719200000,3771.75,3789.51,3768.72,3788.80,6680.612,1640719499999,25263122.21128,8547,4007.655,15156144.94063,0
1640719500000,3788.80,3792.00,3781.19,3782.03,4262.471,1640719799999,16141375.54036,6466,2334.287,8841228.14252,0
1640719800000,3782.56,3794.42,3780.06,3789.65,4753.789,1640720099999,18018263.05468,6645,2536.173,9613022.00084,0
1640720100000,3789.89,3793.44,3784.00,3791.62,2961.404,1640720399999,11221003.67560,4969,1219.466,4621099.84590,0
1640720400000,3791.36,3803.55,3790.50,3799.11,5722.959,1640720699999,21734397.90124,7535,3588.594,13629539.92600,0
1640720700000,3799.46,3811.25,3797.72,3810.82,6242.968,1640720999999,23759173.74255,7493,4332.049,16487508.36284,0
1640721000000,3810.82,3812.39,3804.95,3808.13,3360.968,1640721299999,12803188.94064,5846,1738.485,6622866.86309,0
1640721300000,3808.05,3812.92,3802.03,3806.29,3061.904,1640721599999,11655007.44095,5018,1231.266,4688286.21280,0
1640721600000,3806.30,3808.01,3790.64,3799.51,9832.120,1640721899999,37347718.54513,8755,3418.873,12988104.75928,0
1640721900000,3799.51,3809.74,3794.08,3807.24,4453.106,1640722199999,16938394.96970,6173,2930.082,11144601.75694,0
1640722200000,3807.46,3815.84,3800.00,3814.57,3549.261,1640722499999,13518912.98260,5824,2299.316,8759896.38286,0
1640722500000,3814.69,3817.98,3810.00,3817.70,3387.058,1640722799999,12919521.46346,5641,2134.028,8140679.33288,0
1640722800000,3817.83,3818.99,3813.00,3815.99,3964.498,1640723099999,15132748.83645,6431,2259.727,8625769.27444,0
1640723100000,3815.98,3818.12,3811.90,3814.70,1947.543,1640723399999,7430466.46060,4105,1029.068,3926462.84084,0
1640723400000,3814.71,3818.32,3811.22,3817.98,1938.155,1640723699999,7392398.57342,4004,1132.079,4318152.19939,0
1640723700000,3817.98,3823.00,3816.23,3821.92,3674.457,1640723999999,14036183.96015,5575,2163.560,8265051.17170,0
1640724000000,3821.93,3836.30,3821.05,3835.66,5697.531,1640724299999,21821577.88023,8422,4016.562,15384060.92883,0
1640724300000,3835.66,3841.23,3830.23,3834.00,5928.247,1640724599999,22741619.19866,8618,2974.479,11413201.24658,0
1640724600000,3834.01,3834.01,3817.33,3821.51,6241.791,1640724899999,23864570.34487,7860,2485.878,9501406.23790,0
1640724900000,3821.51,3825.59,3813.30,3824.16,6014.434,1640725199999,22970734.82681,7058,2526.946,9653865.05093,0
1640725200000,3824.15,3824.91,3816.35,3818.86,2733.109,1640725499999,10440751.42979,5083,988.854,3777885.36903,0
1640725500000,3818.87,3824.06,3815.61,3818.74,1442.124,1640725799999,5508446.63353,3873,619.841,2367867.31432,0
1640725800000,3818.87,3830.99,3818.34,3824.81,3727.985,1640726099999,14259467.66485,5356,2308.829,8831490.89401,0
1640726100000,3824.80,3834.38,3823.95,3833.19,2255.776,1640726399999,8641324.87096,4520,1473.517,5643996.08947,0
1640726400000,3833.19,3834.67,3821.00,3821.88,3403.577,1640726699999,13026939.20060,4939,1285.014,4918598.60404,0
1640726700000,3822.05,3825.06,3818.20,3823.51,2818.133,1640726999999,10768205.47446,3937,736.649,2815190.54649,0
1640727000000,3824.00,3829.85,3821.37,3825.58,2283.708,1640727299999,8736155.57800,3958,1527.021,5841624.43641,0
1640727300000,3825.58,3829.07,3818.84,3818.84,1119.520,1640727599999,4281531.61254,3108,464.809,1777832.62309,0
1640727600000,3818.84,3821.70,3810.09,3811.49,3969.869,1640727899999,15143482.75367,5659,1093.454,4171340.70376,0
1640727900000,3811.44,3814.57,3803.28,3805.78,5945.623,1640728199999,22641406.72710,6714,1495.533,5696281.53962,0
1640728200000,3805.78,3812.77,3805.78,3808.98,2514.184,1640728499999,9578237.45629,4214,1481.315,5643233.41887,0
1640728500000,3809.04,3814.18,3805.18,3805.95,2141.102,1640728799999,8156631.88691,4248,1111.266,4234027.06082,0
1640728800000,3805.95,3812.25,3805.94,3808.75,1865.702,1640729099999,7106263.90654,4564,942.348,3588959.48783,0
1640729100000,3808.75,3812.83,3808.33,3811.60,1225.373,1640729399999,4669910.88948,3885,818.068,3117559.83567,0
1640729400000,3811.60,3813.61,3792.67,3796.44,4822.711,1640729699999,18328912.78411,8046,1716.105,6523064.26484,0
1640729700000,3796.44,3809.10,3795.82,3809.07,3790.051,1640729999999,14418748.33615,5388,2459.795,9356911.86400,0
1640730000000,3809.08,3812.69,3804.18,3806.08,2438.077,1640730299999,9288567.60807,4077,1431.202,5452854.09185,0
1640730300000,3806.07,3806.07,3792.88,3796.16,3227.085,1640730599999,12256812.45847,4639,1592.074,6045624.59885,0
1640730600000,3796.16,3800.49,3795.37,3796.41,1750.188,1640730899999,6646763.60178,3514,1062.253,4034047.20852,0
1640730900000,3796.41,3797.96,3790.56,3794.02,2685.541,1640731199999,10192188.62309,4128,1414.129,5367350.94579,0
1640731200000,3794.02,3803.66,3790.56,3803.55,3005.189,1640731499999,11411682.74760,4566,1982.819,7529513.95387,0
1640731500000,3803.55,3808.98,3802.46,3807.84,2691.115,1640731799999,10241909.14798,3992,1512.937,5758478.61884,0
1640731800000,3807.84,3815.43,3807.51,3808.92,3752.368,1640732099999,14302336.31688,4508,2642.044,10070893.91546,0
1640732100000,3808.91,3811.89,3802.58,3808.64,3080.268,1640732399999,11725882.82340,3496,1579.258,6012145.82065,0
1640732400000,3808.65,3814.98,3795.96,3800.53,4340.195,1640732699999,16504292.87610,5909,1602.212,6093928.32706,0
1640732700000,3800.52,3805.17,3793.30,3798.86,2507.241,1640732999999,9528082.73199,4575,1132.843,4305999.76182,0
1640733000000,3798.85,3808.78,3796.12,3807.11,2528.097,1640733299999,9614347.74586,3830,1358.096,5167029.93181,0
1640733300000,3807.11,3813.53,3805.72,3813.07,2529.975,1640733599999,9639941.34115,3892,1564.720,5962270.88427,0
1640733600000,3812.94,3817.56,3811.26,3815.86,2989.299,1640733899999,11403579.95352,4161,1714.110,6539372.71216,0
1640733900000,3815.87,3815.87,3810.18,3811.24,1165.194,1640734199999,4442299.80869,2787,509.419,1942012.92169,0
1640734200000,3811.25,3816.14,3802.08,3802.08,2860.301,1640734499999,10894077.86839,4219,872.200,3322868.17097,0
1640734500000,3802.08,3811.81,3801.26,3808.91,2523.404,1640734799999,9602554.46465,4017,1409.923,5366369.23275,0
1640734800000,3809.29,3810.47,3807.86,3807.87,710.916,1640735099999,2707929.06075,2892,379.340,1444958.32991,0
1640735100000,3807.87,3809.02,3802.48,3806.02,1517.612,1640735399999,5775032.37848,3778,607.315,2311029.82925,0
1640735400000,3806.01,3806.01,3796.00,3796.98,1746.424,1640735699999,6635210.12089,4142,528.312,2007167.57541,0
1640735700000,3796.97,3798.75,3788.94,3791.99,4448.863,1640735999999,16874727.05510,6313,1553.008,5892181.64229,0
1640736000000,3792.00,3802.62,3783.00,3783.25,6186.624,1640736299999,23464058.75678,8543,2343.437,8891592.79768,0
1640736300000,3783.25,3808.00,3783.24,3807.99,6573.441,1640736599999,24970612.64163,7683,4281.457,16261382.33426,0
1640736600000,3807.99,3819.00,3804.78,3817.27,4834.765,1640736899999,18437156.49521,5797,2659.760,10142476.86361,0
1640736900000,3817.27,3818.83,3808.01,3816.01,3321.162,1640737199999,12665742.86317,4896,1256.638,4792598.55683,0
1640737200000,3816.01,3818.23,3810.62,3810.62,1583.403,1640737499999,6040898.34507,3108,862.856,3292353.90819,0
1640737500000,3810.63,3812.25,3805.51,3807.96,2426.413,1640737799999,9241144.52367,3497,1208.953,4604985.31902,0
1640737800000,3807.96,3807.96,3793.72,3801.00,4043.603,1640738099999,15366847.93710,5379,1716.532,6522172.08656,0
1640738100000,3801.00,3802.91,3790.85,3793.46,3611.638,1640738399999,13709676.47252,4886,2065.163,7839955.44319,0
1640738400000,3793.46,3798.36,3790.51,3798.27,2935.626,1640738699999,11139163.47016,4799,1982.907,7523961.73486,0
1640738700000,3798.27,3814.07,3797.62,3812.34,5281.646,1640738999999,20103087.66813,5750,4013.647,15275174.10443,0
1640739000000,3812.34,3815.50,3807.37,3814.28,1874.474,1640739299999,7145872.61357,3801,833.600,3178267.10782,0
1640739300000,3814.27,3817.47,3812.00,3817.05,2321.567,1640739599999,8857436.80717,3790,1180.470,4504259.67783,0
1640739600000,3817.04,3819.42,3810.41,3815.94,2265.018,1640739899999,8640967.28871,4066,1008.362,3847258.25423,0
1640739900000,3815.95,3825.00,3815.94,3822.41,2922.772,1640740199999,11169119.58058,5192,1729.720,6609657.86071,0
1640740200000,3821.96,3824.68,3816.71,3824.33,3008.559,1640740499999,11495188.31834,4092,1028.415,3930731.81377,0
1640740500000,3823.99,3824.50,3815.17,3819.41,1655.394,1640740799999,6323521.47636,3933,814.276,3111355.61471,0
1640740800000,3819.41,3824.60,3819.40,3820.41,1124.581,1640741099999,4298237.25115,2816,736.020,2813213.69782,0
1640741100000,3820.42,3820.63,3808.00,3808.78,2161.053,1640741399999,8242608.38779,3901,544.507,2076620.66311,0
1640741400000,3808.78,3808.78,3795.00,3800.10,7314.821,1640741699999,27802713.23963,7927,2495.658,9483606.74135,0
1640741700000,3800.09,3805.00,3795.00,3798.19,3032.285,1640741999999,11524464.19552,4056,1164.541,4426745.11557,0
1640742000000,3798.19,3806.97,3798.09,3804.68,2057.213,1640742299999,7822173.62681,3986,1384.304,5263301.49034,0
1640742300000,3804.68,3808.00,3800.63,3806.82,1989.814,1640742599999,7569347.23286,3362,1251.337,4760550.16729,0
1640742600000,3806.66,3809.43,3805.00,3809.26,1066.597,1640742899999,4060649.97042,2343,739.043,2813627.21169,0
1640742900000,3809.25,3809.50,3796.96,3799.79,1695.800,1640743199999,6448646.43667,3040,535.793,2036993.65078,0
1640743200000,3799.71,3807.91,3797.00,3806.75,2429.674,1640743499999,9238667.88016,4082,1297.859,4936257.37440,0
1640743500000,3806.75,3812.13,3802.00,3812.12,1264.468,1640743799999,4814708.76972,2971,765.468,2914789.83380,0
1640743800000,3812.12,3814.00,3809.86,3811.73,1795.152,1640744099999,6843423.50924,3090,918.646,3502132.96436,0
1640744100000,3811.73,3817.00,3811.73,3813.47,2226.405,1640744399999,8493019.17719,3865,949.698,3622844.33931,0
1640744400000,3813.48,3815.49,3806.97,3814.61,1559.561,1640744699999,5943677.45247,3358,829.719,3162223.72219,0
1640744700000,3814.61,3814.99,3809.60,3811.17,625.281,1640744999999,2383720.40714,2409,260.950,994807.98353,0
1640745000000,3810.63,3814.99,3808.23,3814.78,930.010,1640745299999,3544706.44374,2979,531.244,2024962.81729,0
1640745300000,3814.77,3815.69,3807.00,3807.01,1601.795,1640745599999,6104078.40035,4732,711.770,2712554.51014,0
1640745600000,3807.01,3814.18,3805.83,3811.13,1573.365,1640745899999,5994946.39848,4654,657.900,2507071.16616,0
1640745900000,3811.12,3816.44,3810.07,3810.29,1378.473,1640746199999,5257511.12050,4729,677.046,2582384.75789,0
1640746200000,3810.29,3818.00,3810.00,3817.80,2513.882,1640746499999,9588453.80917,5241,1898.813,7242783.67297,0
1640746500000,3817.79,3818.86,3816.03,3816.84,2119.133,1640746799999,8090143.51469,5584,904.321,3452370.61028,0
1640746800000,3816.84,3818.44,3811.94,3818.15,1514.947,1640747099999,5779737.71355,3915,772.119,2945829.89665,0
1640747100000,3818.15,3823.76,3818.06,3822.25,2186.959,1640747399999,8357760.24411,4929,1405.272,5370486.61612,0
1640747400000,3822.26,3825.91,3819.80,3819.81,1676.974,1640747699999,6411445.49288,3962,936.687,3581457.92009,0
1640747700000,3819.80,3823.09,3817.00,3819.22,1812.881,1640747999999,6926033.28324,2989,769.415,2939349.47287,0
1640748000000,3819.23,3823.01,3815.76,3822.65,1970.834,1640748299999,7526123.79910,2710,820.428,3132881.39269,0
1640748300000,3822.65,3823.55,3811.86,3813.03,2104.688,1640748599999,8030920.36718,3474,589.518,2249692.44502,0
1640748600000,3812.84,3816.22,3811.08,3814.53,989.060,1640748899999,3771673.81816,2770,466.248,1778008.11163,0
1640748900000,3814.53,3819.19,3811.56,3812.00,1627.310,1640749199999,6207319.52740,2748,550.263,2099373.44865,0
1640749200000,3812.01,3815.30,3811.18,3811.81,1157.006,1640749499999,4411733.41951,2216,645.137,2459888.26065,0
1640749500000,3811.82,3818.44,3811.50,3813.11,911.928,1640749799999,3479530.12936,2024,611.417,2332869.59322,0
1640749800000,3813.11,3818.00,3812.00,3812.94,1630.772,1640750099999,6222329.30589,2705,641.863,2449045.90621,0
1640750100000,3812.96,3816.90,3811.29,3814.62,1162.864,1640750399999,4434155.15662,2310,675.727,2576648.27378,0
1640750400000,3814.62,3819.97,3813.85,3819.00,1754.351,1640750699999,6695689.67413,3094,1076.312,4108251.08005,0
1640750700000,3818.82,3819.99,3815.50,3819.00,1304.709,1640750999999,4981952.96616,2490,464.506,1773676.52142,0
1640751000000,3819.00,3819.55,3808.54,3810.04,2934.444,1640751299999,11190587.80220,4431,678.557,2586837.44293,0
1640751300000,3810.04,3811.16,3805.00,3805.38,3471.527,1640751599999,13215255.19564,4448,1135.297,4322200.05669,0
1640751600000,3805.38,3810.69,3805.38,3808.10,2213.888,1640751899999,8431663.99607,3635,1731.153,6593234.95228,0
1640751900000,3808.09,3808.82,3802.42,3805.38,2996.797,1640752199999,11403285.13688,4445,879.612,3347631.61600,0
1640752200000,3804.93,3806.33,3799.80,3805.12,2856.167,1640752499999,10862147.40654,4799,1486.870,5655547.44102,0
1640752500000,3805.12,3807.61,3803.58,3803.58,1220.227,1640752799999,4644283.73274,2675,759.751,2891739.94257,0
1640752800000,3803.58,3809.49,3803.58,3809.20,1199.074,1640753099999,4565549.65042,2321,850.883,3239674.85520,0
1640753100000,3809.20,3809.20,3801.82,3803.08,1045.760,1640753399999,3978980.63308,2422,313.989,1194974.80249,0
1640753400000,3803.07,3809.15,3801.75,3803.99,1519.132,1640753699999,5781563.36709,3302,1065.138,4053835.27491,0
1640753700000,3804.00,3805.22,3800.01,3801.62,1097.088,1640753999999,4171535.06894,2995,379.546,1443174.88633,0
1640754000000,3801.62,3805.20,3800.40,3804.06,1475.868,1640754299999,5612401.22475,4080,766.401,2914550.24742,0
1640754300000,3804.06,3807.34,3802.86,3804.76,1714.930,1640754599999,6525567.48721,2807,1137.059,4326614.99443,0
1640754600000,3804.75,3810.10,3804.57,3807.21,1648.056,1640754899999,6273321.29460,2777,1287.694,4901370.01981,0
1640754900000,3807.43,3811.25,3807.13,3809.46,1737.055,1640755199999,6617109.11134,3679,1132.495,4314256.13717,0
1640755200000,3809.47,3810.83,3805.29,3806.68,648.488,1640755499999,2469375.07932,2614,282.298,1075045.79703,0
1640755500000,3806.68,3807.36,3790.50,3792.48,5298.526,1640755799999,20114808.67286,7645,1138.986,4323708.80979,0
1640755800000,3792.45,3798.80,3792.45,3795.50,2665.893,1640756099999,10117629.90780,4491,1069.168,4057889.43799,0
1640756100000,3795.51,3797.01,3790.73,3794.75,2160.775,1640756399999,8199872.45969,3729,763.683,2898000.75344,0
1640756400000,3794.74,3794.74,3787.10,3790.05,4032.504,1640756699999,15285676.26811,6210,1788.072,6778268.41269,0
1640756700000,3790.42,3796.88,3789.74,3795.78,1232.166,1640756999999,4675383.01908,3498,697.811,2647735.27163,0
1640757000000,3795.78,3804.18,3795.77,3803.14,2982.703,1640757299999,11334950.62998,4190,2338.891,8888467.49986,0
1640757300000,3803.09,3804.66,3797.00,3800.93,2153.784,1640757599999,8188600.48078,3268,982.577,3735640.89640,0
1640757600000,3800.93,3805.00,3798.41,3799.55,1556.487,1640757899999,5916972.63282,3629,891.862,3390611.54286,0
1640757900000,3799.55,3804.00,3798.62,3800.01,1092.333,1640758199999,4152885.65908,2664,601.134,2285332.69542,0
1640758200000,3800.01,3801.97,3798.00,3799.49,971.913,1640758499999,3692849.26262,2690,418.232,1589150.37032,0
1640758500000,3799.48,3805.44,3799.07,3802.41,1497.110,1640758799999,5694338.34366,3082,836.268,3180818.60960,0
1640758800000,3802.40,3804.99,3801.27,3802.65,1040.131,1640759099999,3955393.23001,2389,562.063,2137507.62859,0
1640759100000,3802.65,3804.86,3800.32,3803.23,1298.424,1640759399999,4937540.08480,2282,646.713,2459444.02494,0
1640759400000,3803.23,3806.15,3798.41,3805.68,1599.667,1640759699999,6081898.84353,2921,875.202,3327727.88512,0
1640759700000,3805.70,3808.00,3804.00,3804.00,1002.131,1640759999999,3814176.88457,2446,577.398,2197654.19270,0
1640760000000,3804.00,3804.01,3796.49,3798.31,2334.802,1640760299999,8870035.67479,3723,896.719,3406603.83399,0
1640760300000,3798.31,3798.31,3791.32,3793.44,3081.978,1640760599999,11692198.63601,4816,918.193,3483384.60146,0
1640760600000,3793.45,3795.46,3789.82,3793.45,2181.583,1640760899999,8274045.25682,3918,927.449,3517955.42769,0
1640760900000,3793.44,3801.61,3793.08,3801.21,1775.833,1640761199999,6742876.88528,3327,1219.586,4631272.51651,0
1640761200000,3801.22,3804.37,3798.97,3803.57,2188.913,1640761499999,8321322.03285,3599,1289.701,4902577.76897,0
1640761500000,3803.56,3804.30,3798.22,3798.70,1338.744,1640761799999,5088750.33916,3073,366.797,1394309.56275,0
1640761800000,3798.85,3799.30,3789.01,3789.55,2675.838,1640762099999,10150625.65826,4450,902.360,3424572.53220,0
1640762100000,3789.54,3794.49,3788.51,3791.77,2197.262,1640762399999,8330732.37207,4188,940.615,3566567.78665,0
1640762400000,3791.78,3792.80,3787.12,3788.46,2078.250,1640762699999,7875711.69594,4101,651.090,2467613.27415,0
1640762700000,3788.66,3793.18,3788.66,3790.82,944.291,1640762999999,3579463.49964,2550,525.103,1990454.01393,0
1640763000000,3790.82,3800.63,3790.81,3799.89,2687.551,1640763299999,10201521.26767,3721,2073.009,7869486.10142,0
1640763300000,3799.90,3802.77,3797.28,3800.84,2074.700,1640763599999,7885570.53831,3703,1022.842,3887709.24716,0
1640763600000,3800.83,3802.00,3794.14,3795.50,1274.835,1640763899999,4840184.60713,2991,439.365,1668237.55433,0
1640763900000,3795.51,3798.24,3786.00,3787.00,3583.050,1640764199999,13584682.66885,5093,1191.892,4520143.14849,0
1640764200000,3786.99,3794.62,3785.13,3792.91,2551.478,1640764499999,9668247.65318,4662,1692.254,6412850.97653,0
1640764500000,3792.90,3795.64,3791.29,3795.50,1621.235,1640764799999,6150545.71213,3654,754.431,2862312.05927,0
1640764800000,3795.50,3805.00,3792.84,3802.96,5237.711,1640765099999,19906204.08611,5981,3736.754,14203439.81896,0
1640765100000,3802.97,3805.52,3797.42,3797.43,2562.112,1640765399999,9741383.51373,4639,993.350,3777327.29062,0
1640765400000,3797.42,3804.18,3797.04,3801.28,1429.301,1640765699999,5431448.05630,3418,972.357,3695015.25095,0
1640765700000,3801.28,3803.00,3795.27,3799.73,2167.631,1640765999999,8234811.90758,3935,1291.781,4906931.52515,0
1640766000000,3799.74,3799.74,3791.01,3791.47,2737.144,1640766299999,10383136.46182,4573,1021.356,3873839.40461,0
1640766300000,3791.48,3792.89,3785.32,3791.18,4874.660,1640766599999,18467269.21865,6143,1714.214,6495099.80274,0
1640766600000,3791.18,3795.65,3788.35,3795.36,2188.723,1640766899999,8298347.35287,3543,1118.481,4241411.55056,0
1640766900000,3795.36,3796.91,3790.01,3790.34,1385.589,1640767199999,5256537.04287,2970,676.976,2568621.39232,0
1640767200000,3790.54,3804.30,3790.23,3801.64,4160.103,1640767499999,15805407.10664,4775,2957.385,11235551.13669,0
1640767500000,3801.65,3808.00,3800.00,3803.53,5062.477,1640767799999,19261595.62290,6094,2897.042,11023238.24767,0
1640767800000,3803.53,3803.53,3798.50,3800.00,1461.081,1640768099999,5552797.99035,3320,459.290,1745373.25022,0
1640768100000,3800.14,3802.75,3793.42,3795.89,1631.747,1640768399999,6196549.52966,3570,677.208,2572072.85594,0
1640768400000,3795.89,3800.09,3793.00,3798.19,1706.455,1640768699999,6479172.29195,3922,1051.361,3991991.13208,0
1640768700000,3798.19,3799.75,3794.04,3799.65,1186.479,1640768999999,4504769.79452,3873,666.452,2530404.75005,0
1640769000000,3799.72,3801.55,3792.37,3795.07,2095.561,1640769299999,7957453.94182,4940,733.636,2785774.94625,0
1640769300000,3795.06,3797.76,3766.09,3774.95,20832.635,1640769599999,78704801.99057,23460,6918.714,26135310.99358,0
1640769600000,3774.95,3777.24,3766.00,3769.39,8156.603,1640769899999,30756971.08055,9557,4508.557,17000621.02735,0
1640769900000,3769.23,3773.57,3765.49,3771.86,3552.365,1640770199999,13393476.36203,6258,1588.985,5991135.28761,0
1640770200000,3771.87,3786.34,3768.61,3781.32,6434.811,1640770499999,24319451.02564,7855,3938.897,14887778.23632,0
1640770500000,3781.32,3788.90,3778.39,3787.31,2586.434,1640770799999,9785653.93817,5199,1404.683,5314858.80222,0
1640770800000,3787.31,3790.22,3780.94,3788.14,3983.927,1640771099999,15088614.22906,5451,2000.863,7578296.10997,0
1640771100000,3788.15,3804.00,3787.10,3803.67,8575.978,1640771399999,32571852.34627,8509,5184.687,19689366.08843,0
1640771400000,3803.67,3824.00,3803.53,3823.25,15106.568,1640771699999,57616002.89958,15036,9430.515,35967555.49809,0
1640771700000,3823.43,3824.93,3811.56,3813.16,8847.576,1640771999999,33786581.45312,9009,3378.846,12906828.05046,0
1640772000000,3813.16,3816.87,3806.59,3809.22,4446.332,1640772299999,16939716.83568,6678,1805.297,6878250.32490,0
1640772300000,3809.21,3813.88,3807.00,3811.14,2314.092,1640772599999,8817390.01026,4473,1455.970,5548115.75196,0
1640772600000,3811.14,3817.99,3805.80,3814.38,3533.901,1640772899999,13474165.48341,5728,1915.218,7303575.16711,0
1640772900000,3814.54,3816.53,3807.00,3808.12,2213.216,1640773199999,8434672.17529,3876,624.621,2380399.30384,0
1640773200000,3808.12,3810.78,3806.21,3808.05,2154.432,1640773499999,8203358.80583,4027,905.666,3448812.20852,0
1640773500000,3808.06,3812.13,3807.24,3808.87,1328.777,1640773799999,5061783.11394,3119,703.994,2681838.14107,0
1640773800000,3808.88,3820.20,3807.40,3811.19,6218.373,1640774099999,23722748.41762,6544,3228.164,12316708.79204,0
1640774100000,3811.18,3811.40,3803.15,3804.70,3879.513,1640774399999,14765934.58349,4437,1732.711,6593946.75315,0
1640774400000,3804.80,3806.87,3793.00,3796.58,10074.576,1640774699999,38273335.11840,7254,3240.168,12314369.83748,0
1640774700000,3796.43,3798.80,3792.56,3795.17,2516.486,1640774999999,9551355.81612,4993,1444.521,5483139.97753,0
1640775000000,3795.41,3795.47,3786.49,3789.00,5052.448,1640775299999,19146909.80025,6447,1988.350,7533942.49557,0
1640775300000,3789.00,3794.64,3788.13,3792.29,2177.971,1640775599999,8256651.86742,3631,1433.180,5433253.27372,0
1640775600000,3792.31,3797.44,3790.24,3794.00,1594.356,1640775899999,6051185.73542,3340,1037.220,3936929.37875,0
1640775900000,3794.01,3796.34,3787.48,3788.58,1755.488,1640776199999,6656443.19031,3776,623.369,2364246.18456,0
1640776200000,3788.57,3791.69,3784.75,3791.35,2629.101,1640776499999,9958328.75029,4442,1510.031,5720038.12151,0
1640776500000,3791.34,3791.96,3783.00,3783.96,1953.067,1640776799999,7394857.02601,4194,795.912,3013953.79112,0
1640776800000,3783.97,3786.95,3780.00,3784.85,4180.209,1640777099999,15812040.14900,5859,2234.753,8454474.28186,0
1640777100000,3784.86,3786.00,3775.25,3779.26,3421.660,1640777399999,12933162.31433,6366,1426.442,5391976.39833,0
1640777400000,3779.25,3787.87,3778.93,3786.76,1977.298,1640777699999,7484253.20112,3999,1338.736,5067582.20416,0
1640777700000,3786.76,3790.71,3783.28,3783.29,2300.571,1640777999999,8713732.94223,3979,1164.040,4409381.49392,0
1640778000000,3783.29,3785.43,3779.12,3783.33,2481.941,1640778299999,9387344.84227,4369,867.002,3279434.16463,0
1640778300000,3783.32,3788.56,3779.35,3779.35,1379.469,1640778599999,5219540.60668,3756,563.957,2134738.71717,0
1640778600000,3779.36,3783.28,3773.89,3782.99,3957.847,1640778899999,14952744.11328,5462,1350.353,5102674.26888,0
1640778900000,3782.99,3791.68,3781.24,3789.66,3219.730,1640779199999,12196636.99201,4222,1997.816,7567060.57202,0
1640779200000,3789.78,3791.32,3778.32,3778.67,3702.220,1640779499999,14010820.23793,5715,1311.995,4965512.39241,0
1640779500000,3778.74,3782.62,3745.00,3758.03,30826.253,1640779799999,115870526.94183,34737,12210.630,45898104.23773,0
1640779800000,3758.04,3767.93,3726.17,3749.90,31335.449,1640780099999,117429972.15402,36756,13870.714,52021336.36241,0
1640780100000,3749.91,3757.95,3735.00,3739.72,13471.907,1640780399999,50439761.37838,18003,6259.870,23438181.25816,0
1640780400000,3739.73,3744.38,3729.95,3738.71,12007.779,1640780699999,44864724.53986,15174,5938.460,22190958.96169,0
1640780700000,3738.71,3742.00,3720.99,3735.95,16848.480,1640780999999,62840873.09146,21650,7979.119,29767642.12724,0
1640781000000,3735.95,3741.96,3729.16,3737.80,9513.344,1640781299999,35533188.05585,12870,5326.062,19894119.01710,0
1640781300000,3737.80,3742.00,3732.07,3733.65,5308.528,1640781599999,19839716.78984,8717,3103.126,11598140.32219,0
1640781600000,3733.58,3735.52,3725.00,3732.75,6048.137,1640781899999,22558226.25149,9804,3100.462,11565432.99337,0
1640781900000,3732.75,3740.48,3732.22,3738.62,5375.700,1640782199999,20087435.52390,8322,3097.732,11575989.84546,0
1640782200000,3738.62,3742.74,3731.37,3731.38,3757.755,1640782499999,14046458.95417,6955,1894.499,7083123.26492,0
1640782500000,3731.32,3735.05,3726.16,3726.88,2993.376,1640782799999,11167735.57294,5864,1249.698,4662895.60160,0
1640782800000,3726.89,3735.21,3725.19,3732.21,4886.207,1640783099999,18227817.66624,7606,2580.306,9627801.73182,0
1640783100000,3732.21,3739.67,3730.91,3733.22,5211.600,1640783399999,19465826.83759,7256,2671.049,9977998.00363,0
1640783400000,3733.22,3737.72,3728.00,3730.36,3126.063,1640783699999,11667497.10582,6306,1346.025,5024576.64489,0
1640783700000,3730.36,3736.00,3726.30,3728.25,2392.302,1640783999999,8924461.28065,6106,973.131,3630362.33704,0
1640784000000,3728.25,3728.93,3702.26,3704.00,24781.061,1640784299999,91987011.71065,32321,8560.938,31775669.26678,0
1640784300000,3704.00,3709.14,3693.80,3702.23,20707.367,1640784599999,76640407.62232,24949,7935.813,29381329.52975,0
1640784600000,3702.89,3715.53,3700.31,3705.32,10827.231,1640784899999,40155526.65191,13140,6062.284,22483410.14678,0
1640784900000,3705.32,3709.53,3695.00,3708.84,6382.161,1640785199999,23625972.96036,10356,3422.914,12673090.28803,0
1640785200000,3708.84,3721.27,3707.09,3717.80,9057.935,1640785499999,33652723.87265,9943,5910.218,21960608.47621,0
1640785500000,3717.80,3726.84,3717.44,3725.71,5993.347,1640785799999,22307937.09670,8675,3354.466,12486770.75235,0
1640785800000,3725.71,3758.25,3725.12,3753.97,19887.918,1640786099999,74420350.84216,22371,12057.559,45118317.16402,0
1640786100000,3753.97,3764.00,3743.57,3753.79,16365.409,1640786399999,61433591.04461,18228,7284.554,27348079.09483,0
1640786400000,3753.79,3763.02,3749.68,3757.10,8554.568,1640786699999,32144404.76426,11639,4870.603,18302689.30592,0
1640786700000,3757.09,3769.14,3754.62,3766.85,7094.286,1640786999999,26695661.16939,9810,3952.503,14874747.76816,0
1640787000000,3766.84,3768.00,3749.96,3753.31,9846.106,1640787299999,36997786.92347,11971,3499.824,13152870.15803,0
1640787300000,3753.32,3760.35,3742.77,3747.13,7365.487,1640787599999,27618497.54862,10719,3458.506,12972007.86994,0
1640787600000,3747.14,3757.70,3745.15,3755.13,4086.333,1640787899999,15326878.02640,6881,2526.793,9477407.64261,0
1640787900000,3755.13,3758.77,3748.69,3749.27,2639.888,1640788199999,9910346.55737,5120,826.732,3104551.83960,0
1640788200000,3749.27,3777.93,3748.52,3773.65,8696.258,1640788499999,32755364.07974,11877,5824.031,21938997.92387,0
1640788500000,3773.64,3784.47,3769.14,3773.72,13122.547,1640788799999,49552760.42373,14730,7061.298,26670175.40062,0
1640788800000,3773.72,3784.81,3771.60,3773.39,10123.191,1640789099999,38261287.56963,10476,4843.607,18311312.98941,0
1640789100000,3773.39,3777.03,3766.33,3775.24,5269.172,1640789399999,19867554.88073,7795,2607.634,9833618.07826,0
1640789400000,3775.24,3787.58,3772.90,3785.01,7626.533,1640789699999,28846611.38001,8891,4806.256,18180959.75983,0
1640789700000,3785.00,3789.49,3777.18,3779.99,5833.588,1640789999999,22066720.06960,7850,2198.950,8319496.08827,0
1640790000000,3779.99,3784.26,3775.67,3781.76,3868.842,1640790299999,14622737.51793,5683,1944.991,7352959.70454,0
1640790300000,3781.75,3793.07,3778.81,3789.22,6398.981,1640790599999,24240452.64353,8341,4352.206,16487972.65111,0
1640790600000,3789.21,3792.00,3774.28,3775.92,7641.761,1640790899999,28889241.95497,9642,2265.504,8566671.40744,0
1640790900000,3775.91,3780.71,3770.67,3777.31,5683.834,1640791199999,21459423.76757,7077,2483.903,9377070.99925,0
1640791200000,3777.31,3787.10,3776.00,3781.48,3884.048,1640791499999,14694670.70496,6069,2388.406,9037186.18160,0
1640791500000,3781.49,3786.00,3775.36,3780.79,2321.794,1640791799999,8777338.22942,4844,1138.433,4304459.09129,0
1640791800000,3780.79,3786.33,3775.32,3786.14,2558.505,1640792099999,9676867.74928,4932,1697.806,6422840.84309,0
1640792100000,3786.14,3787.13,3778.00,3779.15,2292.697,1640792399999,8673551.26420,3987,607.436,2298718.49258,0
1640792400000,3779.14,3788.07,3775.16,3785.96,3102.617,1640792699999,11738305.06941,4222,1687.864,6387031.11563,0
1640792700000,3785.91,3788.81,3781.00,3787.30,2054.592,1640792999999,7778012.14827,3726,1072.959,4062318.63562,0
1640793000000,3787.31,3797.83,3786.07,3797.67,6894.288,1640793299999,26156750.01903,7913,4555.359,17283372.25106,0
1640793300000,3797.67,3799.00,3791.08,3792.77,4447.654,1640793599999,16885526.97921,5896,2132.069,8095640.96154,0
1640793600000,3792.78,3795.35,3786.64,3793.68,3687.157,1640793899999,13976488.09826,5250,1808.842,6857045.85364,0
1640793900000,3793.68,3796.72,3786.78,3788.17,2486.753,1640794199999,9427906.04377,3927,1181.149,4478423.15746,0
1640794200000,3788.18,3789.03,3780.55,3782.86,3352.855,1640794499999,12686354.09730,4830,1042.430,3944033.62714,0
1640794500000,3782.86,3789.18,3781.86,3789.07,3053.692,1640794799999,11558794.67989,3776,2374.150,8987131.25570,0
1640794800000,3789.07,3791.27,3781.00,3786.52,2516.929,1640795099999,9527826.25799,4589,1064.071,4028241.63702,0
1640795100000,3786.38,3789.86,3779.27,3780.83,2315.537,1640795399999,8766278.64355,4009,722.044,2733959.07054,0
1640795400000,3780.82,3782.57,3772.35,3775.88,7889.042,1640795699999,29791872.15920,7714,3053.101,11529761.81059,0
1640795700000,3775.88,3779.00,3772.00,3774.25,3864.066,1640795999999,14593355.73691,4393,2170.625,8197758.64878,0
1640796000000,3774.25,3775.62,3768.03,3771.73,4304.245,1640796299999,16232699.58519,5421,1208.814,4558917.43219,0
1640796300000,3771.73,3777.50,3769.70,3772.05,2269.464,1640796599999,8563530.50576,3487,1312.259,4952331.39729,0
1640796600000,3772.04,3782.00,3772.04,3780.25,2026.577,1640796899999,7657374.89769,2844,1508.367,5699087.46323,0
1640796900000,3780.25,3782.00,3778.10,3782.00,2120.078,1640797199999,8015011.43935,2738,1437.938,5436379.45704,0
1640797200000,3782.00,3782.00,3774.25,3778.14,1264.665,1640797499999,4777812.91604,3298,546.889,2066173.83077,0
1640797500000,3778.13,3780.00,3774.22,3779.58,1063.779,1640797799999,4018344.30562,2759,576.764,2178669.15160,0
1640797800000,3779.62,3780.90,3772.93,3773.98,1068.488,1640798099999,4035846.68310,2748,442.398,1671128.38869,0
1640798100000,3773.98,3778.25,3772.26,3776.99,831.629,1640798399999,3139626.11176,2150,362.758,1369609.52378,0
1640798400000,3776.82,3776.90,3770.00,3774.19,1282.456,1640798699999,4838091.41164,2612,630.500,2378814.60031,0
1640798700000,3774.19,3774.99,3768.05,3768.66,1456.807,1640798999999,5493609.48745,2681,659.208,2486062.37954,0
1640799000000,3768.67,3771.60,3754.31,3758.92,6970.700,1640799299999,26219819.44826,8403,2397.256,9016454.49311,0
1640799300000,3758.92,3765.84,3758.91,3760.73,2258.188,1640799599999,8495668.71570,3525,1475.227,5549969.96611,0
1640799600000,3760.72,3766.00,3759.44,3764.95,2009.414,1640799899999,7559955.68179,3041,1251.642,4709107.01168,0
1640799900000,3764.95,3767.76,3759.00,3759.65,1577.304,1640800199999,5934516.74861,3077,982.025,3694877.53505,0
1640800200000,3759.65,3759.66,3746.03,3754.51,7166.822,1640800499999,26886285.84206,8775,2748.162,10310888.47937,0
1640800500000,3754.52,3757.79,3752.17,3752.53,1457.823,1640800799999,5473628.79687,2970,685.453,2573895.01926,0
1640800800000,3752.53,3762.64,3750.30,3759.11,2800.790,1640801099999,10526196.99515,4817,1658.148,6232619.01122,0
1640801100000,3759.10,3763.00,3756.81,3759.76,1717.107,1640801399999,6456980.35606,3103,1090.011,4098843.40576,0
1640801400000,3759.76,3759.76,3755.30,3756.60,1005.835,1640801699999,3778555.21824,2242,437.568,1643771.02775,0
1640801700000,3756.60,3769.79,3756.51,3765.17,3941.269,1640801999999,14842289.47416,4185,2787.290,10495928.01541,0
1640802000000,3765.17,3766.05,3758.03,3764.41,1809.931,1640802299999,6810011.18109,2927,762.249,2867999.67226,0
1640802300000,3764.40,3769.11,3763.26,3767.76,2328.786,1640802599999,8773407.88384,2784,1577.506,5943199.57467,0
1640802600000,3767.76,3772.35,3763.26,3771.87,2139.320,1640802899999,8064907.65517,3414,1113.835,4199001.97269,0
1640802900000,3771.78,3774.63,3762.12,3763.35,2743.464,1640803199999,10339308.09639,3500,982.413,3704496.21039,0
1640803200000,3763.35,3765.16,3756.06,3756.59,2484.017,1640803499999,9342018.76069,3516,1123.551,4226689.42119,0
1640803500000,3756.58,3757.87,3745.48,3747.38,5798.028,1640803799999,21742874.87334,6536,2335.137,8754600.89335,0
1640803800000,3747.37,3750.76,3742.80,3748.12,4896.123,1640804099999,18341441.81721,5474,2111.499,7910381.85452,0
1640804100000,3748.12,3752.44,3746.61,3751.67,2276.709,1640804399999,8537515.84199,3002,928.987,3483733.43652,0
1640804400000,3751.84,3753.50,3746.98,3750.76,1511.244,1640804699999,5669439.82373,2883,802.943,3012778.22025,0
1640804700000,3750.84,3753.50,3739.35,3741.93,2918.216,1640804999999,10927496.30349,4724,1386.286,5192807.25980,0
1640805000000,3741.92,3748.38,3735.00,3738.63,4061.853,1640805299999,15192541.40780,6187,1780.442,6660346.25089,0
1640805300000,3738.63,3739.64,3732.95,3737.81,4011.054,1640805599999,14984157.33139,5423,1806.300,6748653.61895,0
1640805600000,3737.81,3741.26,3737.01,3740.00,1907.185,1640805899999,7131565.11732,3113,1222.363,4570985.78962,0
1640805900000,3740.00,3740.18,3733.71,3738.11,1799.473,1640806199999,6724785.02199,2846,1025.505,3832697.55655,0
1640806200000,3738.11,3740.11,3725.84,3728.03,3953.412,1640806499999,14756061.21605,6157,1419.134,5297758.94956,0
1640806500000,3728.03,3729.41,3713.70,3717.81,9580.062,1640806799999,35657770.77363,11242,3300.438,12286592.70826,0
1640806800000,3717.81,3726.28,3710.00,3723.68,6421.116,1640807099999,23868558.96636,7926,3346.289,12444051.17273,0
1640807100000,3723.76,3728.90,3718.06,3727.26,2763.375,1640807399999,10291395.06030,4571,1552.129,5781315.13358,0
1640807400000,3727.26,3734.47,3725.81,3725.81,2875.236,1640807699999,10724246.64288,4123,1813.562,6764462.15456,0
1640807700000,3725.75,3726.44,3719.28,3724.25,3996.035,1640807999999,14875622.26233,4722,2084.039,7758926.54517,0
1640808000000,3724.25,3724.58,3716.67,3721.87,2304.759,1640808299999,8574782.45956,3984,1117.553,4158596.03062,0
1640808300000,3722.22,3737.96,3722.22,3735.59,5393.665,1640808599999,20134396.74389,6239,3668.500,13693130.63655,0
1640808600000,3735.59,3738.24,3726.13,3728.40,3439.702,1640808899999,12838878.06352,4628,1246.141,4652711.82950,0
1640808900000,3728.41,3735.18,3722.82,3727.87,2694.619,1640809199999,10051433.58393,3775,1537.095,5734374.24647,0
1640809200000,3727.86,3732.07,3723.73,3730.51,1467.656,1640809499999,5471763.08895,2801,801.447,2988538.88232,0
1640809500000,3730.51,3743.95,3730.08,3742.17,3054.541,1640809799999,11416731.31045,4629,2217.868,8289652.73691,0
1640809800000,3742.17,3767.09,3742.17,3759.68,12823.481,1640810099999,48156878.55762,12658,7534.591,28286175.74158,0
1640810100000,3759.68,3766.90,3754.99,3759.22,7510.549,1640810399999,28245925.09370,6845,4235.631,15930436.74274,0
1640810400000,3759.22,3762.74,3750.00,3750.83,3379.256,1640810699999,12690479.49260,4850,1428.579,5366641.57585,0
1640810700000,3750.83,3757.53,3749.77,3755.84,2498.303,1640810999999,9375984.14976,3270,1476.331,5541791.35973,0
1640811000000,3755.84,3758.25,3742.04,3746.09,3302.789,1640811299999,12377849.04529,3992,1014.397,3801431.82350,0
1640811300000,3746.02,3754.02,3735.77,3744.71,6420.913,1640811599999,24040010.21899,6861,3745.713,14024533.95322,0
1640811600000,3744.85,3747.70,3723.14,3726.39,6943.867,1640811899999,25900642.42096,8168,1817.109,6776550.73394,0
1640811900000,3726.39,3729.38,3717.14,3717.42,5558.199,1640812199999,20693971.40637,6896,2692.338,10026953.00407,0
1640812200000,3717.43,3720.08,3704.05,3710.36,7741.239,1640812499999,28723338.76144,10693,2782.523,10324939.06303,0
1640812500000,3710.36,3718.67,3707.81,3710.40,4256.173,1640812799999,15809820.14455,5775,2421.200,8994457.10964,0
1640812800000,3710.39,3724.20,3710.38,3719.23,3440.510,1640813099999,12793413.51737,5057,2030.887,7551126.30259,0
1640813100000,3719.23,3725.36,3714.73,3721.11,2779.621,1640813399999,10341197.39575,3934,1588.901,5910258.59029,0
1640813400000,3721.10,3725.64,3720.46,3721.16,2640.713,1640813699999,9832062.92239,3292,1308.968,4873661.49176,0
1640813700000,3721.16,3723.14,3707.36,3712.55,2930.465,1640813999999,10879912.80201,4401,1207.133,4480739.14604,0
1640814000000,3712.56,3721.76,3710.01,3719.24,2653.173,1640814299999,9858671.77132,3664,1482.857,5510289.95372,0
1640814300000,3719.23,3720.07,3711.00,3714.39,2626.570,1640814599999,9755246.69879,3846,1164.048,4323006.71509,0
1640814600000,3714.40,3724.81,3714.12,3724.43,1843.355,1640814899999,6859592.21941,2976,1088.747,4051648.27526,0
1640814900000,3724.43,3725.79,3718.43,3725.57,1690.414,1640815199999,6292392.24741,2754,826.561,3077079.97167,0
1640815200000,3725.57,3725.90,3712.02,3714.67,2070.922,1640815499999,7701282.50349,3701,768.990,2859883.68839,0
1640815500000,3714.68,3723.75,3712.04,3722.52,1307.563,1640815799999,4862161.10772,3098,841.190,3128219.06701,0
1640815800000,3722.68,3724.34,3710.52,3714.67,3914.331,1640816099999,14543361.16092,4780,1483.738,5512092.27861,0
1640816100000,3714.66,3728.15,3714.33,3726.01,4725.290,1640816399999,17588911.26530,5771,3184.039,11849444.19561,0
1640816400000,3726.01,3735.22,3723.70,3733.82,2689.070,1640816699999,10026626.94610,3871,1533.988,5720224.47828,0
1640816700000,3733.81,3734.62,3729.59,3734.08,1944.751,1640816999999,7258211.81126,3066,981.578,3663736.78793,0
1640817000000,3734.08,3735.15,3732.23,3733.36,1700.765,1640817299999,6349490.43249,2300,347.624,1297885.74298,0
1640817300000,3733.36,3745.61,3733.35,3743.57,3536.647,1640817599999,13230110.61686,4909,2415.714,9036705.56407,0
1640817600000,3743.57,3745.61,3739.62,3740.40,1678.432,1640817899999,6282453.79182,3482,814.205,3047907.78897,0
1640817900000,3740.39,3740.40,3728.01,3729.02,2851.189,1640818199999,10641241.94295,4026,954.105,3559702.08988,0
1640818200000,3729.01,3729.78,3715.61,3717.27,3592.592,1640818499999,13372557.34597,4588,1164.918,4339029.33842,0
1640818500000,3717.27,3726.77,3716.30,3722.21,2480.777,1640818799999,9231292.52721,4174,1774.532,6603697.41205,0
1640818800000,3722.20,3735.37,3702.89,3710.00,9303.968,1640819099999,34583086.88252,10191,3739.653,13922563.48325,0
1640819100000,3710.01,3721.71,3705.74,3719.78,4522.666,1640819399999,16805100.37520,5561,3353.360,12461319.20979,0
1640819400000,3719.78,3719.78,3702.25,3706.01,4332.262,1640819699999,16061479.91147,6476,1462.097,5419695.36317,0
1640819700000,3705.56,3707.55,3695.20,3702.00,10625.821,1640819999999,39321274.82864,11167,3584.923,13269191.00239,0
1640820000000,3702.00,3703.99,3602.77,3638.45,97264.849,1640820299999,354837202.29374,98430,35324.605,128795223.06933,0
1640820300000,3638.14,3654.60,3628.04,3636.71,19294.630,1640820599999,70306964.74366,22003,9476.229,34535395.45000,0
1640820600000,3636.71,3647.56,3620.06,3643.60,17439.733,1640820899999,63396871.93500,20972,10273.667,37359752.76989,0
1640820900000,3643.60,3643.60,3624.92,3632.06,8162.782,1640821199999,29668778.39493,11550,3752.075,13635387.46997,0
1640821200000,3631.66,3638.86,3611.00,3618.28,17341.702,1640821499999,62817306.30036,20082,6841.530,24791971.10815,0
1640821500000,3618.39,3630.89,3600.45,3630.31,21025.571,1640821799999,75968312.80666,24433,9845.898,35590481.58158,0
1640821800000,3630.41,3634.42,3616.09,3616.09,6087.828,1640822099999,22074034.73052,9499,2796.126,10141660.38447,0
1640822100000,3616.29,3633.04,3616.29,3628.55,5861.182,1640822399999,21255665.54049,7517,3933.315,14264522.40656,0
1640822400000,3628.49,3638.91,3619.78,3628.31,14631.856,1640822699999,53112801.34650,13819,6698.706,24318953.07204,0
1640822700000,3628.32,3631.35,3613.96,3618.29,7958.317,1640822999999,28829538.34310,10446,3537.173,12817588.81540,0
1640823000000,3618.28,3623.85,3602.37,3618.91,11199.430,1640823299999,40460957.85054,13851,5025.832,18167950.54780,0
1640823300000,3618.90,3623.11,3580.00,3594.47,29671.722,1640823599999,106663711.33612,33714,10298.147,37026824.43512,0
1640823600000,3594.47,3646.83,3583.00,3636.88,28476.937,1640823899999,102881440.51791,29277,17917.833,64781195.65212,0
1640823900000,3637.22,3648.86,3626.14,3638.34,17618.993,1640824199999,64107186.21010,20820,10097.394,36746405.26095,0
1640824200000,3637.72,3661.93,3637.22,3653.41,13243.120,1640824499999,48375628.89110,17308,6389.002,23339991.48799,0
1640824500000,3653.40,3664.51,3647.56,3663.77,8106.653,1640824799999,29640651.14628,10963,4138.232,15132217.65957,0
1640824800000,3663.66,3665.42,3654.25,3656.21,6000.098,1640825099999,21963334.72109,8628,2784.650,10196435.63202,0
1640825100000,3656.21,3668.30,3651.26,3654.35,5964.000,1640825399999,21822862.65863,8706,2693.428,9858689.54028,0
1640825400000,3654.34,3657.68,3648.03,3651.95,4482.902,1640825699999,16372040.74690,5620,1806.681,6598327.65698,0
1640825700000,3651.64,3658.97,3646.83,3657.11,6023.482,1640825999999,21996685.58389,6047,3251.025,11874963.17447,0
1640826000000,3657.11,3659.04,3642.22,3648.14,4543.883,1640826299999,16571926.28064,6930,1697.868,6192359.68471,0
1640826300000,3648.14,3648.86,3641.42,3646.07,3792.813,1640826599999,13822201.88175,5749,1651.223,6017638.49140,0
1640826600000,3646.07,3660.15,3640.01,3658.29,4147.656,1640826899999,15144852.41731,6671,2423.319,8848356.24019,0
1640826900000,3658.29,3664.51,3655.67,3659.98,3392.081,1640827199999,12416050.62553,5968,1524.824,5581033.05070,0
1640827200000,3659.98,3660.36,3650.29,3657.03,1763.245,1640827499999,6445520.75438,4640,647.378,2366467.10625,0
1640827500000,3657.04,3660.68,3648.00,3652.70,2711.934,1640827799999,9906232.49972,4587,1653.980,6041424.81877,0
1640827800000,3652.69,3655.48,3640.03,3647.41,3945.119,1640828099999,14381347.69014,5951,2003.857,7305330.44697,0
1640828100000,3647.40,3656.54,3646.11,3655.71,1905.040,1640828399999,6956974.65174,3979,1173.795,4286816.03455,0
1640828400000,3655.71,3662.27,3654.23,3661.94,2933.443,1640828699999,10730198.89778,4660,1878.136,6870252.66068,0
1640828700000,3661.73,3662.76,3651.01,3658.30,2191.130,1640828999999,8009522.46762,4490,1155.348,4223784.93428,0
1640829000000,3658.30,3661.00,3655.48,3656.08,1800.671,1640829299999,6587776.32819,3082,689.283,2521857.07654,0
1640829300000,3656.08,3657.66,3648.01,3648.34,3183.994,1640829599999,11627436.15007,3929,1416.091,5171622.63829,0
1640829600000,3648.07,3651.08,3636.00,3636.61,4902.337,1640829899999,17861553.57671,6921,2246.139,8184259.69240,0
1640829900000,3636.61,3638.57,3627.19,3633.38,7278.637,1640830199999,26440539.33276,9585,3358.791,12202416.03067,0
1640830200000,3633.38,3639.68,3624.65,3628.25,4039.399,1640830499999,14672244.91180,6624,1961.102,7126211.35506,0
1640830500000,3628.18,3636.00,3626.08,3626.79,3178.978,1640830799999,11545013.34537,6112,1731.100,6287238.34086,0
1640830800000,3626.79,3636.98,3622.90,3633.60,4531.286,1640831099999,16447702.67131,6763,2365.338,8585673.09196,0
1640831100000,3633.48,3640.89,3633.05,3636.81,2432.273,1640831399999,8848695.76091,4267,1298.028,4722367.53791,0
1640831400000,3637.00,3642.06,3632.84,3641.90,2061.631,1640831699999,7499405.88958,4144,1087.373,3955718.98104,0
1640831700000,3641.90,3643.46,3638.11,3643.09,1923.767,1640831999999,7004594.78919,3480,906.791,3301795.91972,0
1640832000000,3643.09,3647.40,3641.66,3646.97,1797.664,1640832299999,6551364.31402,3520,939.507,3424138.79924,0
1640832300000,3646.97,3647.33,3641.08,3645.49,1988.523,1640832599999,7247359.26560,3223,636.444,2319421.40850,0
1640832600000,3645.49,3648.98,3643.79,3645.10,1288.438,1640832899999,4697879.73970,2587,635.945,2318888.54415,0
1640832900000,3645.36,3649.41,3637.00,3649.14,2087.502,1640833199999,7604826.38536,3377,1071.037,3902744.62347,0
1640833200000,3649.14,3653.34,3645.54,3652.16,2831.976,1640833499999,10336443.13212,4346,1564.953,5712295.94146,0
1640833500000,3652.17,3656.65,3650.73,3654.22,3002.323,1640833799999,10970343.09424,4076,1643.033,6003390.87159,0
1640833800000,3654.23,3655.32,3645.01,3646.81,2304.368,1640834099999,8409303.37064,3568,666.578,2432559.26765,0
1640834100000,3646.81,3646.82,3639.10,3640.57,2705.536,1640834399999,9855073.29560,3679,1046.243,3811156.47640,0
1640834400000,3640.57,3647.88,3640.57,3647.88,1969.893,1640834699999,7179487.24800,2827,1365.664,4977268.19766,0
1640834700000,3647.90,3648.66,3636.36,3642.68,2711.866,1640834999999,9873446.08278,3518,1058.245,3852994.32854,0
1640835000000,3642.68,3654.49,3642.62,3653.97,2991.526,1640835299999,10920634.67486,4476,1681.403,6137969.88476,0
1640835300000,3653.98,3659.74,3648.42,3659.67,3163.205,1640835599999,11559184.09683,4309,1685.708,6161163.51532,0
1640835600000,3659.67,3659.68,3651.00,3657.99,2420.190,1640835899999,8848007.05737,3710,895.691,3274663.42309,0
1640835900000,3658.00,3662.38,3656.35,3656.84,2332.816,1640836199999,8537573.60229,3963,1228.470,4496145.89431,0
1640836200000,3656.83,3658.67,3650.00,3652.22,2513.088,1640836499999,9181861.61001,3682,1198.540,4379162.97727,0
1640836500000,3652.21,3654.31,3645.00,3647.70,1825.016,1640836799999,6662448.38225,2957,931.712,3401454.78024,0
1640836800000,3647.69,3657.66,3646.82,3657.65,2106.309,1640837099999,7691812.36195,3623,1488.361,5435469.44597,0
1640837100000,3657.66,3663.68,3655.12,3662.64,2104.231,1640837399999,7701768.52043,3771,1189.756,4354911.81295,0
1640837400000,3662.64,3676.82,3662.61,3671.62,7023.957,1640837699999,25787665.83503,8524,3701.384,13587327.24761,0
1640837700000,3671.61,3679.86,3669.48,3676.43,4412.458,1640837999999,16215306.82443,6711,2257.661,8297916.15786,0
1640838000000,3676.42,3677.72,3666.57,3666.57,4523.862,1640838299999,16613442.96075,6175,1943.521,7137624.09288,0
1640838300000,3666.57,3671.27,3664.97,3667.15,1948.846,1640838599999,7147856.07449,3934,775.084,2842895.29969,0
1640838600000,3667.19,3670.66,3665.34,3669.95,1473.363,1640838899999,5404917.47804,3302,829.578,3043122.42841,0
1640838900000,3669.95,3669.96,3662.30,3663.89,1816.799,1640839199999,6659229.11176,3241,672.844,2466174.54154,0
1640839200000,3663.89,3670.90,3663.89,3666.37,1531.823,1640839499999,5618260.65291,2838,811.702,2977021.98838,0
1640839500000,3666.36,3668.95,3664.00,3664.60,1472.766,1640839799999,5399331.69703,2920,765.373,2806026.98072,0
1640839800000,3664.61,3668.50,3662.97,3663.50,942.932,1640840099999,3456071.34420,2220,483.644,1772882.40210,0
1640840100000,3663.30,3664.55,3659.67,3661.41,2085.123,1640840399999,7634906.18352,2982,850.306,3113093.17733,0
1640840400000,3661.41,3669.04,3657.94,3665.35,3056.754,1640840699999,11193487.59561,4349,2049.756,7506194.32643,0
1640840700000,3665.34,3665.83,3656.00,3658.41,1725.917,1640840999999,6315780.05742,3527,697.733,2553257.92744,0
1640841000000,3658.41,3661.91,3655.21,3661.91,1708.917,1640841299999,6252385.49974,2850,772.918,2828287.71593,0
1640841300000,3661.92,3666.85,3661.00,3666.84,1059.449,1640841599999,3881936.52516,2667,668.896,2450919.08651,0
1640841600000,3666.85,3667.44,3664.39,3665.40,1228.142,1640841899999,4502527.10257,2346,591.568,2168670.68765,0
1640841900000,3665.41,3665.70,3654.23,3655.49,1921.303,1640842199999,7027928.09050,3271,819.192,2996044.46532,0
1640842200000,3655.49,3655.98,3645.72,3654.01,4456.058,1640842499999,16270036.00385,6315,2232.943,8154099.77833,0
1640842500000,3654.01,3656.78,3650.45,3655.82,1367.692,1640842799999,4997286.44163,2703,717.898,2623257.84988,0
1640842800000,3655.82,3662.80,3654.44,3661.66,1682.297,1640843099999,6155162.44933,2806,904.842,3310301.27685,0
1640843100000,3661.66,3663.80,3660.66,3663.49,2022.584,1640843399999,7407800.73365,2628,1102.850,4039488.62428,0
1640843400000,3663.49,3664.44,3658.82,3662.75,1586.749,1640843699999,5810090.55715,2533,634.549,2323540.08117,0
1640843700000,3662.75,3673.08,3662.75,3672.17,3198.322,1640843999999,11732352.42550,4818,1762.070,6464210.47173,0
1640844000000,3672.17,3674.60,3667.21,3669.91,2386.519,1640844299999,8760007.33071,4381,1337.897,4910846.25494,0
1640844300000,3670.00,3671.59,3665.37,3670.88,1327.113,1640844599999,4868923.36451,3088,642.033,2355776.28969,0
1640844600000,3670.88,3673.30,3668.68,3670.91,1298.909,1640844899999,4768827.17443,2946,725.058,2662022.49478,0
1640844900000,3670.91,3674.49,3670.90,3670.91,1153.928,1640845199999,4237609.74797,2698,594.887,2184768.72272,0
1640845200000,3670.91,3671.27,3667.64,3669.13,1083.094,1640845499999,3974302.00875,2759,512.846,1881918.88024,0
1640845500000,3669.14,3671.25,3664.89,3668.76,1117.233,1640845799999,4098014.32959,2779,492.811,1807750.92082,0
1640845800000,3668.76,3676.11,3668.76,3674.36,1648.888,1640846099999,6057654.99516,3386,1084.121,3982959.05378,0
1640846100000,3674.31,3680.83,3673.36,3680.83,2425.550,1640846399999,8919793.84583,4507,1700.714,6254281.64581,0
1640846400000,3680.82,3693.74,3680.76,3690.45,6534.608,1640846699999,24096606.55118,8511,4392.128,16195948.92832,0
1640846700000,3690.45,3697.20,3686.47,3695.01,7097.042,1640846999999,26208175.80260,8219,4429.709,16360106.87446,0
1640847000000,3695.01,3695.72,3690.78,3693.71,6142.970,1640847299999,22692232.29618,5815,2752.007,10165761.48524,0
1640847300000,3693.71,3702.40,3693.24,3694.03,6358.020,1640847599999,23514930.33864,8274,3677.651,13601996.19570,0
1640847600000,3694.00,3716.81,3685.85,3715.74,16411.081,1640847899999,60754196.42838,17320,10565.319,39127942.34849,0
1640847900000,3715.73,3716.72,3703.86,3707.01,7998.709,1640848199999,29682613.94320,10181,3760.571,13958788.76868,0
1640848200000,3707.01,3710.16,3704.26,3708.72,2816.918,1640848499999,10444043.98063,4726,1487.048,5513489.73712,0
1640848500000,3708.72,3708.95,3695.39,3697.79,4902.818,1640848799999,18146586.79584,6569,1425.119,5276967.19994,0
1640848800000,3697.79,3705.18,3697.79,3702.82,3020.971,1640849099999,11183728.85685,4523,1950.362,7220508.21443,0
1640849100000,3702.82,3714.00,3701.64,3706.10,3294.390,1640849399999,12218437.05303,5467,1957.634,7259060.31058,0
1640849400000,3706.09,3717.36,3705.38,3712.96,3241.397,1640849699999,12031356.18788,4953,1980.582,7352215.51570,0
1640849700000,3712.96,3712.96,3705.57,3709.60,2845.813,1640849999999,10556438.65547,4259,1326.919,4922480.16104,0
1640850000000,3709.60,3712.38,3703.29,3706.88,3332.096,1640850299999,12352684.80457,4390,1274.235,4725204.95251,0
1640850300000,3706.88,3711.00,3706.45,3709.37,2092.817,1640850599999,7763166.17125,3093,607.146,2252091.99347,0
1640850600000,3709.37,3709.37,3704.00,3706.34,1789.356,1640850899999,6631955.30007,3113,638.944,2368006.18243,0
1640850900000,3706.34,3714.78,3706.19,3706.40,3092.684,1640851199999,11473307.17000,4021,1707.616,6335510.53100,0
1640851200000,3706.40,3723.87,3706.39,3721.35,7493.621,1640851499999,27863741.00043,9577,5272.077,19604830.49111,0
1640851500000,3721.38,3722.85,3712.36,3714.13,2785.458,1640851799999,10353695.94451,4750,1280.802,4760886.71334,0
1640851800000,3714.12,3717.89,3713.87,3714.56,1746.239,1640852099999,6489360.45037,3621,1009.647,3752007.15547,0
1640852100000,3714.65,3714.85,3706.40,3708.46,4594.974,1640852399999,17039737.06787,5525,1991.195,7383035.03660,0
1640852400000,3708.47,3712.38,3697.61,3699.35,6606.377,1640852699999,24467907.19184,8409,2496.960,9247677.63783,0
1640852700000,3699.45,3707.74,3698.23,3704.83,2369.924,1640852999999,8776555.40076,3650,1372.271,5082145.20856,0
1640853000000,3704.83,3704.83,3694.35,3697.04,3250.699,1640853299999,12022434.32782,4912,1153.224,4264846.15346,0
1640853300000,3697.10,3701.80,3696.19,3696.46,1677.434,1640853599999,6205350.08373,3342,892.517,3301723.14795,0
1640853600000,3696.46,3700.97,3696.28,3697.13,1471.330,1640853899999,5442663.69714,2640,655.361,2424316.05895,0
1640853900000,3697.12,3701.80,3694.23,3697.64,2527.718,1640854199999,9349416.37628,4008,1057.980,3913258.35229,0
1640854200000,3697.64,3700.00,3697.40,3697.50,1295.647,1640854499999,4791829.38033,2458,747.601,2765020.24671,0
1640854500000,3697.46,3698.00,3688.23,3690.93,3400.973,1640854799999,12557271.50202,5245,940.735,3473841.07748,0
1640854800000,3690.93,3697.68,3690.93,3697.49,2577.813,1640855099999,9524434.45199,4281,1595.341,5894483.63485,0
1640855100000,3697.53,3697.95,3691.76,3697.24,3266.223,1640855399999,12070063.15425,4218,1297.955,4796740.78601,0
1640855400000,3697.29,3697.68,3696.07,3697.21,1091.683,1640855699999,4035973.90054,2287,374.490,1384495.82109,0
1640855700000,3697.21,3699.28,3696.16,3697.58,1615.139,1640855999999,5972491.21288,2570,1164.286,4305437.64520,0
1640856000000,3697.57,3697.57,3693.31,3695.64,1876.302,1640856299999,6934281.44205,3305,833.183,3079230.72859,0
1640856300000,3695.64,3697.20,3695.08,3695.85,704.745,1640856599999,2604727.03559,2336,421.453,1557687.53765,0
1640856600000,3695.82,3696.89,3694.82,3695.70,677.629,1640856899999,2504276.28705,2223,374.960,1385731.37857,0
1640856900000,3695.70,3697.54,3693.30,3696.09,1925.301,1640857199999,7114008.93391,2757,1370.313,5063382.55473,0
1640857200000,3696.09,3700.00,3694.23,3699.91,1345.372,1640857499999,4973676.32963,2768,959.279,3546694.18999,0
1640857500000,3699.91,3706.21,3697.22,3701.06,3653.968,1640857799999,13530859.92175,4696,2388.653,8844882.79715,0
1640857800000,3701.06,3702.11,3684.23,3687.14,6313.467,1640858099999,23302485.63238,7937,2002.351,7390126.49702,0
1640858100000,3687.15,3687.15,3679.42,3683.24,4234.347,1640858399999,15595307.98635,6881,1559.977,5745763.93425,0
1640858400000,3683.24,3688.42,3676.82,3687.26,3074.094,1640858699999,11322906.98045,5355,1486.551,5476931.41063,0
1640858700000,3687.25,3693.21,3683.53,3691.54,2236.528,1640858999999,8254184.97580,4543,1356.289,5005762.87042,0
1640859000000,3691.54,3694.99,3688.44,3693.57,1448.733,1640859299999,5347726.62025,3234,647.479,2390361.44996,0
1640859300000,3693.57,3697.11,3689.09,3690.24,2360.807,1640859599999,8719342.03951,4056,983.725,3633586.97663,0
1640859600000,3690.23,3695.47,3688.20,3689.73,1116.470,1640859899999,4121367.25749,2777,499.200,1843132.24100,0
1640859900000,3689.73,3692.96,3689.73,3692.21,721.701,1640860199999,2664132.83790,1984,364.210,1344435.90170,0
1640860200000,3692.22,3695.71,3684.34,3684.34,2750.702,1640860499999,10149074.55827,3513,547.286,2020796.44810,0
1640860500000,3684.38,3686.32,3678.48,3683.76,3606.842,1640860799999,13280571.37292,6163,1727.992,6363040.49718,0
1640860800000,3683.82,3688.59,3681.63,3687.97,1916.648,1640861099999,7063132.12339,3252,1145.610,4222096.02282,0
1640861100000,3687.90,3693.23,3686.00,3693.22,1283.898,1640861399999,4736562.42993,3081,628.731,2319606.25667,0
1640861400000,3693.22,3698.56,3692.81,3695.99,2156.405,1640861699999,7968901.89599,3528,1205.470,4454753.28672,0
1640861700000,3695.98,3702.00,3693.75,3697.41,2791.702,1640861999999,10324400.48899,4088,1389.963,5140897.20650,0
1640862000000,3697.42,3702.95,3697.19,3700.57,2791.429,1640862299999,10330553.45344,4530,1643.414,6081788.26861,0
1640862300000,3700.75,3702.22,3690.05,3692.19,2639.660,1640862599999,9755419.54914,4338,817.900,3022364.26531,0
1640862600000,3692.19,3692.23,3688.18,3691.48,1641.460,1640862899999,6057502.64376,3667,858.237,3167193.54986,0
1640862900000,3691.48,3698.18,3688.57,3696.24,1356.032,1640863199999,5008758.79273,3413,879.340,3248184.12455,0
1640863200000,3696.25,3699.46,3694.22,3697.46,1174.844,1640863499999,4342709.12432,3046,657.087,2428891.55206,0
1640863500000,3697.43,3701.88,3696.74,3701.88,1323.354,1640863799999,4895959.22910,3258,787.635,2914093.33614,0
1640863800000,3701.88,3702.22,3698.90,3700.36,2132.118,1640864099999,7890362.24513,3794,1041.531,3854618.60275,0
1640864100000,3700.35,3718.83,3700.35,3712.21,7786.131,1640864399999,28904165.03421,9072,4451.098,16520470.58708,0
1640864400000,3712.22,3744.81,3710.91,3736.93,20159.688,1640864699999,75232544.65320,22592,13121.568,48958257.68999,0
1640864700000,3736.92,3745.00,3728.51,3739.89,9182.632,1640864999999,34312632.60950,10301,5304.693,19824493.20341,0
1640865000000,3739.89,3744.24,3735.00,3740.40,7416.682,1640865299999,27733370.53657,7428,3867.929,14466460.02690,0
1640865300000,3740.39,3742.37,3735.73,3736.06,3682.196,1640865599999,13767466.67702,5665,1408.083,5264886.36445,0
1640865600000,3736.07,3739.75,3731.01,3734.06,4122.409,1640865899999,15393924.86632,7233,1839.084,6868203.96579,0
1640865900000,3734.07,3735.00,3727.69,3730.59,5004.471,1640866199999,18672561.99828,5663,1538.188,5739520.37268,0
1640866200000,3730.58,3734.07,3728.52,3731.30,2511.104,1640866499999,9369100.27042,4410,1160.454,4330270.90848,0
1640866500000,3731.31,3743.93,3730.88,3743.40,4095.149,1640866799999,15312420.10905,5978,2790.372,10433125.24982,0
1640866800000,3743.40,3748.36,3740.93,3746.90,5683.474,1640867099999,21284530.17733,7974,3700.665,13859782.01774,0
1640867100000,3746.92,3748.64,3740.67,3744.56,5868.445,1640867399999,21979561.93469,7326,2520.263,9440605.17810,0
1640867400000,3744.57,3747.00,3740.24,3744.20,3049.278,1640867699999,11415445.27350,5399,1409.905,5278570.61189,0
1640867700000,3744.21,3745.41,3738.21,3741.01,3033.303,1640867999999,11346461.43816,4608,1244.169,4653813.87143,0
1640868000000,3741.00,3744.70,3739.19,3740.19,2035.658,1640868299999,7615965.86164,3830,900.060,3367429.38399,0
1640868300000,3740.19,3741.21,3736.18,3740.00,3112.410,1640868599999,11634391.68800,4439,1319.987,4934275.55134,0
1640868600000,3739.99,3747.00,3739.99,3745.83,3517.426,1640868899999,13170081.98462,4706,2576.082,9645059.11997,0
1640868900000,3745.83,3746.21,3735.00,3735.23,3575.882,1640869199999,13372306.61339,4536,1059.202,3960929.05590,0
1640869200000,3735.24,3737.71,3730.69,3732.83,3016.300,1640869499999,11262892.20037,5277,956.573,3572550.21841,0
1640869500000,3732.84,3734.47,3731.38,3733.69,1824.475,1640869799999,6811061.12745,3730,752.603,2809687.31422,0
1640869800000,3733.69,3736.50,3728.43,3729.90,2191.323,1640870099999,8177636.13472,4855,934.346,3487478.52760,0
1640870100000,3729.89,3734.32,3728.80,3732.06,2437.589,1640870399999,9095692.05601,3899,1396.445,5210691.57903,0
1640870400000,3732.06,3733.66,3725.32,3727.11,2626.952,1640870699999,9795491.96723,4800,1003.309,3741443.61253,0
1640870700000,3727.11,3730.08,3726.00,3727.14,1485.057,1640870999999,5536966.25521,3324,650.711,2426220.23938,0
1640871000000,3727.15,3732.50,3725.83,3730.83,2882.989,1640871299999,10753104.11140,4428,1922.516,7170676.72689,0
1640871300000,3730.83,3736.08,3730.83,3734.73,2857.432,1640871599999,10669702.05540,4103,1682.622,6282626.29967,0
1640871600000,3734.73,3738.72,3728.87,3728.88,3603.563,1640871899999,13456680.49924,3553,1683.825,6290145.32121,0
1640871900000,3728.88,3729.88,3720.31,3723.73,4903.611,1640872199999,18260159.31985,7022,1613.266,6007672.16334,0
1640872200000,3723.73,3724.37,3715.00,3720.54,6679.758,1640872499999,24840101.46948,7460,2401.846,8932030.39618,0
1640872500000,3720.54,3722.03,3715.02,3716.22,2712.282,1640872799999,10086254.21525,4103,921.691,3427609.01346,0
1640872800000,3716.23,3721.41,3711.08,3719.82,3471.691,1640873099999,12902218.49663,6344,1773.218,6591480.89811,0
1640873100000,3719.83,3721.67,3718.00,3720.02,1258.660,1640873399999,4682405.50128,3268,840.844,3128183.08652,0
1640873400000,3720.02,3721.01,3714.19,3714.52,1719.480,1640873699999,6393108.29194,3626,585.458,2176630.03955,0
1640873700000,3714.51,3715.83,3708.76,3709.23,4553.677,1640873999999,16901539.10113,6873,1834.135,6807147.52691,0
1640874000000,3709.24,3714.03,3705.98,3706.63,4097.731,1640874299999,15198748.03761,5713,2256.073,8368496.67689,0
1640874300000,3706.63,3711.22,3700.00,3709.52,6368.019,1640874599999,23590422.67850,8046,3114.100,11538631.91407,0
1640874600000,3709.43,3725.52,3706.21,3725.32,6881.889,1640874899999,25586805.37390,8182,4887.106,18170500.47143,0
1640874900000,3725.32,3725.32,3717.02,3718.51,3995.455,1640875199999,14871565.69776,5323,1625.267,6049612.32365,0
1640875200000,3718.67,3719.03,3701.00,3705.74,7046.225,1640875499999,26126269.54627,8691,2807.927,10413347.49825,0
1640875500000,3705.74,3713.04,3703.01,3706.47,4297.070,1640875799999,15935454.55008,6378,2014.521,7471347.77675,0
1640875800000,3706.47,3711.08,3705.00,3709.77,1902.942,1640876099999,7056756.37374,3591,1195.470,4433363.69472,0
1640876100000,3709.76,3716.78,3708.06,3715.53,1942.608,1640876399999,7213500.83937,3765,1366.577,5074679.71267,0
1640876400000,3715.53,3716.75,3711.19,3711.81,1661.879,1640876699999,6172389.14331,3315,647.015,2403289.10563,0
1640876700000,3711.81,3723.11,3711.08,3720.45,2666.650,1640876999999,9917740.47030,5014,1412.179,5252134.28745,0
1640877000000,3720.44,3720.60,3714.04,3717.12,2161.067,1640877299999,8033436.77566,3436,1001.600,3723084.98544,0
1640877300000,3717.11,3723.00,3713.40,3722.24,1742.811,1640877599999,6481208.31517,3688,1020.340,3794637.72979,0
1640877600000,3722.24,3726.99,3717.50,3720.59,3483.615,1640877899999,12968466.80105,5131,1739.041,6474772.47641,0
1640877900000,3720.42,3726.26,3715.90,3721.60,2808.076,1640878199999,10448603.54739,4420,1850.473,6885730.53664,0
1640878200000,3721.60,3721.85,3716.00,3717.69,1423.222,1640878499999,5292462.19570,3243,568.731,2114985.01132,0
1640878500000,3717.69,3718.02,3712.57,3715.68,1697.219,1640878799999,6305051.69672,3056,808.397,3003175.86628,0
1640878800000,3715.68,3719.99,3714.27,3719.57,1314.773,1640879099999,4888750.41390,2681,540.096,2008126.42205,0
1640879100000,3719.57,3722.26,3714.10,3720.51,2820.934,1640879399999,10491382.42126,3727,1572.462,5848218.83446,0
1640879400000,3720.51,3724.61,3714.86,3715.42,1371.922,1640879699999,5102898.68560,2931,557.139,2072725.37197,0
1640879700000,3715.51,3715.82,3705.00,3707.41,3788.384,1640879999999,14053949.33329,5375,1350.164,5009220.01565,0
1640880000000,3707.44,3713.19,3703.59,3713.00,3943.231,1640880299999,14626528.15217,5852,1781.051,6606749.49338,0
1640880300000,3712.99,3718.82,3710.58,3717.50,2074.700,1640880599999,7709538.36481,3812,1136.431,4223561.83337,0
1640880600000,3717.33,3722.89,3714.12,3722.00,1690.528,1640880899999,6285810.96513,3803,905.051,3365476.65297,0
1640880900000,3721.99,3731.82,3720.47,3729.85,3299.152,1640881199999,12290967.62449,5375,2409.722,8978015.12831,0
1640881200000,3729.85,3734.70,3728.30,3731.37,4159.681,1640881499999,15522338.33458,5541,2143.865,8000868.41199,0
1640881500000,3731.37,3734.32,3727.32,3730.27,1954.841,1640881799999,7293432.06649,3915,927.757,3461802.25171,0
1640881800000,3730.28,3748.35,3730.28,3740.59,13651.086,1640882099999,51057324.93052,12545,8214.026,30722815.43416,0
1640882100000,3740.59,3755.00,3739.61,3753.85,9355.997,1640882399999,35079383.55713,10774,5389.514,20209533.94949,0
1640882400000,3753.86,3762.00,3750.00,3751.54,6206.108,1640882699999,23303762.71316,9002,3501.154,13149932.02349,0
1640882700000,3751.54,3756.10,3745.76,3753.70,4414.211,1640882999999,16556659.58415,6431,2299.656,8626546.35317,0
1640883000000,3753.70,3756.10,3748.72,3752.11,3624.220,1640883299999,13597511.81731,5094,1795.039,6735478.49125,0
1640883300000,3752.39,3756.47,3751.74,3754.63,2172.588,1640883599999,8155901.62222,3782,1013.875,3806320.05375,0
1640883600000,3754.64,3757.20,3748.00,3749.91,3305.968,1640883899999,12400299.73600,5418,1014.185,3804416.72880,0
1640883900000,3749.92,3753.17,3746.18,3746.35,1612.845,1640884199999,6047522.34017,3097,831.417,3117764.44119,0
1640884200000,3746.35,3747.37,3740.24,3744.59,3255.570,1640884499999,12188160.91463,4223,1594.841,5970690.17875,0
1640884500000,3744.59,3744.70,3738.00,3739.37,2192.989,1640884799999,8202567.73499,4052,1028.298,3846172.99623,0
1640884800000,3739.38,3749.11,3738.30,3744.58,2218.002,1640885099999,8303933.71919,4033,1572.202,5886148.14422,0
1640885100000,3744.57,3753.77,3741.59,3749.43,3514.847,1640885399999,13176854.44550,5034,1993.571,7474027.88032,0
1640885400000,3749.44,3750.92,3735.07,3738.07,3834.583,1640885699999,14343413.20574,4972,1492.578,5582804.34824,0
1640885700000,3738.06,3741.84,3736.81,3736.98,2876.828,1640885999999,10756719.33090,3592,1496.037,5593893.60710,0
1640886000000,3736.97,3740.00,3734.84,3739.32,2842.424,1640886299999,10624153.71205,2887,1583.752,5919549.39970,0
1640886300000,3739.32,3742.11,3736.61,3740.25,1370.368,1640886599999,5124718.48260,2780,769.535,2877802.04768,0
1640886600000,3740.25,3742.58,3737.53,3737.69,1075.695,1640886899999,4023600.63971,2152,746.329,2791628.47534,0
1640886900000,3737.68,3742.14,3737.68,3739.88,806.068,1640887199999,3014618.92687,2027,543.939,2034319.82277,0
1640887200000,3739.87,3741.46,3731.16,3731.60,2499.512,1640887499999,9336617.13818,4459,936.931,3500157.69565,0
1640887500000,3731.69,3733.85,3726.95,3730.86,2541.587,1640887799999,9480815.74561,3859,733.255,2735587.46276,0
1640887800000,3730.86,3734.52,3730.70,3733.11,1334.928,1640888099999,4983365.42684,2657,681.148,2542798.09512,0
1640888100000,3733.10,3740.76,3732.29,3737.90,1709.635,1640888399999,6389089.55510,3092,1066.070,3984043.66158,0
1640888400000,3737.90,3746.75,3734.25,3746.59,2311.573,1640888699999,8647676.09376,3645,1315.276,4921309.21816,0
1640888700000,3746.59,3751.89,3745.37,3751.74,2473.604,1640888999999,9272836.41394,4137,1234.866,4628843.67991,0
1640889000000,3751.75,3753.85,3744.44,3745.34,2561.332,1640889299999,9603088.03181,3672,837.248,3139735.32775,0
1640889300000,3745.35,3748.49,3738.12,3738.40,1717.384,1640889599999,6428909.82727,3462,593.514,2222043.58845,0
1640889600000,3738.40,3740.00,3734.27,3739.11,2622.217,1640889899999,9800356.98349,3580,1047.622,3915483.10383,0
1640889900000,3739.10,3742.42,3737.59,3742.19,1519.287,1640890199999,5682305.81143,2931,751.971,2812397.82355,0
1640890200000,3742.18,3755.46,3741.87,3751.98,4763.761,1640890499999,17861327.87444,5833,3100.668,11625417.65731,0
1640890500000,3751.98,3762.89,3750.58,3757.98,6722.595,1640890799999,25257613.60867,7580,3458.453,12994634.25627,0
1640890800000,3757.99,3758.55,3750.20,3754.76,2824.152,1640891099999,10601420.49385,4577,1262.083,4737737.21445,0
1640891100000,3754.76,3755.79,3748.04,3753.31,1695.184,1640891399999,6360510.89390,3640,789.345,2961978.97997,0
1640891400000,3753.30,3757.58,3746.00,3752.77,2250.605,1640891699999,8441452.53864,4270,1239.523,4649131.81288,0
1640891700000,3753.13,3753.17,3746.29,3750.68,1640.840,1640891999999,6154052.07046,3253,957.066,3589443.38039,0
1640892000000,3750.68,3752.84,3747.00,3751.32,1420.621,1640892299999,5327064.02025,3222,711.847,2669565.79266,0
1640892300000,3751.32,3756.84,3750.31,3756.00,1272.675,1640892599999,4777337.82811,3072,757.071,2842114.81303,0
1640892600000,3756.00,3759.41,3753.37,3757.05,1568.546,1640892899999,5893286.57008,3442,939.325,3529137.94064,0
1640892900000,3757.06,3758.88,3755.00,3758.88,1187.860,1640893199999,4462108.35438,3045,674.357,2533267.93961,0
1640893200000,3758.88,3766.71,3758.88,3760.01,4859.475,1640893499999,18285390.34929,5533,2850.287,10726101.81030,0
1640893500000,3760.00,3764.99,3760.00,3763.81,1493.315,1640893799999,5618720.54343,2946,819.111,3081970.64480,0
1640893800000,3763.80,3765.00,3752.78,3754.05,3485.137,1640894099999,13098604.66017,4231,1163.891,4374982.62450,0
1640894100000,3754.05,3754.05,3746.86,3749.20,3568.308,1640894399999,13380185.92650,5071,1640.232,6149610.11954,0
1640894400000,3749.21,3750.73,3740.78,3742.98,3778.048,1640894699999,14150568.77795,5103,1919.036,7187873.01526,0
1640894700000,3742.90,3747.26,3742.65,3743.81,1998.852,1640894999999,7485470.43440,3148,1020.385,3821159.84781,0
1640895000000,3743.93,3746.56,3741.56,3743.70,1463.360,1640895299999,5478912.08471,3311,681.422,2551502.90093,0
1640895300000,3743.69,3752.04,3743.69,3751.19,2001.488,1640895599999,7503870.59542,3443,1275.941,4783376.81560,0
1640895600000,3751.19,3757.21,3751.19,3752.33,1558.404,1640895899999,5850931.29349,3259,677.554,2543632.12369,0
1640895900000,3752.40,3755.00,3746.24,3748.42,1976.375,1640896199999,7413392.25795,2675,865.751,3247059.32592,0
1640896200000,3748.43,3755.93,3746.88,3748.92,2242.612,1640896499999,8415614.10866,3888,1012.430,3799229.88688,0
1640896500000,3748.92,3749.71,3745.03,3745.98,2269.549,1640896799999,8504556.53942,3096,931.383,3490150.28998,0
1640896800000,3745.98,3747.50,3733.46,3736.66,6369.294,1640897099999,23812793.74865,6545,2829.863,10581135.57918,0
1640897100000,3736.67,3736.67,3718.46,3720.68,9786.437,1640897399999,36451964.18659,10612,3995.385,14881055.66878,0
1640897400000,3720.68,3722.43,3712.55,3714.80,6819.265,1640897699999,25350228.76231,7619,3003.296,11166241.16467,0
1640897700000,3715.19,3724.44,3710.06,3722.08,4614.416,1640897999999,17144837.60422,5890,2680.259,9959467.28079,0
1640898000000,3722.18,3726.48,3710.92,3712.84,4871.219,1640898299999,18114146.24112,6426,2342.179,8710146.69090,0
1640898300000,3712.84,3728.14,3706.21,3723.69,6766.939,1640898599999,25153435.22558,8033,3811.260,14173224.23655,0
1640898600000,3723.68,3728.71,3719.90,3726.72,2665.383,1640898899999,9929287.51830,3921,1127.684,4201394.71542,0
1640898900000,3726.60,3737.96,3722.64,3736.37,3968.529,1640899199999,14812344.63127,5598,2451.587,9150943.76109,0
1640899200000,3736.38,3739.43,3730.61,3732.25,2054.579,1640899499999,7672976.42192,3622,701.647,2620921.38109,0
1640899500000,3732.25,3737.22,3729.70,3736.32,1393.514,1640899799999,5203129.97767,2456,653.854,2441398.64199,0
1640899800000,3736.31,3739.36,3733.36,3734.38,1225.181,1640900099999,4577628.35942,2906,598.591,2236645.62859,0
1640900100000,3734.37,3740.78,3734.00,3736.17,1530.720,1640900399999,5721667.45916,2833,638.086,2384902.38397,0
1640900400000,3736.18,3737.81,3734.00,3735.12,1547.848,1640900699999,5782419.87527,2288,670.065,2503154.11576,0
1640900700000,3735.12,3738.18,3730.00,3730.06,1508.072,1640900999999,5631570.24491,2504,413.054,1543004.31473,0
1640901000000,3730.05,3733.80,3721.71,3732.25,3368.123,1640901299999,12553046.84219,4104,1307.054,4871890.97514,0
1640901300000,3732.25,3735.96,3726.94,3735.96,1313.554,1640901599999,4900919.69502,2883,792.350,2956187.55558,0
1640901600000,3735.96,3736.62,3727.78,3734.49,1878.893,1640901899999,7013328.01512,2983,950.550,3548608.10230,0
1640901900000,3734.49,3736.43,3725.17,3727.10,2047.719,1640902199999,7638545.06450,2744,1191.152,4442905.83725,0
1640902200000,3727.10,3732.69,3724.04,3730.97,2352.453,1640902499999,8769872.75208,3344,1117.563,4166602.47517,0
1640902500000,3730.98,3734.96,3712.63,3719.00,3903.340,1640902799999,14523006.29762,5587,1379.905,5135847.45483,0
1640902800000,3719.00,3722.94,3709.17,3714.48,3793.185,1640903099999,14096580.55073,4776,1749.146,6501878.46697,0
1640903100000,3714.49,3720.64,3713.89,3718.87,1634.781,1640903399999,6076354.38867,2797,891.351,3313768.92854,0
1640903400000,3718.87,3720.07,3710.10,3710.10,1248.855,1640903699999,4641527.57616,2579,358.026,1330802.43768,0
1640903700000,3710.10,3711.25,3698.77,3698.77,4594.413,1640903999999,17020479.38858,6514,988.579,3664186.70709,0
1640904000000,3698.78,3699.48,3680.00,3687.54,10919.450,1640904299999,40277326.63558,14335,4428.732,16334491.04737,0
1640904300000,3687.88,3700.99,3687.01,3696.68,4089.925,1640904599999,15119198.24245,5153,2268.793,8385724.75215,0
1640904600000,3696.61,3697.28,3689.93,3691.00,1440.665,1640904899999,5321339.12312,2669,513.532,1897296.22162,0
1640904900000,3690.99,3701.50,3690.80,3701.50,1553.914,1640905199999,5742938.21958,2941,1009.901,3732810.71113,0
1640905200000,3701.50,3709.98,3694.31,3694.31,4737.345,1640905499999,17546074.36855,6351,2378.278,8810307.72877,0
1640905500000,3694.32,3715.00,3690.59,3697.21,6037.039,1640905799999,22352003.67572,7502,3204.545,11868553.46211,0
1640905800000,3697.21,3707.65,3695.00,3705.09,2603.862,1640906099999,9637634.02169,3717,1505.645,5573613.29465,0
1640906100000,3705.47,3713.64,3701.37,3711.25,3103.524,1640906399999,11515393.44070,4591,1986.947,7372755.18803,0
1640906400000,3711.24,3714.02,3706.41,3710.66,2459.444,1640906699999,9127639.02067,3277,1525.913,5663372.98743,0
1640906700000,3710.66,3713.22,3703.60,3707.67,5000.414,1640906999999,18538737.97646,4225,1891.991,7017550.55207,0
1640907000000,3707.67,3711.00,3704.68,3704.75,1474.295,1640907299999,5467172.85255,2766,678.772,2517413.79663,0
1640907300000,3704.76,3705.49,3697.12,3699.51,3197.056,1640907599999,11826740.63993,4354,1485.960,5496494.04727,0
1640907600000,3699.23,3716.29,3692.45,3712.22,5931.240,1640907899999,21980147.33943,6835,4300.297,15939178.39664,0
1640907900000,3712.23,3712.53,3702.14,3706.51,2252.786,1640908199999,8352154.69183,4421,820.579,3042188.00953,0
1640908200000,3706.52,3713.64,3705.95,3710.32,2939.237,1640908499999,10906623.05204,3381,1039.799,3857818.78925,0
1640908500000,3710.32,3710.89,3705.72,3708.37,1688.647,1640908799999,6262651.96456,3230,763.224,2830738.56398,0
1640908800000,3708.45,3730.00,3704.26,3718.81,7699.649,1640909099999,28632853.39769,9084,4027.197,14980176.65243,0
1640909100000,3718.61,3732.55,3712.49,3729.70,5322.661,1640909399999,19821939.38046,7200,3456.026,12872497.48144,0
1640909400000,3729.70,3732.98,3724.26,3725.08,3674.810,1640909699999,13702047.97767,5644,1543.161,5754173.10799,0
1640909700000,3725.08,3729.70,3722.49,3724.52,2316.492,1640909999999,8631278.33433,3785,1025.160,3819669.66210,0
1640910000000,3724.53,3724.53,3710.93,3711.99,3467.516,1640910299999,12886564.69918,4820,1131.994,4206200.33368,0
1640910300000,3711.96,3714.38,3706.41,3709.65,2751.346,1640910599999,10207831.45197,4321,1430.428,5307975.13994,0
1640910600000,3709.64,3711.41,3702.02,3702.02,3203.570,1640910899999,11875280.79105,4304,1046.562,3880995.79575,0
1640910900000,3702.03,3704.52,3691.10,3693.58,6553.491,1640911199999,24247799.58568,7130,2511.378,9293580.09463,0
1640911200000,3693.57,3700.11,3692.47,3694.66,5944.573,1640911499999,21973320.11754,5518,3134.842,11588030.41260,0
1640911500000,3694.66,3702.00,3687.26,3700.05,8025.957,1640911799999,29635461.12896,6726,2511.828,9280145.90992,0
1640911800000,3700.05,3707.99,3697.44,3707.87,3466.763,1640912099999,12835766.94434,3813,2381.472,8817255.07911,0
1640912100000,3707.90,3708.45,3698.40,3699.51,2261.119,1640912399999,8374725.03145,4440,784.314,2905643.09735,0
1640912400000,3699.52,3705.00,3695.00,3698.62,2332.433,1640912699999,8630094.58281,3611,1183.414,4378860.25226,0
1640912700000,3698.61,3701.52,3684.27,3687.51,4638.928,1640912999999,17112993.62893,5043,1218.196,4494559.16761,0
1640913000000,3687.50,3694.68,3683.22,3694.68,3066.166,1640913299999,11309035.74789,4543,1686.027,6220138.67643,0
1640913300000,3694.67,3703.54,3691.89,3703.53,2581.200,1640913599999,9544699.53299,3962,1694.676,6267278.26672,0
1640913600000,3703.54,3723.75,3701.75,3723.75,6895.084,1640913899999,25617251.79210,7882,4443.584,16507461.37311,0
1640913900000,3723.75,3728.82,3717.70,3719.47,5783.400,1640914199999,21540938.90163,6104,2733.465,10183633.79718,0
1640914200000,3719.46,3740.66,3715.87,3727.40,8174.167,1640914499999,30493844.61745,9976,5390.109,20113110.52576,0
1640914500000,3727.40,3732.98,3726.77,3730.72,3274.671,1640914799999,12215935.58684,4154,2160.080,8058342.88683,0
1640914800000,3730.73,3730.85,3725.06,3727.52,1264.369,1640915099999,4713006.77254,3232,400.056,1491238.58671,0
1640915100000,3727.53,3727.98,3715.67,3715.67,2801.304,1640915399999,10424840.14151,4116,748.858,2786129.01100,0
1640915400000,3715.72,3730.00,3715.13,3728.74,3022.760,1640915699999,11257566.18512,4131,2065.756,7691655.58717,0
1640915700000,3728.74,3729.92,3723.32,3725.17,1744.993,1640915999999,6502938.43780,2797,608.553,2268314.76358,0
1640916000000,3725.17,3725.18,3710.00,3713.38,3571.050,1640916299999,13273295.94584,5865,1463.635,5439575.01720,0
1640916300000,3713.38,3719.67,3711.78,3718.54,2583.396,1640916599999,9597783.55441,4348,1300.070,4830401.33765,0
1640916600000,3718.54,3719.36,3712.90,3714.53,1977.671,1640916899999,7348547.51395,3904,672.453,2498906.98690,0
1640916900000,3714.52,3720.00,3711.42,3716.36,3818.130,1640917199999,14185667.98649,4781,2260.732,8399559.52276,0
1640917200000,3716.36,3716.36,3706.10,3708.93,4144.314,1640917499999,15374063.59989,5517,1573.419,5837559.44881,0
1640917500000,3708.93,3712.48,3702.89,3707.64,2801.975,1640917799999,10388356.02254,4746,1346.156,4991650.21339,0
1640917800000,3707.64,3709.34,3702.82,3705.71,2719.006,1640918099999,10075358.46475,4863,1243.088,4606791.28206,0
1640918100000,3705.70,3715.72,3704.35,3711.06,2810.548,1640918399999,10430040.10187,5002,1522.881,5651432.89246,0
1640918400000,3711.06,3713.42,3706.58,3708.07,1529.716,1640918699999,5675889.70468,3935,575.268,2134593.83634,0
1640918700000,3708.07,3712.51,3706.99,3712.51,1906.502,1640918999999,7072209.47496,4473,774.681,2873721.72581,0
1640919000000,3712.53,3718.97,3712.03,3718.97,2496.721,1640919299999,9275195.59940,4710,1181.622,4389909.39933,0
1640919300000,3718.78,3718.82,3712.07,3714.33,1542.322,1640919599999,5731078.96838,3855,566.185,2103857.62419,0
1640919600000,3714.34,3718.51,3707.59,3713.10,3759.770,1640919899999,13959223.48709,5296,1465.950,5441628.76103,0
1640919900000,3713.10,3715.00,3709.31,3713.59,955.120,1640920199999,3545527.71920,2219,347.134,1288592.89457,0
1640920200000,3713.59,3714.18,3707.66,3709.00,1244.158,1640920499999,4616665.37327,2287,447.038,1658825.71208,0
1640920500000,3708.99,3719.74,3708.85,3719.58,1281.091,1640920799999,4759037.96878,2202,868.884,3228233.13295,0
1640920800000,3719.59,3729.24,3719.58,3727.70,3679.185,1640921099999,13702555.92246,4362,2233.804,8318689.96517,0
1640921100000,3727.70,3731.84,3725.09,3731.09,2737.925,1640921399999,10210187.89833,3701,1539.520,5741693.74856,0
1640921400000,3731.09,3736.83,3725.58,3735.80,3675.532,1640921699999,13713434.47703,4536,2071.013,7728267.25268,0
1640921700000,3735.71,3737.44,3732.83,3735.89,2486.442,1640921999999,9287531.15756,3491,1014.469,3789442.65255,0
1640922000000,3735.79,3746.56,3735.56,3742.64,6473.645,1640922299999,24218852.87633,7635,3910.935,14631462.34638,0
1640922300000,3742.63,3742.63,3734.35,3737.95,3229.818,1640922599999,12070144.21255,4290,767.169,2867476.14262,0
1640922600000,3737.95,3741.89,3737.39,3739.06,1555.191,1640922899999,5816289.68385,2939,1077.747,4030922.93351,0
1640922900000,3739.07,3742.27,3738.74,3740.13,2157.049,1640923199999,8068902.74929,3275,1178.446,4408284.76885,0
1640923200000,3740.14,3743.39,3737.04,3742.66,3995.919,1640923499999,14945231.84503,4927,1902.893,7117657.14536,0
1640923500000,3742.67,3748.60,3741.28,3742.08,4757.541,1640923799999,17820509.85512,5330,3075.622,11521286.82363,0
1640923800000,3742.16,3742.16,3733.49,3738.18,3963.858,1640924099999,14813672.44860,4414,1346.860,5034207.03801,0
1640924100000,3738.18,3746.84,3735.59,3746.75,3681.728,1640924399999,13773426.49355,4502,1805.322,6754230.89135,0
1640924400000,3746.76,3759.09,3745.54,3753.91,9026.179,1640924699999,33883279.30519,9415,5863.438,22007472.69031,0
1640924700000,3753.89,3758.11,3746.58,3751.83,12519.145,1640924999999,46984872.31151,9071,6558.543,24622830.50607,0
1640925000000,3752.19,3754.00,3746.52,3748.31,2082.019,1640925299999,7806174.29784,4284,1076.907,4038196.05619,0
1640925300000,3748.32,3753.00,3746.36,3750.99,1396.146,1640925599999,5233681.80791,2746,753.746,2825899.52594,0
1640925600000,3750.99,3751.20,3747.79,3748.73,2016.619,1640925899999,7560502.36397,2725,648.595,2431583.37394,0
1640925900000,3748.60,3751.80,3745.06,3747.62,1473.398,1640926199999,5521952.87248,2878,604.212,2265017.91158,0
1640926200000,3747.62,3749.68,3742.83,3745.98,1821.512,1640926499999,6821559.28473,3073,471.863,1767349.45873,0
1640926500000,3745.99,3750.21,3743.00,3744.29,2894.187,1640926799999,10841729.91775,3765,1693.081,6342422.62208,0
1640926800000,3744.06,3750.30,3743.77,3746.44,1577.599,1640927099999,5911347.57576,3395,884.966,3315869.68610,0
1640927100000,3746.44,3748.73,3740.41,3743.17,1672.357,1640927399999,6260099.48391,3259,713.219,2669784.30068,0
1640927400000,3743.17,3747.84,3741.55,3746.55,1020.247,1640927699999,3820998.78306,2657,723.910,2711104.33306,0
1640927700000,3746.55,3747.84,3742.64,3747.06,1489.091,1640927999999,5577615.01019,2650,579.554,2170996.83637,0
1640928000000,3747.07,3747.27,3738.18,3738.88,1717.546,1640928299999,6426803.67227,2974,318.995,1193655.32429,0
1640928300000,3738.93,3741.18,3738.03,3739.89,1001.337,1640928599999,3744314.09337,2276,248.183,928071.48103,0
1640928600000,3739.89,3742.74,3737.13,3739.67,2770.495,1640928899999,10358700.95218,2908,1204.450,4503217.82662,0
1640928900000,3739.68,3741.93,3734.65,3737.70,3735.671,1640929199999,13962115.58910,4267,1635.988,6115074.09338,0
1640929200000,3737.70,3741.50,3735.98,3737.79,1126.575,1640929499999,4211462.94615,2581,712.908,2665126.87872,0
1640929500000,3737.79,3742.00,3737.79,3741.04,1201.349,1640929799999,4493741.15468,2428,708.841,2651618.88943,0
1640929800000,3741.04,3745.99,3740.56,3743.01,2297.494,1640930099999,8598822.50431,3030,1226.159,4589789.70560,0
1640930100000,3743.01,3746.00,3737.64,3738.00,1641.513,1640930399999,6142653.79314,2645,751.949,2814199.94465,0
1640930400000,3738.00,3738.31,3727.00,3729.59,5151.708,1640930699999,19229439.67932,5930,1683.653,6283446.79714,0
1640930700000,3729.60,3732.55,3726.28,3730.53,3337.079,1640930999999,12444741.08498,4517,1685.721,6287212.81481,0
1640931000000,3730.54,3737.07,3728.07,3735.46,1972.364,1640931299999,7364598.28127,3720,1180.974,4409530.34234,0
1640931300000,3735.47,3737.33,3723.13,3735.00,9809.949,1640931599999,36582098.54976,7392,3440.419,12833250.44277,0
1640931600000,3735.00,3745.62,3733.66,3744.31,3682.508,1640931899999,13777815.97592,5191,2589.869,9690726.96801,0
1640931900000,3744.30,3745.25,3738.55,3740.39,1444.116,1640932199999,5405149.11120,3187,583.791,2185105.53927,0
1640932200000,3740.40,3741.77,3736.44,3739.13,1221.308,1640932499999,4566521.06390,2679,551.272,2061425.99310,0
1640932500000,3739.14,3739.29,3734.55,3736.32,990.777,1640932799999,3701723.54800,2513,326.996,1221801.72608,0
1640932800000,3736.31,3739.30,3731.01,3731.90,1776.840,1640933099999,6636335.34768,2951,1149.712,4295081.65679,0
1640933100000,3732.03,3738.79,3731.01,3738.26,1154.441,1640933399999,4311312.71009,2357,940.026,3510599.45377,0
1640933400000,3738.27,3745.95,3735.85,3744.61,2149.247,1640933699999,8041121.21922,3409,1583.624,5925415.05988,0
1640933700000,3744.62,3745.00,3735.00,3736.86,1670.933,1640933999999,6247985.05359,2807,584.692,2186811.46619,0
1640934000000,3736.86,3745.86,3736.47,3745.00,1378.131,1640934299999,5158592.89614,3185,881.311,3298939.35111,0
1640934300000,3745.00,3747.16,3739.00,3741.99,1504.244,1640934599999,5631674.21074,3234,848.464,3177047.05132,0
1640934600000,3741.99,3742.50,3729.73,3729.74,2872.129,1640934899999,10727717.90189,4125,900.001,3361477.65981,0
1640934900000,3729.74,3733.14,3725.00,3726.62,3343.054,1640935199999,12464271.20933,5038,1144.383,4267761.42285,0
1640935200000,3726.63,3728.39,3718.48,3724.74,4105.336,1640935499999,15286050.24949,6461,1652.235,6153099.37879,0
1640935500000,3724.75,3727.03,3717.73,3717.85,3005.499,1640935799999,11185818.15752,5095,1267.918,4720210.66121,0
1640935800000,3717.85,3721.67,3711.80,3712.48,8264.383,1640936099999,30714710.29402,7564,4878.035,18129821.32227,0
1640936100000,3712.48,3713.32,3702.49,3705.64,8923.453,1640936399999,33085208.57706,8416,2824.636,10474142.18281,0
1640936400000,3705.64,3706.00,3685.00,3686.02,23602.637,1640936699999,87224002.37217,16702,6699.376,24761284.93492,0
1640936700000,3686.22,3695.52,3685.39,3691.99,6674.337,1640936999999,24633873.84626,9265,3501.661,12925406.80907,0
1640937000000,3691.99,3702.49,3688.65,3701.90,10682.893,1640937299999,39486073.68992,8982,7190.090,26581358.82351,0
1640937300000,3701.75,3720.61,3700.74,3718.41,16679.445,1640937599999,61849338.44990,12091,11770.280,43644932.34580,0
1640937600000,3718.40,3724.40,3711.06,3721.99,9574.637,1640937899999,35591641.67027,10477,5405.627,20097030.25782,0
1640937900000,3721.99,3724.96,3715.09,3724.22,6585.358,1640938199999,24497725.47043,7751,3497.804,13013885.25839,0
1640938200000,3724.22,3725.00,3712.00,3715.75,4728.311,1640938499999,17585915.72561,6774,1859.708,6917383.70468,0
1640938500000,3715.76,3722.13,3714.87,3716.63,2206.852,1640938799999,8206830.70495,4088,873.843,3250093.75231,0
1640938800000,3716.63,3786.74,3714.76,3781.74,38074.790,1640939099999,143063572.62214,34919,25071.957,94148111.65045,0
1640939100000,3781.66,3790.00,3763.85,3771.65,38864.341,1640939399999,146800879.21168,34896,19748.986,74613330.48096,0
1640939400000,3771.65,3800.00,3769.16,3795.81,21411.146,1640939699999,81076856.66677,24780,13071.149,49502148.52272,0
1640939700000,3795.81,3799.00,3784.84,3794.37,14915.507,1640939999999,56579943.37141,17039,6414.263,24338793.30228,0
1640940000000,3794.33,3798.60,3788.10,3794.02,8310.493,1640940299999,31533870.19886,10728,3933.709,14928124.91916,0
1640940300000,3794.02,3814.95,3794.02,3804.00,17764.743,1640940599999,67620862.96866,20918,9743.331,37087125.85891,0
1640940600000,3804.17,3807.34,3793.68,3797.61,9378.201,1640940899999,35648035.77647,10285,2750.127,10454379.06275,0
1640940900000,3797.61,3804.58,3795.07,3798.42,7111.218,1640941199999,27013810.20066,8451,3502.000,13305124.24093,0
1640941200000,3798.41,3806.78,3797.04,3798.79,9084.431,1640941499999,34541221.88753,9887,5176.246,19683562.44706,0
1640941500000,3798.79,3804.45,3796.23,3803.83,3570.358,1640941799999,13565734.17639,5891,1791.220,6807130.59805,0
1640941800000,3803.67,3809.90,3803.26,3806.11,4242.893,1640942099999,16152137.96734,7291,2151.413,8190662.37621,0
1640942100000,3805.99,3810.69,3793.96,3794.34,5955.515,1640942399999,22641274.90864,8680,1935.744,7361670.49746,0
1640942400000,3794.34,3796.91,3790.61,3791.89,5828.492,1640942699999,22108559.51576,7803,2011.543,7631238.71075,0
1640942700000,3791.90,3799.53,3790.00,3796.59,6811.563,1640942999999,25845221.74551,6870,4225.691,16038816.98207,0
1640943000000,3796.59,3799.90,3790.24,3790.98,4882.196,1640943299999,18520890.65022,6088,1290.893,4899092.03448,0
1640943300000,3790.98,3794.72,3788.01,3791.53,4872.863,1640943599999,18472452.74974,6578,1865.081,7071548.10924,0
1640943600000,3791.53,3793.35,3788.01,3788.38,3834.655,1640943899999,14531833.72331,5720,1246.307,4723527.07040,0
1640943900000,3788.38,3797.50,3788.38,3791.67,4015.152,1640944199999,15231426.93609,6334,2497.521,9475297.92042,0
1640944200000,3791.66,3794.50,3789.92,3790.30,1952.522,1640944499999,7403770.68024,3686,800.479,3035773.52134,0
1640944500000,3790.30,3796.74,3790.03,3794.28,1950.251,1640944799999,7396554.15902,3414,871.444,3305543.48141,0
1640944800000,3794.28,3797.83,3794.28,3794.71,1399.374,1640945099999,5311230.56321,3238,711.742,2701420.18179,0
1640945100000,3794.71,3795.54,3780.70,3786.45,6516.484,1640945399999,24681486.36077,6825,2217.569,8396499.92961,0
1640945400000,3786.45,3789.29,3783.55,3786.26,2222.949,1640945699999,8416964.15119,4826,1109.588,4201785.32425,0
1640945700000,3786.27,3791.72,3783.76,3791.40,4696.441,1640945999999,17792961.64772,4706,3749.628,14206629.25931,0
1640946000000,3791.40,3794.32,3788.39,3793.26,2994.164,1640946299999,11354044.59168,3872,2078.416,7881658.30753,0
1640946300000,3793.26,3795.00,3791.86,3794.17,2419.195,1640946599999,9178016.83887,2969,1553.811,5895104.83271,0
1640946600000,3794.17,3800.00,3793.29,3800.00,5367.812,1640946899999,20380610.45817,4536,3915.984,14868360.76488,0
1640946900000,3800.00,3803.00,3798.19,3800.45,6635.737,1640947199999,25221926.87253,4904,4325.261,16440046.74820,0
1640947200000,3800.46,3803.49,3798.88,3799.13,3049.690,1640947499999,11592806.81823,4187,1551.497,5898147.07990,0
1640947500000,3799.13,3800.00,3793.21,3793.58,3889.625,1640947799999,14763013.15042,4299,1099.552,4173927.92803,0
1640947800000,3793.58,3797.48,3792.47,3795.00,2310.299,1640948099999,8765985.98877,3372,960.883,3646393.08512,0
1640948100000,3794.99,3795.29,3766.07,3773.57,23993.472,1640948399999,90636786.61235,20912,7844.229,29613287.18316,0
1640948400000,3773.36,3786.89,3770.00,3780.68,10748.091,1640948699999,40609552.24734,10495,6679.380,25236227.58895,0
1640948700000,3780.68,3783.92,3777.03,3783.39,3169.970,1640948999999,11985722.59807,4569,1554.070,5876460.17570,0
1640949000000,3783.24,3783.50,3777.28,3777.39,1348.580,1640949299999,5099208.16276,3385,578.661,2188085.34716,0
1640949300000,3777.59,3783.92,3777.59,3783.43,2006.955,1640949599999,7589425.73621,3760,1152.240,4357187.77216,0
1640949600000,3783.44,3786.89,3781.11,3781.62,2498.435,1640949899999,9456146.86691,3763,1431.959,5419898.50815,0
1640949900000,3781.88,3786.52,3781.10,3784.26,2598.209,1640950199999,9833493.01413,3309,1586.675,6005235.00832,0
1640950200000,3784.14,3785.92,3781.36,3783.62,1645.035,1640950499999,6224732.54994,2999,531.949,2013010.89306,0
1640950500000,3783.62,3783.90,3778.95,3781.85,1418.208,1640950799999,5362417.58622,2930,619.304,2341672.09005,0
1640950800000,3781.85,3781.85,3776.71,3779.40,2205.772,1640951099999,8335268.26614,3713,789.914,2985135.48472,0
1640951100000,3779.39,3781.67,3775.18,3775.96,1464.567,1640951399999,5533109.93179,3264,582.573,2201272.46814,0
1640951400000,3775.95,3782.43,3774.62,3779.93,5627.940,1640951699999,21255816.85490,5809,1737.864,6566764.90374,0
1640951700000,3779.92,3780.81,3771.86,3778.65,3891.900,1640951999999,14696740.83344,4528,1959.391,7399302.08165,0
1640952000000,3778.65,3781.68,3775.33,3780.44,5150.601,1640952299999,19466439.77069,4198,3341.421,12630276.91125,0
1640952300000,3780.45,3780.45,3774.03,3778.92,2643.422,1640952599999,9984244.50384,3925,1607.054,6069971.05085,0
1640952600000,3778.89,3784.66,3777.09,3784.48,5669.500,1640952899999,21438568.35196,4193,4345.940,16435008.99543,0
1640952900000,3784.48,3788.31,3784.26,3786.58,3497.941,1640953199999,13244534.62617,4291,1935.230,7327029.49317,0
1640953200000,3786.58,3786.90,3781.68,3786.31,2309.816,1640953499999,8741022.74371,3793,1043.825,3950444.95502,0
1640953500000,3786.32,3786.66,3781.92,3781.92,1944.887,1640953799999,7360048.12536,3309,664.483,2514819.82366,0
1640953800000,3781.93,3789.12,3781.93,3788.01,4475.901,1640954099999,16951737.37623,5112,3060.834,11592928.40805,0
1640954100000,3788.01,3791.35,3787.26,3791.06,4490.846,1640954399999,17019957.07155,4382,3070.681,11638273.94186,0
1640954400000,3791.06,3799.53,3790.07,3793.82,5078.774,1640954699999,19272158.50664,5584,3469.323,13164691.52461,0
1640954700000,3793.82,3794.50,3785.40,3787.40,4183.959,1640954999999,15855598.91528,4248,1194.627,4528603.48043,0
1640955000000,3787.39,3788.77,3783.58,3788.40,2193.362,1640955299999,8305133.04027,3248,1018.643,3857569.23535,0
1640955300000,3788.40,3792.10,3786.42,3791.15,1499.344,1640955599999,5681896.72104,2385,924.182,3502455.54167,0
1640955600000,3791.15,3794.00,3789.18,3793.99,2676.982,1640955899999,10149592.28211,3561,1740.022,6597463.27204,0
1640955900000,3793.99,3796.56,3790.00,3791.22,2340.508,1640956199999,8879291.86214,4074,1295.613,4915549.98196,0
1640956200000,3791.21,3795.00,3788.44,3789.83,1325.753,1640956499999,5027141.73121,3111,826.666,3135043.33991,0
1640956500000,3789.84,3789.98,3782.50,3783.60,2266.991,1640956799999,8583173.70947,3907,578.295,2189501.78155,0
1640956800000,3783.92,3787.11,3783.17,3784.11,1796.631,1640957099999,6800347.06153,3425,834.152,3157524.27688,0
1640957100000,3784.10,3789.10,3782.50,3788.00,1415.946,1640957399999,5359646.62559,3103,653.002,2472116.44697,0
1640957400000,3787.81,3789.00,3785.24,3787.24,1131.329,1640957699999,4284280.07718,2803,442.947,1677462.04168,0
1640957700000,3787.24,3795.81,3786.52,3793.90,2446.004,1640957999999,9277139.99658,3562,1589.609,6028853.90834,0
1640958000000,3793.89,3796.53,3790.61,3796.48,1649.883,1640958299999,6259780.96464,3061,852.368,3234458.18648,0
1640958300000,3796.50,3797.89,3790.03,3790.62,2475.849,1640958599999,9391411.66048,4604,1179.820,4475178.77371,0
1640958600000,3790.61,3794.39,3789.59,3790.30,1746.845,1640958899999,6624718.86050,3269,734.058,2783992.10098,0
1640958900000,3790.29,3791.57,3788.01,3790.46,2159.558,1640959199999,8183628.57919,3180,870.325,3298346.60391,0
1640959200000,3790.46,3795.00,3788.75,3793.26,2151.704,1640959499999,8157376.86229,3744,747.906,2835791.13884,0
1640959500000,3793.26,3795.81,3789.86,3789.86,1119.864,1640959799999,4247267.77709,2959,377.806,1432981.71504,0
1640959800000,3789.86,3792.00,3786.52,3790.25,2488.494,1640960099999,9428847.45188,3514,852.161,3229355.47434,0
1640960100000,3790.24,3790.24,3784.66,3787.14,1985.590,1640960399999,7520034.29411,3694,608.886,2306509.48603,0
1640960400000,3787.15,3794.05,3785.77,3789.20,1971.065,1640960699999,7471229.19764,4070,1291.722,4896885.47648,0
1640960700000,3789.21,3796.93,3789.20,3796.41,1857.837,1640960999999,7048500.17296,3341,1305.906,4954987.08479,0
1640961000000,3796.40,3805.11,3791.23,3805.03,4956.483,1640961299999,18828485.92542,6513,3417.047,12983784.08312,0
1640961300000,3805.11,3811.80,3797.67,3798.49,8320.968,1640961599999,31668603.75667,8647,4484.186,17070741.46316,0
1640961600000,3798.49,3801.74,3790.61,3791.46,5234.956,1640961899999,19874367.60906,4436,955.296,3627410.45474,0
1640961900000,3791.78,3796.95,3791.69,3795.40,2283.557,1640962199999,8666229.66242,3495,732.268,2779015.93564,0
1640962200000,3795.40,3799.53,3795.00,3797.99,2161.193,1640962499999,8205839.58112,3483,1458.808,5538968.10261,0
1640962500000,3797.99,3801.16,3792.84,3792.84,3618.751,1640962799999,13741303.98520,3978,1652.362,6275344.25324,0
1640962800000,3792.84,3799.14,3791.35,3791.36,3481.942,1640963099999,13210595.84023,4296,1271.446,4824636.89587,0
1640963100000,3791.35,3794.68,3787.67,3790.79,4440.258,1640963399999,16829612.47459,4882,1642.759,6226120.79585,0
1640963400000,3790.79,3794.76,3787.26,3790.62,2092.721,1640963699999,7932251.94538,3309,777.854,2949374.09095,0
1640963700000,3790.62,3798.65,3789.86,3797.19,5559.224,1640963999999,21100552.00834,4451,3337.395,12670023.07345,0
1640964000000,3797.19,3802.13,3796.35,3797.06,3850.285,1640964299999,14629824.19182,4111,2606.485,9904425.26337,0
1640964300000,3797.07,3798.07,3792.84,3793.23,1286.263,1640964599999,4881570.46620,3542,417.382,1584015.62085,0
1640964600000,3793.23,3793.24,3784.35,3786.37,5601.108,1640964899999,21220009.88517,5617,1134.400,4298051.71133,0
1640964900000,3786.37,3795.34,3786.37,3787.67,3294.485,1640965199999,12488275.72727,4467,1878.975,7122503.77125,0
1640965200000,3788.07,3789.35,3785.39,3786.42,3314.832,1640965499999,12552430.43320,3545,856.485,3243408.42342,0
1640965500000,3786.43,3787.60,3777.77,3779.69,9685.619,1640965799999,36639522.67542,8762,2453.851,9280518.20486,0
1640965800000,3779.68,3780.60,3776.44,3778.30,3076.353,1640966099999,11623231.79568,5128,1470.622,5556382.94908,0
1640966100000,3778.29,3783.98,3771.46,3782.80,10828.204,1640966399999,40906184.80448,10527,4540.719,17163026.22633,0
1640966400000,3782.80,3784.29,3776.11,3782.15,5992.082,1640966699999,22661202.70471,5324,3889.721,14711231.87223,0
1640966700000,3782.15,3784.97,3780.82,3780.83,1996.825,1640966999999,7553479.61708,3238,1334.380,5047720.34337,0
1640967000000,3780.82,3786.33,3780.82,3783.35,1509.386,1640967299999,5711768.55818,2681,794.476,3006316.34392,0
1640967300000,3783.36,3786.31,3779.05,3780.08,3065.200,1640967599999,11592623.52935,3137,1204.607,4556640.13698,0
1640967600000,3780.08,3783.47,3779.08,3780.83,1713.039,1640967899999,6477029.91430,2609,673.084,2544953.41249,0
1640967900000,3780.82,3785.89,3780.82,3785.57,1415.027,1640968199999,5354595.34285,2633,814.350,3081425.67644,0
1640968200000,3785.57,3787.73,3776.51,3777.64,5332.349,1640968499999,20162897.44452,4716,1545.576,5847551.96745,0
1640968500000,3777.64,3778.00,3766.91,3770.15,4633.234,1640968799999,17476240.63881,6643,1400.575,5283164.01888,0
1640968800000,3770.16,3775.00,3770.03,3773.00,2483.833,1640969099999,9370043.33400,4596,1280.242,4829304.74869,0
1640969100000,3772.99,3774.99,3767.18,3769.11,4023.801,1640969399999,15177963.63812,4846,1825.775,6887338.92568,0
1640969400000,3769.11,3769.24,3747.98,3757.44,17022.265,1640969699999,63947674.35633,19871,6828.495,25650476.09028,0
1640969700000,3757.44,3757.68,3739.00,3745.54,14838.396,1640969999999,55606426.66626,15814,6418.066,24052529.61833,0
1640970000000,3745.54,3753.06,3741.52,3751.57,8990.752,1640970299999,33706163.60327,7528,5791.567,21716618.23857,0
1640970300000,3751.24,3753.06,3740.26,3740.78,6508.823,1640970599999,24387258.02895,6734,2501.411,9376663.11090,0
1640970600000,3740.78,3747.13,3732.00,3737.77,7766.915,1640970899999,29041212.17844,9647,2681.816,10030011.88260,0
1640970900000,3737.76,3742.01,3729.54,3732.20,5433.115,1640971199999,20300260.19931,7578,2282.667,8531201.68371,0
1640971200000,3732.19,3734.70,3713.82,3726.38,10705.527,1640971499999,39887415.47074,13775,4104.563,15291944.04441,0
1640971500000,3726.63,3731.61,3705.01,3711.50,11111.032,1640971799999,41287710.33030,14920,5579.693,20736211.55459,0
1640971800000,3711.52,3722.35,3707.54,3714.45,9245.211,1640972099999,34342780.78652,11317,4255.698,15812443.36548,0
1640972100000,3714.45,3724.43,3711.30,3724.43,4956.090,1640972399999,18443602.39280,6132,3483.406,12965739.92531,0
1640972400000,3724.42,3724.80,3715.46,3723.86,4174.829,1640972699999,15536161.56721,5445,2576.714,9590563.28380,0
1640972700000,3723.76,3724.80,3713.10,3720.75,4321.402,1640972999999,16064822.34389,5627,2060.309,7659969.61658,0
1640973000000,3720.74,3724.13,3713.12,3715.11,3509.423,1640973299999,13056643.54336,4981,2184.339,8127444.89348,0
1640973300000,3715.11,3722.07,3713.01,3720.85,2300.317,1640973599999,8553137.68639,3687,1309.598,4869899.27633,0
1640973600000,3720.84,3723.30,3716.54,3721.88,3024.731,1640973899999,11254684.32493,4417,1426.617,5308387.13352,0
1640973900000,3721.89,3722.41,3715.00,3719.36,2212.968,1640974199999,8228667.41013,4185,1237.524,4601831.31566,0
1640974200000,3719.28,3721.45,3711.27,3711.98,2296.735,1640974499999,8535163.49969,4050,1158.753,4306153.34430,0
1640974500000,3711.98,3723.13,3707.26,3721.67,4138.816,1640974799999,15379269.57253,5617,2521.965,9375642.60056,0
1640974800000,3721.67,3721.70,3716.36,3720.30,1779.523,1640975099999,6618881.70474,3731,1015.892,3778608.81446,0
1640975100000,3720.29,3723.48,3715.50,3716.22,1649.459,1640975399999,6135219.58121,3290,867.119,3225425.58911,0
1640975400000,3716.21,3720.59,3714.00,3717.79,1636.945,1640975699999,6084854.72531,3384,935.043,3476012.77361,0
1640975700000,3717.79,3721.89,3706.04,3709.15,3002.028,1640975999999,11146602.23393,4595,1171.294,4350658.53271,0
1640976000000,3709.14,3714.11,3694.13,3705.20,19142.255,1640976299999,70871650.17309,19733,8484.357,31416152.36252,0
1640976300000,3705.29,3712.60,3700.57,3707.08,3439.792,1640976599999,12752646.76744,5230,1413.672,5241707.65461,0
1640976600000,3707.08,3709.76,3700.32,3703.04,2822.148,1640976899999,10454672.29049,4995,1190.506,4409867.22462,0
1640976900000,3703.41,3707.87,3696.00,3704.19,4212.768,1640977199999,15594388.33521,5986,2623.885,9713610.38604,0
1640977200000,3704.18,3705.35,3698.24,3700.01,3036.665,1640977499999,11238911.18609,5018,1135.802,4203880.36782,0
1640977500000,3700.01,3703.50,3695.00,3697.00,2791.715,1640977799999,10326396.44259,5239,1211.888,4482902.07488,0
1640977800000,3697.00,3698.24,3688.00,3689.31,9778.344,1640978099999,36089191.82961,11501,4034.964,14892316.71363,0
1640978100000,3689.32,3689.45,3665.63,3668.33,16173.606,1640978399999,59481755.65519,22134,5804.620,21347890.46708,0
1640978400000,3668.33,3671.81,3656.61,3659.97,10901.864,1640978699999,39947374.90231,15699,4302.172,15768141.25869,0
1640978700000,3659.78,3673.42,3650.00,3653.09,11480.709,1640978999999,42007589.66770,14671,5330.468,19506420.53806,0
1640979000000,3653.09,3671.77,3642.13,3649.68,20462.690,1640979299999,74769938.14772,23897,8978.977,32822622.76029,0
1640979300000,3649.68,3658.84,3647.01,3650.74,4964.001,1640979599999,18138698.07364,7626,2810.152,10269588.07949,0
1640979600000,3650.75,3658.25,3645.00,3645.17,4905.642,1640979899999,17913684.02654,7317,2059.422,7523856.65340,0
1640979900000,3645.37,3652.96,3633.46,3637.97,9701.203,1640980199999,35332783.57057,13761,4306.433,15691331.20294,0
1640980200000,3637.96,3643.73,3628.88,3637.73,9535.992,1640980499999,34668714.90227,13939,4359.715,15854089.08655,0
1640980500000,3637.73,3637.73,3621.67,3625.33,7146.390,1640980799999,25929362.51162,11881,3187.293,11567095.68862,0
1640980800000,3625.77,3650.63,3621.32,3648.83,12629.649,1640981099999,45979540.01319,16274,7252.825,26404238.48472,0
1640981100000,3648.83,3662.06,3646.96,3648.34,9957.764,1640981399999,36407334.30583,12548,5131.220,18761167.51314,0
1640981400000,3648.33,3659.22,3647.89,3655.76,3835.601,1640981699999,14013662.57485,6306,2096.105,7658979.70267,0
1640981700000,3655.77,3657.60,3641.01,3649.59,4631.517,1640981999999,16891790.46248,7618,1906.015,6950697.09536,0
1640982000000,3649.58,3651.60,3641.52,3647.88,3209.237,1640982299999,11700245.71220,6591,1545.584,5635674.11234,0
1640982300000,3647.89,3659.99,3642.50,3657.60,5494.484,1640982599999,20083393.74584,6610,2777.783,10153272.51771,0
1640982600000,3657.44,3663.02,3650.25,3652.46,3130.999,1640982899999,11451975.22706,5527,1595.777,5837655.85819,0
1640982900000,3652.46,3654.00,3644.72,3649.32,2480.002,1640983199999,9050873.61765,4817,1428.024,5211483.23247,0
1640983200000,3649.32,3651.51,3643.83,3650.68,2482.519,1640983499999,9054304.65249,4089,1082.682,3949360.10974,0
1640983500000,3650.35,3651.46,3643.92,3649.18,2289.145,1640983799999,8350618.86010,3936,1103.881,4027350.16287,0
1640983800000,3649.04,3649.04,3640.50,3646.07,3129.944,1640984099999,11407251.03939,4665,1332.858,4857857.95830,0
1640984100000,3646.07,3648.81,3640.11,3644.54,2183.142,1640984399999,7955260.72366,4672,1157.293,4216915.01563,0
1640984400000,3644.71,3662.04,3644.71,3662.04,6503.783,1640984699999,23758846.40925,8096,4340.189,15857332.78963,0
1640984700000,3662.05,3663.00,3635.41,3643.54,6184.259,1640984999999,22546666.06209,9271,2468.424,9000574.88558,0
1640985000000,3643.55,3644.02,3633.20,3638.43,4606.358,1640985299999,16753660.19401,6419,2154.829,7837853.54961,0
1640985300000,3638.45,3644.29,3634.64,3643.48,3333.833,1640985599999,12134077.33375,4545,1924.739,7006819.79874,0
1640985600000,3643.48,3654.87,3641.32,3650.89,2788.974,1640985899999,10175770.15600,4558,1855.442,6769805.42966,0
1640985900000,3650.89,3659.11,3650.81,3659.09,2684.165,1640986199999,9809588.24460,4463,1633.095,5968625.95425,0
1640986200000,3659.09,3681.86,3658.73,3673.02,12506.756,1640986499999,45931482.68802,13092,8345.820,30652935.84760,0
1640986500000,3673.02,3699.06,3671.02,3683.89,11468.956,1640986799999,42281487.31590,14860,6936.727,25575677.76139,0
1640986800000,3683.90,3687.54,3676.40,3681.46,3781.593,1640987099999,13919334.46094,6647,1715.068,6313453.81460,0
1640987100000,3681.46,3686.52,3670.99,3680.97,6452.627,1640987399999,23719863.47397,6508,3788.055,13924899.63070,0
1640987400000,3680.96,3685.07,3675.24,3684.69,2373.106,1640987699999,8729162.51033,4431,907.883,3339852.13984,0
1640987700000,3684.70,3688.07,3678.59,3686.61,2255.721,1640987999999,8309049.64345,4200,963.658,3549643.19850,0
1640988000000,3686.61,3695.87,3683.35,3695.84,2741.631,1640988299999,10115593.49637,5434,1479.005,5458534.59596,0
1640988300000,3695.83,3698.00,3688.00,3695.19,5690.954,1640988599999,21012701.52014,6428,2489.984,9192548.31586,0
1640988600000,3695.19,3710.09,3692.96,3700.65,7681.972,1640988899999,28444957.32075,9921,5368.647,19879875.41512,0
1640988900000,3700.65,3712.56,3696.75,3697.62,4049.045,1640989199999,15001303.21004,7339,2049.093,7594037.24816,0
1640989200000,3697.61,3703.81,3695.96,3698.11,3511.418,1640989499999,12988570.17757,5240,1442.832,5337770.50259,0
1640989500000,3698.11,3698.41,3688.95,3690.48,3577.360,1640989799999,13213553.75041,4422,559.358,2067139.13307,0
1640989800000,3690.49,3690.49,3683.00,3683.25,2729.857,1640990099999,10066151.80129,4389,818.021,3016327.84249,0
1640990100000,3683.25,3685.49,3682.25,3683.94,934.053,1640990399999,3441382.52541,2906,469.931,1731446.04442,0
1640990400000,3683.94,3683.95,3676.28,3676.28,1853.457,1640990699999,6819556.86001,4041,545.434,2006796.55824,0
1640990700000,3676.28,3691.20,3671.85,3681.90,3068.017,1640990999999,11300986.57866,5572,1775.708,6540498.91667,0
1640991000000,3681.90,3689.84,3676.82,3684.37,1996.327,1640991299999,7354345.90741,3695,1087.249,4005797.69349,0
1640991300000,3684.36,3687.04,3680.00,3681.23,956.153,1640991599999,3522327.62355,2572,382.623,1409516.52851,0
1640991600000,3681.24,3692.29,3680.28,3691.68,1853.484,1640991899999,6834040.32600,3474,1259.363,4643408.57936,0
1640991900000,3691.69,3693.79,3686.01,3693.08,1602.794,1640992199999,5915595.75029,3364,912.900,3369405.62042,0
1640992200000,3693.09,3693.90,3688.58,3689.38,939.858,1640992499999,3469692.12498,2501,468.665,1730109.64026,0
1640992500000,3689.38,3694.51,3687.00,3693.04,944.842,1640992799999,3487729.58248,2432,474.115,1750156.22904,0
1640992800000,3693.05,3693.05,3682.51,3686.62,1423.034,1640993099999,5245325.84410,2603,592.092,2182072.00240,0
1640993100000,3686.63,3691.99,3684.64,3684.65,1133.559,1640993399999,4181892.95577,2371,639.679,2360085.92282,0
1640993400000,3684.65,3697.14,3684.64,3694.98,1475.827,1640993699999,5447869.02079,3395,750.554,2770442.08386,0
1640993700000,3694.98,3695.14,3687.46,3687.73,1183.399,1640993999999,4368215.64747,2807,566.648,2091695.44155,0
1640994000000,3687.73,3694.82,3687.72,3692.70,1423.692,1640994299999,5255285.02637,2890,838.490,3095194.60927,0
1640994300000,3692.75,3692.75,3684.65,3685.96,1648.240,1640994599999,6080569.54276,3204,443.602,1636171.95119,0
1640994600000,3685.96,3685.97,3676.42,3678.54,2076.022,1640994899999,7642263.05286,3974,851.031,3133317.59634,0
1640994900000,3678.54,3678.91,3671.81,3676.02,2807.368,1640995199999,10319105.67797,4508,1546.948,5686378.54556,0
